4701011555 8101310302723 3 7123  4  5  4 15 12  9  2  3  70.31 76000.00
4701021555 9 3 7231720433020163  2  3  9  6  7 32 15  7 100.63 62000.00
470103155510 320272027373743213  2  7 12  7 12 22 22 32 140.84 54000.00
4701041555113023104740434030263 15  9  4 39 27 32 27 15 211.15 53000.00
4701051555123337373737434730300 18 22 22 22 22 32 39 15 241.26 47000.00
4701061555134343373340303027283 32 32 22 18 27 15 15 12 221.15 56000.00
4701071555142730272327201327193 12 15 12  9 12  7  5 12 100.63 87000.00
47010815551523272723 71310 7137  9 12 12  9  3  5  4  3  70.42 94000.00
470109155516 7 310 7 3 7 0 7 43  3  2  4  3  2  3  0  3  20.00 91000.00
47011015551710 0 3 0 0 7 3 7 30  4  0  2  0  0  3  2  3  20.00102000.00
470111155518 3 3 0 7 3 3 3 3 27  2  2  0  3  2  2  2  2  20.00119000.00
470112155519 0 3 3 3 7 7 7 7 37  0  2  2  2  3  3  3  3  20.00121000.00
470113155520 3 3 3 3 7 7 710 43  2  2  2  2  3  3  3  4  30.00115000.00
47011415552110 3 310101010 3 60  4  2  2  4  4  4  4  2  30.10150000.00
470115155522 310102310102017103  2  4  4  9  4  4  7  6  50.21187000.00
4701161555232363403037475043333  9 94 27 15 22 39 48 32 361.46174000.00
4701171555243727234027132330220 22 12  9 27 12  5  9 15 140.84191000.00
4701181555252710232323302320180 12  4  9  9  9 15  9  7  90.52199000.00
4701191555262720233013101330167 12  7  9 15  5  4  5 15  90.52192000.00
4701201555272017 7 7 7132317110  7  6  3  3  3  5  9  6  50.21183000.00
4701211556 130231310101317 3120 15  9  5  4  4  5  6  2  60.31161000.00
4701221556 213 3201313232327137  5  2  7  5  5  9  9 12  70.31155000.00
4701231556 31720 31017172017120  6  7  2  4  6  6  7  6  60.21157000.00
4701241556 4 317574030303337247  2  6 67 27 15 15 18 22 221.15150000.00
4701251556 54363635753574747430 32 94 94 67 56 67 39 39 611.77135000.00
4701261556 64053473740403720313 27 56 39 22 27 27 22  7 281.26111000.00
4701271556 73033232737334023247 15 18  9 12 22 18 27  9 160.94 85000.00
4701281556 84023231020132723180 27  9  9  4  7  5 12  9 100.63 72000.00
4701291556 910372330332713 3177  4 22  9 15 18 12  5  2 110.63 56000.00
4701301556101710132017 7 337123  6  4  5  7  6  3  2 22  70.31 67000.00
47013115561123231713 3 3 723113  9  9  6  5  2  2  3  9  60.31 84000.00
4702011556122730331320 71713160 12 15 18  5  7  3  6  5  90.52 64000.00
470202155613 0 3 31010131710 67  0  2  2  4  4  5  6  4  30.10 90000.00
47020315561410 3273010272710143  4  2 12 15  4 12 12  4  80.42 85000.00
4702041556153340302733171320213 18 27 15 12 18  6  5  7 140.84 94000.00
47020515561617 0 72020101310 97  6  0  3  7  7  4  5  4  40.21115000.00
4702061556171723402723202023193  6  9 27 12  9  7  7  9 110.63110000.00
470207155618 3 0272733232713153  2  0 12 12 18  9 12  5  90.52120000.00
4702081556192317404343434050300  9  6 27 32 32 32 27 48 271.26130000.00
4702091556203747333020274743283 22 39 18 15  7 12 39 32 231.15153000.00
4702101556213317234037331313210 18  6  9 27 22 18  5  5 140.84162000.00
470211155622101010 713132030113  4  4  4  3  5  5  7 15  60.31213000.00
47021215562310 713132020 717107  4  3  5  5  7  7  3  6  50.21206000.00
47021315562410131717231010 3103  4  5  6  6  9  4  4  2  50.21192000.00
470214155625 0 0171310131710 80  0  0  6  5  4  5  6  4  40.10199254.00
470215155626 7 713171717 7 3 87  3  3  5  6  6  6  3  2  40.10166000.00
470216155627 737436057604347353  3 22 32 80 67 80 32 39 441.57157000.00
4702171557 16360533730402717327 94 80 56 22 15 27 12  6 391.46154228.80
4702181557 23027303027232327217 15 12 15 15 12  9  9 12 120.73130000.00
4702191557 32320302743504743283  9  7 15 12 32 48 39 32 241.26110179.00
4702201557 447371713131010 3150 39 22  6  5  5  4  4  2 110.63125163.70
4702211557 5 0 3 71320 3 310 60  0  2  3  5  7  2  2  4  30.10100000.00
4702221557 6 0 3 7 7 7 31017 53  0  2  3  3  3  2  4  6  30.10 92000.00
4702231557 7 3 3 310 3 7 3 3 37  2  2  2  4  2  3  2  2  20.00 93000.00
4702241557 82017102330202013153  7  6  4  9 15  7  7  5  80.42 96164.30
4702251557 91320203733171733190  5  7  7 22 18  6  6 18 110.63129192.80
4702261557104340272320171023203 32 27 12  9  7  6  4  9 130.84158171.20
470227155711203310131310 3 7110  7 18  4  5  5  4  2  3  60.31156000.00
4702281557121010201323171727137  4  4  7  5  9  6  6 12  70.31135233.50
4703011557132313171317 71320123  9  5  6  5  6  3  5  7  60.31103000.00
4703021557142040676763537067447  7 27111111 94 56132111 811.87134000.00
4703031557157050677063578380540132 48111132 94 672362071281.98110000.00
4703041557167370736740335030437154132154111 27 18 48 15 821.87163000.00
4703051557173323332323171313180 18  9 18  9  9  6  5  5 100.63175306.10
4703061557182317172317131313137  9  6  6  9  6  5  5  5  60.31198305.90
470307155719 727374347373320250  3 12 22 32 39 22 18  7 191.05207321.30
4703081557202033535777736770450  7 18 56 67179154111132 901.87210345.40
4703091557216753575043303730367111 56 67 48 32 15 22 15 461.57212000.00
47031015572220231313231317 7130  7  9  5  5  9  5  6  3  60.31195325.80
470311155723 3 3272720 7 710103  2  2 12 12  7  3  3  4  60.31206303.30
4703121557242337303747401720250  9 22 15 22 39 27  6  7 181.05164305.20
4703131557252023373043303323240  7  9 22 15 32 15 18  9 160.94150359.60
4703141557262737433343533323293 12 22 32 18 32 56 18  9 251.26115267.10
4703151557273037637367734033417 15 22 94154111154 27 18 741.87 96223.10
4703161558 12023271727434747250  7  9 12  6 12 32 39 39 201.05 76000.00
4703171558 25347433033232727283 56 39 32 15 18  9 12 12 241.26 59179.70
4703181558 32727 72730333733220 12 12  3 12 15 18 22 18 140.84 46157.10
4703191558 4302727 717273020183 15 12 12  3  6 12 15  7 100.63 34141.00
4703201558 53343301717173020207 18 32 15  6  6  6 15  7 130.84 47141.10
4703211558 61717172323271030163  6  6  6  9  9 12  4 15  80.52 83149.70
4703221558 72050473730303013257  7 48 39 22 15 15 15  5 211.15 91159.10
4703231558 82737374747633333323 12 22 22 39 39 94 18 18 331.36121000.00
4703241558 94760532723272723287 39 80 56 12  9 12 12  9 291.36115164.40
4703251558102330333017172737213  9 15 18 15  6  6 12 22 130.73113160.70
4703261558114347404037373333310 32 39 27 27 22 22 18 18 261.26111181.70
4703271558123040474723334047307 15 27 39 39  9 18 27 39 271.26130194.30
4703281558136367634760605053463 94111 94 39 80 80 48 56 751.87130199.10
4703291558144023202030274737243 27  9  7  7 15 12 39 22 170.94138226.80
4703301558155750334047434330343 67 48 18 27 39 32 32 15 351.46141226.90
47033115581633434340433713 7260 18 32 32 27 32 22  5  3 211.15151258.10
4704011558171317303027201317167  5  6 15 15 12  7  5  6  90.52168252.20
47040215581813202323333013 7163  5  7  9  9 18 15  5  3  90.52170261.00
4704031558192737201313333730210 12 22  7  5  5 18 22 15 130.84194302.00
4704041558202727404340403340290 12 12 27 32 27 27 18 27 231.15194296.60
4704051558213717132720232717180 22  6  5 12  7  9 12  6 100.63182347.60
4704061558224043374330302717267 27 32 22 32 15 15 12  6 201.05212000.00
4704071558231323132330371023173  5  9  5  9 15 22  4  9 100.52226458.10
470408155824 717133333231357197  3  6  5 18 18  9  5 67 160.94212425.00
4704091558255040575340332327323 48 27 67 56 27 18  9 12 331.36182357.70
470410155826302337232317 727187 15  9 22  9  9  6  3 12 110.63171336.20
4704111558273330273033332030237 18 15 12 15 18 18  7 15 150.84143300.00
4704121559 11327233023272740210  5 12  9 15  9 12 12 27 130.73120235.60
4704131559 23327202327232017190 18 12  7  9 12  9  7  6 100.63 92000.00
4704141559 32330302723173327210  9 15 15 12  9  6 18 12 120.73108169.10
4704151559 44040273033302327250 27 27 12 15 18 15  9 12 170.94 98000.00
4704161559 53317302327333030223 18  6 15  9 12 18 15 15 140.84 75000.00
4704171559 63737171763678783407 22 22  6  6 941113002361001.98 78158.10
4704181559 75343305357574060393 56 32 15 56 67 67 27 80 501.67 85159.90
4704191559 84333374737401343293 32 18 22 39 22 27  5 32 251.26 87155.20
4704201559 93350504337374720317 18 48 48 32 22 22 39  7 301.36 96000.00
47042115591013333713 3 31010123  5 18 22  5  2  2  4  4  80.42 90159.20
470422155911 7 710 7 310 0 3 47  3  3  4  3  2  4  0  2  30.00 81167.20
4704231559121020 3 7101710 7 83  4  7  2  3  4  6  4  3  40.10 95189.00
470424155913 3 7 7 7 7 7 0 3 40  2  3  3  3  3  3  0  2  20.00110229.50
470425155914 7 3 32317473017147  3  2  2  9  6 39 15  6 100.63222240.60
4704261559152313202023404337220  9  5  7  7  9 27 32 22 150.84198300.40
4704271559162720303737303013223 12  7 15 22 22 15 15  5 140.84191000.00
4704281559172037301333232720203  7 22 15  5 18  9 12  7 120.73216285.40
4704291559181020273340201317180  4  7 12 18 27  7  5  6 110.63214298.30
4704301559192730272727273020213 12 15 12 12 12 12 15  7 120.73185296.20
4705011559203040371733272320227 15 27 22  6 18 12  9  7 140.84169262.70
4705021559211013 3 010 3 313 57  4  5  2  0  4  2  2  5  30.10159269.30
47050315592210201713201013 7110  4  7  6  5  7  4  5  3  50.21177276.90
47050415592310101723 7 720 7100  4  4  6  9  3  3  7  3  50.21188000.00
4705051559242330231710272710167  9 15  9  6  4 12 12  4  90.52149267.10
470506155925 3 7102023302723143  2  3  4  7  9 15 12  9  80.42158223.50
4705071559263010101313 7 7 7 97 15  4  4  5  5  3  3  3  50.21162240.20
470508155927 3 3 710 7 7 3 7 47  2  2  3  4  3  3  2  3  30.00158230.60
4705091560 1 710 3 3 3 7 7 3 43  3  4  2  2  2  3  3  2  30.00154224.60
4705101560 2 3 7131713101313 90  2  3  5  6  5  4  5  5  40.21159226.00
4705111560 313 7102020203023143  5  3  4  7  7  7 15  9  70.42165000.00
4705121560 44327172723172030203 32 12  6 12  9  6  7 15 120.73171240.30
4705131560 53023272023334347247 15  9 12  7  9 18 32 39 181.05147261.20
4705141560 64343374340303720293 32 32 22 32 27 15 22  7 241.15133195.30
4705151560 73740334037434750327 22 27 18 27 22 32 39 48 291.36114185.90
4705161560 85050504747373043353 48 48 48 39 39 22 15 32 361.46130235.60
4705171560 92730302733273330237 12 15 15 12 18 12 18 15 150.84155239.70
4705181560103023272023434333243 15  9 12  7  9 32 32 18 170.94169000.00
4705191560112330332320271317187  9 15 18  9  7 12  5  6 100.63211253.50
4705201560121017202320131723143  4  6  7  9  7  5  6  9  70.31206289.30
4705211560132313301720102023157  9  5 15  6  7  4  7  9  80.42224336.10
4705221560141710 31313131347130  6  4  2  5  5  5  5 39  90.52258301.00
4705231560153757503030302017270 22 67 48 15 15 15  7  6 241.26295336.00
4705241560163733776743333037357 22 18179111 32 18 15 22 521.67300000.00
4705251560173323233033202327213 18  9  9 15 18  7  9 12 120.73323000.00
4705261560182730373737403343283 12 15 22 22 22 27 18 32 211.15321307.60
4705271560193037332327372323233 15 22 18  9 12 22  9  9 140.84290301.50
4705281560202017132350473733240  7  6  5  9 48 39 22 18 191.05273346.70
4705291560212323303347504020267  9  9 15 18 39 48 27  7 221.15264335.70
47053015602220131010 3171017100  7  5  4  4  2  6  4  6  50.21225297.40
4705311560231017232723374340220  4  6  9 12  9 22 32 27 150.94233260.70
4706011560245757433327132010260 67 67 32 18 12  5  7  4 261.26221000.00
470602156025 313101310201020100  2  5  4  5  4  7  4  7  50.21206260.00
47060315602627372317171717 7160 12 22  9  6  6  6  6  3  90.52167225.50
4706041560271313172013271710130  5  5  6  7  5 12  6  4  60.31137221.10
4706051561 11323604737404353317  5  9 80 39 22 27 32 56 341.36136221.20
4706061561 2571317 710 71720147 67  5  6  3  4  3  6  7 130.73154216.80
4706071561 32030233030303750250  7 15  9 15 15 15 22 48 181.05158244.80
4706081561 44350302330373330277 32 48 15  9 15 22 18 15 221.15132000.00
4706091561 53040333027332733253 15 27 18 15 12 18 12 18 170.94104000.00
4706101561 62733272723172320197 12 18 12 12  9  6  9  7 110.63100246.70
4706111561 72017272023232017167  7  6 12  7  9  9  7  6  80.42100188.30
4706121561 81317231020132327147  5  6  9  4  7  5  9 12  70.42 91151.10
4706131561 92720232023474357260 12  7  9  7  9 39 32 67 231.15 96175.50
4706141561106370535343436033420 94132 56 56 32 32 80 18 621.77 96176.40
4706151561113333273727302020227 18 18 12 22 12 15  7  7 140.84117000.00
4706161561122010101317171723127  7  4  4  5  6  6  6  9  60.31155183.60
4706171561132050473747605733350  7 48 39 22 39 80 67 18 401.46190215.20
4706181561142033273717173330213  7 18 12 22  6  6 18 15 130.73228259.10
4706191561152740232723332727227 12 27  9 12  9 18 12 12 140.84270287.10
4706201561162013272020232317163  7  5 12  7  7  9  9  6  80.42251279.20
4706211561171717202313202033163  6  6  7  9  5  7  7 18  80.42242296.50
4706221561182733202323373333230 12 18  7  9  9 22 18 18 140.84222000.00
4706231561193727302740402017237 22 12 15 12 27 27  7  6 160.94219291.70
4706241561202030202323332327200  7 15  7  9  9 18  9 12 110.63193266.80
4706251561213047474040272330283 15 39 39 27 27 12  9 15 231.15186270.40
4706261561222033404330403033270  7 18 27 32 15 27 15 18 201.05151242.40
4706271561233010171017131710123 15  4  6  4  6  5  6  4  60.31146227.40
4706281561241330203023232320183  5 15  7 15  9  9  9  7 100.52144252.70
47062915612513231713 7101317113  5  9  6  5  3  4  5  6  50.21163000.00
4706301561263020332723202717197 15  7 18 12  9  7 12  6 110.63143212.70
4707011561272723201320372730197 12  9  7  5  7 22 12 15 110.63145000.00
4707021562 13037302333372730247 15 22 15  9 18 22 12 15 160.94129201.10
4707031562 21017302013201320143  4  6 15  7  5  7  5  7  70.42148202.80
4707041562 3 7131010 7 7 3 7 63  3  5  4  4  3  3  2  3  30.10136210.50
4707051562 410 7 7 7 3101320 77  4  3  3  3  2  4  5  7  40.10131204.20
4707061562 52313201723272320167  9  5  7  6  9 12  9  7  80.42135000.00
4707071562 62323131020232727167  9  9  5  4  7  9 12 12  80.52166216.70
4707081562 72320232027333330210  9  7  9  7 12 18 18 15 120.73128205.50
4707091562 82720201713173033177 12  7  7  6  5  6 15 18 100.52165201.60
4707101562 93727232020302330210 22 12  9  7  7 15  9 15 120.73167211.30
4707111562102720202330232337203 12  7  7  9 15  9  9 22 110.63136218.00
4707121562112733171720172720177 12 18  6  6  7  6 12  7  90.52135211.20
4707131562123023202023302723197 15  9  7  7  9 15 12  9 100.63163000.00
470714156213171010 310232720120  6  4  4  2  4  9 12  7  60.31193223.60
4707151562142730171010231713147 12 15  6  4  4  9  6  5  80.42202233.40
470716156215331710 3 7 7 710 93 18  6  4  2  3  3  3  4  50.21197268.00
47071715621610 7 72013708077283  4  3  3  7  5132207179 681.77200280.00
4707181562176053536067676350473 80 56 56 80111111 94 48 801.87179260.00
4707191562185343334737374023313 56 32 18 39 22 22 27  9 281.26210262.60
4707201562193347404347533330327 18 39 27 32 39 56 18 15 301.36203000.00
4707211562202333302727203017207  9 18 15 12 12  7 15  6 120.73210252.30
4707221562212020273330333737237  7  7 12 18 15 18 22 22 150.94195264.70
4707231562223333434037274037290 18 18 32 27 22 12 27 22 221.15177245.10
4707241562232337232330302320210  9 22  9  9 15 15  9  7 120.73161244.10
4707251562243330273040403327260 18 15 12 15 27 27 18 12 181.05153208.20
4707261562253343373037333030273 18 32 22 15 22 18 15 15 201.05152208.70
4707271562262333473743302723263  9 18 39 22 32 15 12  9 201.05133000.00
4707281562272313272020132020157  9  5 12  7  7  5  7  7  70.42123169.10
4707291563 123272330302713 3177  9 12  9 15 15 12  5  2 100.63105175.20
4707301563 2 71320 7 7101320 97  3  5  7  3  3  4  5  7  50.21105181.90
4707311563 31710101723202730153  6  4  4  6  9  7 12 15  80.42113218.60
4708011563 43727403323403720257 22 12 27 18  9 27 22  7 181.05134223.20
4708021563 51323373027303033223  5  9 22 15 12 15 15 18 140.84152238.20
4708031563 62010232323232727177  7  4  9  9  9  9 12 12  90.52196000.00
4708041563 72327233320171723183  9 12  9 18  7  6  6  9 100.52204251.70
4708051563 823231017171320 7130  9  9  4  6  6  5  7  3  60.31192248.60
4708061563 92020203330273030210  7  7  7 18 15 12 15 15 120.73204260.00
4708071563102323171313132717147  9  9  6  5  5  5 12  6  70.42243304.50
470808156311332013172320 7 7140 18  7  5  6  9  7  3  3  70.42253298.20
47080915631210202013 7101033123  4  7  7  5  3  4  4 18  60.31297316.20
4708101563131720232320171320153  6  7  9  9  7  6  5  7  70.42311000.00
4708111563141723232733271730197  6  9  9 12 18 12  6 15 110.63303323.50
4708121563154750434730273040313 39 48 32 39 15 12 15 27 281.26283328.20
4708131563163323332733534350297 18  9 18 12 18 56 32 48 261.26283302.20
4708141563174727201720232323200 39 12  7  6  7  9  9  9 120.73273304.20
4708151563181010205757605373340  4  4  7 67 67 80 56154 551.67269279.00
4708161563197337335053535043393154 22 18 48 56 56 48 32 541.67246234.30
4708171563204750535347606057427 39 48 56 56 39 80 80 67 581.77203000.00
4708181563216357535353475353433 94 67 56 56 56 39 56 56 601.77174208.20
4708191563224037435357634760400 27 22 32 56 67 94 39 80 521.67138197.00
4708201563236040504047573747377 80 27 48 27 39 67 22 39 441.57124179.80
4708211563245350435040475043377 56 48 32 48 27 39 48 32 411.57100164.70
4708221563252740508363604743413 12 27 48236 94 80 39 32 711.87 85159.50
4708231563267053434360504733400132 56 32 32 80 48 39 18 551.67 70155.00
4708241563273337433737273733283 18 22 32 22 22 12 22 18 211.15 78000.00
4708251564 14040435340402727310 27 27 32 56 27 27 12 12 281.26 90156.60
4708261564 22027373730202023213  7 12 22 22 15  7  7  9 130.73 88179.30
4708271564 3333343331710 7 7183 18 18 32 18  6  4  3  3 130.73117190.20
4708281564 41313131717272743170  5  5  5  6  6 12 12 32 100.63151199.70
4708291564 53733273027332323233 22 18 12 15 12 18  9  9 140.84177213.70
4708301564 62330271317101313147  9 15 12  5  6  4  5  5  80.42201248.70
4708311564 71020202730403733217  4  7  7 12 15 27 22 18 140.84213000.00
4709011564 83027202713133320183 15 12  7 12  5  5 18  7 100.63231000.00
4709021564 92013201720132043167  7  5  7  6  7  5  7 32 100.52196264.10
4709031564104040737360606057463 27 27154154 80 80 80 67 841.87230238.60
4709041564114750434050474033350 39 48 32 27 48 39 27 18 351.46183235.50
4709051564123323303033274040257 18  9 15 15 18 12 27 27 181.05196231.00
4709061564134023272733474733277 27  9 12 12 18 39 39 18 221.15198235.20
4709071564144737373050576747370 39 22 22 15 48 67111 39 451.57240000.00
4709081564155033433023231310227 48 18 32 15  9  9  5  4 181.05272233.30
47090915641630 7101013131713113 15  3  4  4  5  5  6  5  60.31232222.50
4709101564171013 7 3 3101010 67  4  5  3  2  2  4  4  4  40.10195230.40
470911156418 3 7133033504033210  2  3  5 15 18 48 27 18 170.94185187.50
4709121564192730403720203340247 12 15 27 22  7  7 18 27 170.94184183.50
4709131564205053535057334057393 48 56 56 48 67 18 27 67 481.67156200.80
4709141564214353576053634750427 32 56 67 80 56 94 39 48 591.77140000.00
4709151564225347575053635757437 56 39 67 48 56 94 67 67 621.77126169.90
4709161564233337401317334050263 18 22 27  5  6 18 27 48 211.15120161.10
4709171564245760534747535053420 67 80 56 39 39 56 48 56 551.67145159.70
4709181564255050434347504753383 48 48 32 32 39 48 39 56 431.57128161.30
4709191564263743433333433743313 22 32 32 18 18 32 22 32 261.26100157.80
4709201564274337373030431737273 32 22 22 15 15 32  6 22 211.15 88148.40
4709211565 13040433337373333287 15 27 32 18 22 22 18 18 221.15 92000.00
4709221565 21740504743504343333  6 27 48 39 32 48 32 32 331.36 94157.10
4709231565 34763575353171327330 39 94 67 56 56  6  5 12 421.57102184.80
4709241565 43747534370737370467 22 39 56 32132154154132 901.87122219.50
4709251565 57773736060575047497179154154 80 80 67 48 391001.98142219.40
4709261565 64040201727232733227 27 27  7  6 12  9 12 18 150.84167209.20
4709271565 73733232030202027210 22 18  9  7 15  7  7 12 120.73187201.80
4709281565 83020133027272027193 15  7  5 15 12 12  7 12 110.63195000.00
4709291565 92327202717232030187  9 12  7 12  6  9  7 15 100.52207205.40
4709301565103023131713 74330177 15  9  5  6  5  3 32 15 110.63229228.70
4710011565114357534337235047353 32 67 56 32 22  9 48 39 381.46221204.50
4710021565124053474757676057427 27 56 39 39 67111 80 67 611.77225000.00
4710031565136767474043132340340111111 39 27 32  5  9 27 451.57250249.70
4710041565142323272723231710173  9  9 12 12  9  9  6  4  90.52275271.70
4710051565151013131720171727133  4  5  5  6  7  6  6 12  60.31238000.00
4710061565162020203030172323183  7  7  7 15 15  6  9  9  90.52250238.10
4710071565171313233313374743223  5  5  9 18  5 22 39 32 170.94179243.00
4710081565181733332730302323217  6 18 18 12 15 15  9  9 130.73184236.30
4710091565194343435057605353403 32 32 32 48 67 80 56 56 501.67152226.70
4710101565205750575753535753437 67 48 67 67 56 56 67 56 601.77140212.80
4710111565215053474037575347383 48 56 39 27 22 67 56 39 441.57121202.20
4710121565226047574750435330387 80 39 67 39 48 32 56 15 471.57105195.40
4710131565234343433017474347313 32 32 32 15  6 39 32 39 281.26 84000.00
4710141565244347605340435050387 32 39 80 56 27 32 48 48 451.57 84159.80
4710151565253353504360434060383 18 56 48 32 80 32 27 80 471.57104151.30
4710161565264037404037502013277 27 22 27 27 22 48  7  5 231.15106161.00
4710171565273727273040333713243 22 12 12 15 27 18 22  5 170.94113167.50
4710181566 12027373323403037247  7 12 22 18  9 27 15 22 160.94123151.00
4710191566 22730333737436333303 12 15 18 22 22 32 94 18 291.36130000.00
4710201566 33337372730334047283 18 22 22 12 15 18 27 39 221.15128191.60
4710211566 43730272320333027227 22 15 12  9  7 18 15 12 140.84128191.00
4710221566 53037302327131017187 15 22 15  9 12  5  4  6 110.63146213.50
4710231566 62340373327333323250  9 27 22 18 12 18 18  9 170.94183230.90
4710241566 74333232320201323200 32 18  9  9  7  7  5  9 120.73220237.10
4710251566 833 7131720131710130 18  3  5  6  7  5  6  4  70.31229237.00
4710261566 9 71317 7 3 710 7 70  3  5  6  3  2  3  4  3  40.10233000.00
471027156610 3 0 71710 7 3 7 53  2  0  3  6  4  3  2  3  30.10201226.10
47102815661113 3 3 310 310 7 53  5  2  2  2  4  2  4  3  30.10169213.10
471029156612 3 3 3 7131713 7 67  2  2  2  3  5  6  5  3  40.10127198.50
47103015661310 7 7 7 7271317 93  4  3  3  3  3 12  5  6  50.21117198.00
471031156614 727272027232027177  3 12 12  7 12  9  7 12  90.52107191.00
4711011566152317233327102030183  9  6  9 18 12  4  7 15 100.63101188.00
47110215661630372013 7 310 7127 15 22  7  5  3  2  4  3  80.42 98000.00
471103156617 310 72313171723113  2  4  3  9  5  6  6  9  60.21 74153.60
4711041566182710 72727371717167 12  4  3 12 12 22  6  6 100.52 80145.10
4711051566191310 31010 3 713 70  5  4  2  4  4  2  3  5  40.10 81146.20
471106156620 3 3 0 3 3 7 3 7 30  2  2  0  2  2  3  2  3  20.00 76132.90
471107156621 0 0 7 713131327 80  0  0  3  3  5  5  5 12  40.10 83131.60
4711081566222027333733333330247  7 12 18 22 18 18 18 15 160.94 69000.00
4711091566233333335063536770403 18 18 18 48 94 56111132 621.77 72000.00
4711101566246743404043405060383111 32 27 27 32 27 48 80 481.67 50133.70
4711111566256033474367575040397 80 18 39 32111 67 48 27 531.67 59000.00
4711121566264353373030332327277 32 56 22 15 15 18  9 12 221.15 90156.50
4711131566273730234023232720223 22 15  9 27  9  9 12  7 140.84 97162.40
4711141567 11720203033302723200  6  7  7 15 18 15 12  9 110.63107167.90
4711151567 23733332723232327227 22 18 18 12  9  9  9 12 140.84192187.80
4711161567 33337333727171033227 18 22 18 22 12  6  4 18 150.84168000.00
4711171567 4232320232317 3 3137  9  9  7  9  9  6  2  2  70.31160175.20
4711181567 52320301323272020177  9  7 15  5  9 12  7  7  90.52175184.90
4711191567 62040403730303030257  7 27 27 22 15 15 15 15 181.05180195.10
4711201567 72010173017202027160  7  4  6 15  6  7  7 12  80.42182197.10
4711211567 81017132320333020167  4  6  5  9  7 18 15  7  90.52190208.50
4711221567 9 313 723272017 7117  2  5  3  9 12  7  6  3  60.31180211.60
4711231567101020372020201720163  4  7 22  7  7  7  6  7  80.52171216.20
47112415671113 3 313 0275337150  5  2  2  5  0 12 56 22 130.73180203.40
4711251567123020303313101010157 15  7 15 18  5  4  4  4  90.52190192.70
47112615671317 3132013101323113  6  2  5  7  5  4  5  9  50.21193187.90
4711271567142017232010132720150  7  6  9  7  4  5 12  7  70.42160181.90
4711281567151720101317171317123  6  7  4  5  6  6  5  6  60.31132190.30
4711291567162337271727273027213  9 22 12  6 12 12 15 12 120.73123167.80
47113015671710131720 7172727137  4  5  6  7  3  6 12 12  70.31126000.00
471201156718331030471710 7 3157 18  4 15 39  6  4  3  2 110.73110175.50
47120215671910 0102327332313140  4  0  4  9 12 18  9  5  80.42 91143.70
471203156720 7102013 3 7 010 70  3  4  7  5  2  3  0  4  40.10102146.70
47120415672110 3271723332323160  4  2 12  6  9 18  9  9  90.52 94139.00
4712051567223343272327232030227 18 32 12  9 12  9  7 15 140.84 94169.90
4712061567234743333743374743330 39 32 18 22 32 22 39 32 301.36103172.80
4712071567242720332013403010193 12  7 18  7  5 27 15  4 120.73120170.70
4712081567251727402320101010157  6 12 27  9  7  4  4  4  90.52107159.30
4712091567262737304047334333290 12 22 15 27 39 18 32 18 231.15 96169.00
4712101567273327333720201727213 18 12 18 22  7  7  6 12 130.73111165.60
4712111568 12733373330303327250 12 18 22 18 15 15 18 12 160.94105170.60
4712121568 23340273043433027273 18 27 12 15 32 32 15 12 201.05122161.70
4712131568 34037333733333023267 27 22 18 22 18 18 15  9 191.05115176.90
4712141568 42327333333302317220  9 12 18 18 18 15  9  6 130.84131000.00
4712151568 54017202030302323203 27  6  7  7 15 15  9  9 120.73136171.90
4712161568 610301727 7 3 0 3 97  4 15  6 12  3  2  0  2  60.21 98199.40
4712171568 7101310171010 713 90  4  5  4  6  4  4  3  5  40.21127203.60
4712181568 82310201710 33027140  9  4  7  6  4  2 15 12  70.42118196.00
4712191568 93030202313131713160 15 15  7  9  5  5  6  5  80.52114188.30
471220156810 71713 713171310 97  3  6  5  3  5  6  5  4  50.21138176.40
471221156811 7 3 310 0 3 0 0 27  3  2  2  4  0  2  0  0  20.00 97000.00
471222156812 3 3 71020232730123  2  2  3  4  7  9 12 15  70.31 94151.70
4712231568132717303337301720210 12  6 15 18 22 15  6  7 130.73 92157.60
471224156814131310 7 7131733113  5  5  4  3  3  5  6 18  60.31114149.50
4712251568151313 313 7131723103  5  5  2  5  3  5  6  9  50.21109000.00
4712261568162727273023231723197 12 12 12 15  9  9  6  9 100.63170168.90
4712271568173037303013172337217 15 22 15 15  5  6  9 22 140.84156173.60
4712281568183320131723201037173 18  7  5  6  9  7  4 22 100.52142000.00
4712291568192027132033372330203  7 12  5  7 18 22  9 15 120.73140181.10
4712301568201310 7 720101010 87  5  4  3  3  7  4  4  4  40.10126193.80
471231156821 710 3 3 3 313 3 47  3  4  2  2  2  2  5  2  30.00139181.90
