480101156822 330231327303337197  2 15  9  5 12 15 18 22 120.73124000.00
4801021568233033331720404730250 15 18 18  6  7 27 39 15 181.05131201.20
4801031568242743474050606027353 12 32 39 27 48 80 80 12 411.57137173.30
48010415682513 7 3 3 31020 3 63  5  3  2  2  2  4  7  2  30.10124000.00
480105156826 313232327232720160  2  5  9  9 12  9 12  7  80.42110167.50
4801061568271027372727302723207  4 12 22 12 12 15 12  9 120.73104170.80
4801071569 12720403037303337253 12  7 27 15 22 15 18 22 170.94117173.40
4801081569 23333374043334037297 18 18 22 27 32 18 27 22 231.15120166.00
4801091569 34343273030172030240 32 32 12 15 15  6  7 15 170.94133147.90
4801101569 41030232030302323190  4 15  9  7 15 15  9  9 100.63112142.00
4801111569 530372717201723 7177 15 22 12  6  7  6  9  3 100.63 88135.20
4801121569 62010133320133030170  7  4  5 18  7  5 15 15 100.52 91138.60
4801131569 7 7 7 72020201717113  3  3  3  7  7  7  6  6  50.21 96140.40
4801141569 8 3 0 3171320 3 0 60  2  0  2  6  5  7  2  0  30.10112141.50
4801151569 9 313 71710131027100  2  5  3  6  4  5  4 12  50.21115137.60
480116156910103020202010 7 7123  4 15  7  7  7  4  3  3  60.31112141.80
480117156911 3 7203357474340250  2  3  7 18 67 39 32 27 241.26110136.30
4801181569124027233720132317200 27 12  9 22  7  5  9  6 120.73 88138.00
4801191569133027303030172713203 15 12 15 15 15  6 12  5 120.73102145.60
4801201569141327232737303037223  5 12  9 12 22 15 15 22 140.84 89152.00
4801211569153023202030403343240 15  9  7  7 15 27 18 32 160.94111144.00
4801221569163737172330132723207 22 22  6  9 15  5 12  9 120.73116156.30
4801231569172030102010172320150  7 15  4  7  4  6  9  7  70.42109149.20
480124156918 7 3 71017 71313 77  3  2  3  4  6  3  5  5  40.10103145.40
480125156919 3202013131010 3 93  2  7  7  5  5  4  4  2  40.21106000.00
4801261569201020 710 3 0 710 67  4  7  3  4  2  0  3  4  30.10127145.10
48012715692113 73023301317 7140  5  3 15  9 15  5  6  3  80.42128144.80
480128156922 7 0131720231010100  3  0  5  6  7  9  4  4  50.21118132.10
4801291569234020202327433030233 27  7  7  9 12 32 15 15 160.94 90000.00
4801301569242727303033372720230 12 12 15 15 18 22 12  7 140.84 77151.70
480131156925402013102723 3 7143 27  7  5  4 12  9  2  3  90.52 62000.00
48020115692630 3 3 3 7 3 0 3 53 15  2  2  2  3  2  0  2  40.10 78123.80
480202156927 327272730332727200  2 12 12 12 15 18 12 12 120.73 76127.20
4802031570 13730575057273037323 22 15 67 48 67 12 15 22 341.36 79131.10
4802041570 22720372730333023227 12  7 22 12 15 18 15  9 140.84 90128.60
4802051570 33337232730373330250 18 22  9 12 15 22 18 15 160.94107131.20
4802061570 4 7 3232730231037160  3  2  9 12 15  9  4 22 100.52106119.30
4802071570 52320172030302027187  9  7  6  7 15 15  7 12 100.52116125.70
4802081570 6301713232013 733157 15  6  5  9  7  5  3 18  80.52101118.30
4802091570 7271010 3 7 717 0 80 12  4  4  2  3  3  6  0  40.10 79126.50
4802101570 8271337232333 3 3163 12  5 22  9  9 18  2  2 100.63 98140.10
4802111570 92713132320231720157 12  5  5  9  7  9  6  7  80.42 90136.70
480212157010 7 3202333171020133  3  2  7  9 18  6  4  7  70.42 81129.50
4802131570114010232330201027183 27  4  9  9 15  7  4 12 110.63 59125.80
48021415701217 7202730272727180  6  3  7 12 15 12 12 12 100.63 45000.00
4802151570132737373740335050310 12 22 22 22 27 18 48 48 271.26 63000.00
4802161570145343403733373730310 56 32 27 22 18 22 22 15 271.26 67138.40
4802171570153743333333272027253 22 32 18 18 18 12  7 12 170.94 96131.00
4802181570163330404037373330280 18 15 27 27 22 22 18 15 201.05 96137.40
4802191570172333303027202337223  9 18 15 15 12  7  9 22 130.84103148.40
48022015701820171320101310 7110  7  6  5  7  4  5  4  3  50.21121147.20
480221157019 0 01013 3 3 3 7 40  0  0  4  5  2  2  2  3  20.00106140.00
4802221570202320171310 3 3 3 93  9  7  6  5  4  2  2  2  50.21 89141.70
4802231570212333335050473023290  9 18 18 48 48 39 15  9 261.26 88140.90
4802241570222320332023234343230  9  7 18  7  9  9 32 32 150.94 71124.00
480225157023 313103013131010103  2  5  4 15  5  5  4  4  60.21 74129.60
480226157024 0 3 3 713 72717 77  0  2  2  3  5  3 12  6  40.10 76125.00
4802271570253333132323202340210 18 18  5  9  9  7  9 27 130.73 64121.60
4802281570264740333027231327240 39 27 18 15 12  9  5 12 170.94 80000.00
4802291570274033272033333030247 27 18 12  7 18 18 15 15 160.94 98117.90
4803011571 14753574743334050370 39 56 67 39 32 18 27 48 411.57103130.70
4803021571 24040405340274047327 27 27 27 56 27 12 27 39 301.36110131.90
4803031571 33753434037301327280 22 56 32 27 22 15  5 12 241.26115118.40
4803041571 4302727232317 713167 15 12 12  9  9  6  3  5  90.52112116.80
4803051571 52013202327273020180  7  5  7  9 12 12 15  7  90.52108113.90
4803061571 61013233033403027207  4  5  9 15 18 27 15 12 130.84108122.80
4803071571 7232720232323 7 0147  9 12  7  9  9  9  3  0  70.42102000.00
4803081571 8 0 310 730232320117  0  2  4  3 15  9  9  7  60.31 90133.10
4803091571 910 7273013272717157  4  3 12 15  5 12 12  6  90.52 97137.00
480310157110101717 717233727153  4  6  6  3  6  9 22 12  80.52 79150.30
4803111571111010 3 313 3 347 93  4  4  2  2  5  2  2 39  80.42103154.70
4803121571124740473040332023280 39 27 39 15 27 18  7  9 231.15118162.00
4803131571134343375347474753370 32 32 22 56 39 39 39 56 391.46123152.30
4803141571145053534037435043370 48 56 56 27 22 32 48 32 401.57130150.70
4803151571155783807363707750553 67236207154 94132179 481401.98137144.60
48031615711640272010 7 72023153 27 12  7  4  3  3  7  9  90.52103133.50
4803171571172327334017301013193  9 12 18 27  6 15  4  5 120.73 83132.70
4803181571182327201017171010133  9 12  7  4  6  6  4  4  60.31 83125.10
48031915711927233727 3131710157 12  9 22 12  2  5  6  4  90.52 77123.50
48032015712010 7231733332727177  4  3  9  6 18 18 12 12 100.63 61131.70
4803211571212323403320172327207  9  9 27 18  7  6  9 12 120.73 39130.00
4803221571221717203030202323180  6  6  7 15 15  7  9  9  90.52 18124.00
4803231571232013 310 7 31020 87  7  5  2  4  3  2  4  7  40.10 41112.80
480324157124101313 72310 3 3 83  4  5  5  3  9  4  2  2  40.10 54113.80
480325157125 3 3 3 713131013 67  2  2  2  3  5  5  4  5  40.10 65120.40
480326157126 7 7 72333332030160  3  3  3  9 18 18  7 15 100.52 66000.00
480327157127303330202330 720193 15 18 15  7  9 15  3  7 110.63 76000.00
4803281572 127 717232020 7 7127 12  3  6  9  7  7  3  3  60.31 98000.00
4803291572 2 7 7 7 713102027 97  3  3  3  3  5  4  7 12  50.21136000.00
4803301572 32327202710233733200  9 12  7 12  4  9 22 18 120.73166154.30
4803311572 43333231313172730190 18 18  9  5  5  6 12 15 110.63138166.80
4804011572 54747333327272740280 39 39 18 18 12 12 12 27 221.15164170.90
4804021572 62343434020172030237  9 32 32 27  7  6  7 15 170.94190183.20
4804031572 740372730203013 7203 27 22 12 15  7 15  5  3 130.84194198.30
4804041572 8 723302320201010143  3  9 15  9  7  7  4  4  70.42181199.70
4804051572 9 7271010 717 7 3 87  3 12  4  4  3  6  3  2  50.21170192.50
480406157210 340302020436037253  2 27 15  7  7 32 80 22 241.26152196.60
4804071572113727272317303027217 22 12 12  9  6 15 15 12 130.73163187.10
48040815721223 7 710 3 7 7 3 67  9  3  3  4  2  3  3  2  40.10151187.70
480409157213 7 0101010132020 90  3  0  4  4  4  5  7  7  40.10167184.30
4804101572142317101317301327150  9  6  4  5  6 15  5 12  80.42173195.30
48041115721527301717 7 717 7127 12 15  6  6  3  3  6  3  70.31181000.00
4804121572162717202737332720207 12  6  7 12 22 18 12  7 120.73190207.60
4804131572172040132020233030197  7 27  5  7  7  9 15 15 120.73219228.10
4804141572184747172020301320213 39 39  6  7  7 15  5  7 160.94243250.70
4804151572192027332033403317223  7 12 18  7 18 27 18  6 140.84215219.40
4804161572201713 72023132010123  6  5  3  7  9  5  7  4  60.31200212.60
480417157221231310 710231713117  9  5  4  3  4  9  6  5  60.31190000.00
4804181572221010273017231717150  4  4 12 15  6  9  6  6  80.42226214.10
48041915722313 7 7131713 720 97  5  3  3  5  6  5  3  7  50.21228234.20
4804201572243320203027131040193 18  7  7 15 12  5  4 27 120.73206218.30
4804211572256737332013231327233111 22 18  7  5  9  5 12 241.15179228.40
4804221572264770605050373723373 39132 80 48 48 22 22  9 501.67184231.10
480423157227272713172317 710140 12 12  5  6  9  6  3  4  70.42214223.80
4804241573 11727232013271737180  6 12  9  7  5 12  6 22 100.63245235.30
4804251573 23333272030303723233 18 18 12  7 15 15 22  9 140.84215232.70
4804261573 313 7173737432727207  5  3  6 22 22 32 12 12 140.84190220.70
4804271573 42730302727232717207 12 15 15 12 12  9 12  6 120.73188229.50
4804281573 51333202023201727173  5 18  7  7  9  7  6 12  90.52166210.10
4804291573 62327533033401327247  9 12 56 15 18 27  5 12 191.05169194.50
4804301573 72717302720132723183 12  6 15 12  7  5 12  9 100.52138187.20
4805011573 82320131730273323187  9  7  5  6 15 12 18  9 100.63125202.50
4805021573 92027304050375027280  7 12 15 27 48 22 48 12 241.26128000.00
4805031573103340273033374330273 18 27 12 15 18 22 32 15 201.05130182.10
4805041573113023101330373340217 15  9  4  5 15 22 18 27 140.84141205.80
4805051573123013101017202727153 15  5  4  4  6  7 12 12  80.42203233.40
4805061573133027203037404040263 15 12  7 15 22 27 27 27 191.05238271.70
4805071573143730605047404333340 22 15 80 48 39 27 32 18 351.46247302.10
4805081573151720373333302030220  6  7 22 18 18 15  7 15 140.84280325.00
4805091573162723635047432723303 12  9 94 48 39 32 12  9 321.36283000.00
4805101573172030272323504327243  7 15 12  9  9 48 32 12 181.05305342.90
4805111573182723302717334033230 12  9 15 12  6 18 27 18 150.84288326.40
4805121573192730272320272037210 12 15 12  9  7 12  7 22 120.73307312.60
4805131573205040303327101313217 48 27 15 18 12  4  5  5 170.94270297.60
48051415732113 7 31010233733137  5  3  2  4  4  9 22 18  80.52230289.00
4805151573225060534747173063367 48 80 56 39 39  6 15 94 471.57192251.40
4805161573237063574353605057453132 94 67 32 56 80 48 67 721.87174000.00
4805171573242730202020172030183 12 15  7  7  7  6  7 15 100.52144224.40
4805181573253023231710203027180 15  9  9  6  4  7 15 12 100.52116197.20
48051915732613 7 71723 7 313 90  5  3  3  6  9  3  2  5  40.21130188.00
4805201573271713 71020 71327113  6  5  3  4  7  3  5 12  60.31108177.00
4805211574 13030403757635753367 15 15 27 22 67 94 67 56 451.57 99192.60
4805221574 25037473727334340313 48 22 39 22 12 18 32 27 281.26104166.60
4805231574 33747271323302337237 22 39 12  5  9 15  9 22 170.94102000.00
4805241574 44727273330231030227 39 12 12 18 15  9  4 15 160.94115178.60
4805251574 53037272030131327197 15 22 12  7 15  5  5 12 120.73128179.20
4805261574 62313102023172023150  9  5  4  7  9  6  7  9  70.42111177.00
4805271574 73313231717201720160 18  5  9  6  6  7  6  7  80.42126193.40
4805281574 827 7 3 710201720110 12  3  2  3  4  7  6  7  60.21132200.60
4805291574 94037173050533040297 27 22  6 15 48 56 15 27 271.26160199.30
4805301574104030231010403320207 27 15  9  4  4 27 18  7 140.84128000.00
480531157411 713172023302730167  3  5  6  7  9 15 12 15  90.52151202.50
4806011574124350503753472727333 32 48 48 22 56 39 12 12 341.36131206.90
48060215741317273323 7101030157  6 12 18  9  3  4  4 15  90.52127196.40
4806031574142020131023201313133  7  7  5  4  9  7  5  5  60.31126204.30
48060415741513 713 713132017103  5  3  5  3  5  5  7  6  50.21142205.70
4806051574161720202327272017170  6  7  7  9 12 12  7  6  80.42175211.60
4806061574171020201713171713127  4  7  7  6  5  6  6  5  60.31212000.00
4806071574181310 72327272330160  5  4  3  9 12 12  9 15  90.52177189.50
4806081574191313 72723273327170  5  5  3 12  9 12 18 12 100.52173208.10
4806091574203723131317232020167 22  9  5  5  6  9  7  7  90.52178200.20
480610157421172017202313 7 7123  6  7  6  7  9  5  3  3  60.31198192.70
4806111574221013 310 7103313100  4  5  2  4  3  4 18  5  60.31172177.70
4806121574231720101317202330150  6  7  4  5  6  7  9 15  70.42143175.10
4806131574243030202023333713207 15 15  7  7  9 18 22  5 120.73140000.00
480614157425 3 3 3 7 72713 7 70  2  2  2  3  3 12  5  3  40.10151168.50
480615157426 31013 3 3 7 3 3 47  2  4  5  2  2  3  2  2  30.00145163.20
480616157427 0 3 7 3 710 310 43  0  2  3  2  3  4  2  4  20.00157166.70
4806171575 12020131720333730190  7  7  5  6  7 18 22 15 110.63172189.50
4806181575 22027173033273727217  7 12  6 15 18 12 22 12 130.73193203.20
4806191575 34033333727203023243 27 18 18 22 12  7 15  9 160.94164202.70
4806201575 43023172320333037213 15  9  6  9  7 18 15 22 130.73134000.00
4806211575 52337274337404740293  9 22 12 32 22 27 39 27 241.15151203.30
4806221575 64340372323171727227 32 27 22  9  9  6  6 12 150.94155204.70
4806231575 713 7 71717132720120  5  3  3  6  6  5 12  7  60.31160228.10
4806241575 81720271310 72323140  6  7 12  5  4  3  9  9  70.31184238.90
4806251575 92013 72023104040173  7  5  3  7  9  4 27 27 110.63202227.80
4806261575103730273330503740283 22 15 12 18 15 48 22 27 221.15198223.80
4806271575112027333023271310183  7 12 18 15  9 12  5  4 100.63205000.00
480628157512 3 7 7201310 7 7 73  2  3  3  7  5  4  3  3  40.10200225.10
480629157513 01013 7 71010 7 63  0  4  5  3  3  4  4  3  30.10216216.30
480630157514 710131020201313107  3  4  5  4  7  7  5  5  50.21152216.30
480701157515302020 713133020153 15  7  7  3  5  5 15  7  80.42157210.90
4807021575161717101313172320130  6  6  4  5  5  6  9  7  60.31144203.40
4807031575171720272027302320183  6  7 12  7 12 15  9  7  90.52142197.60
4807041575182013373033374353267  7  5 22 15 18 22 32 56 221.15114181.10
4807051575194023131323301343200 27  9  5  5  9 15  5 32 130.84114171.30
48070615752033103037232317 7180 18  4 15 22  9  9  6  3 110.63 95157.60
4807071575211323201717273013160  5  9  7  6  6 12 15  5  80.42112155.40
4807081575222327302727271710187  9 12 15 12 12 12  6  4 100.63121152.30
4807091575231313133020131727147  5  5  5 15  7  5  6 12  80.42118167.40
4807101575241020273330302713190  4  7 12 18 15 15 12  5 110.63135170.90
4807111575251013171317172027133  4  5  6  5  6  6  7 12  60.31163000.00
4807121575262023271723131313150  7  9 12  6  9  5  5  5  70.42168182.40
4807131575272023272027132017167  7  9 12  7 12  5  7  6  80.42170180.10
4807141576 14333302733272027240 32 18 15 12 18 12  7 12 160.94152184.10
4807151576 22020171720172330163  7  7  6  6  7  6  9 15  80.42148192.10
4807161576 32330332337272323220  9 15 18  9 22 12  9  9 130.73133191.20
4807171576 43033272720273020213 15 18 12 12  7 12 15  7 120.73123192.90
4807181576 517201017132017 7120  6  7  4  6  5  7  6  3  60.21114000.00
4807191576 617101010 3 7 310 70  6  4  4  4  2  3  2  4  40.10104179.60
4807201576 72010 71010171723113  7  4  3  4  4  6  6  9  50.21106195.90
4807211576 83010101717204027170 15  4  4  6  6  7 27 12 100.63128188.40
4807221576 9172023231713 3 7123  6  7  9  9  6  5  2  3  60.31132197.20
480723157610 71317131313 723107  3  5  6  5  5  5  3  9  50.21139190.50
48072415761117231010 7 7 710 90  6  9  4  4  3  3  3  4  40.21130000.00
4807251576121720102013201710127  6  7  4  7  5  7  6  4  60.31154205.60
4807261576131710232727302723183  6  4  9 12 12 15 12  9 100.63183190.00
48072715761413171710 7231720123  5  6  6  4  3  9  6  7  60.31170203.20
48072815761510 717 3 3373333143  4  3  6  2  2 22 18 18  90.52158213.40
4807291576163330404043272713253 18 15 27 27 32 12 12  5 181.05178211.60
4807301576172727272033334340250 12 12 12  7 18 18 32 27 170.94192212.40
4807311576184343434043433023310 32 32 32 27 32 32 15  9 261.26212205.70
4808011576192330273323132037207  9 15 12 18  9  5  7 22 120.73193212.60
4808021576203023333033232717217 15  9 18 15 18  9 12  6 130.73190201.00
4808031576211317272723232317170  5  6 12 12  9  9  9  6  80.52198212.50
4808041576222323235047333713250  9  9  9 48 39 18 22  5 201.05199226.50
48080515762320331020171310 3127  7 18  4  7  6  5  4  2  70.31191211.90
480806157624 31717172740 7 3130  2  6  6  6 12 27  3  2  80.42208191.10
480807157625 337332737101047203  2 22 18 12 22  4  4 39 150.94175189.40
4808081576265367737777707777570 561111541791791321791791462.09150186.80
4808091576275757403747474363390 67 67 27 22 39 39 32 94 481.67130155.30
4808101577 15740705353676743450 67 27132 56 56111111 32 741.87117149.90
4808111577 23747533330333340307 22 39 56 18 15 18 18 27 271.26115159.60
4808121577 33737573330305043317 22 22 67 18 15 15 48 32 301.36110171.00
4808131577 44040202317172313193 27 27  7  9  6  6  9  5 120.73115144.40
4808141577 51010102030302733170  4  4  4  7 15 15 12 18 100.63120157.20
4808151577 62713131020172323147 12  5  5  4  7  6  9  9  70.42138158.10
4808161577 71317 7 3 3 3 3 7 57  5  6  3  2  2  2  2  3  30.10165165.00
4808171577 8 7 3 71310171323 93  3  2  3  5  4  6  5  9  50.21193170.30
4808181577 91710132310101717117  6  4  5  9  4  4  6  6  60.21184180.30
48081915771010 3 3 3 3174043123  4  2  2  2  2  6 27 32 100.52193201.80
4808201577115750333347273327307 67 48 18 18 39 12 18 12 291.36196206.10
4808211577122733233040333337257 12 18  9 15 27 18 18 22 170.94218186.30
4808221577131020132713202733163  4  7  5 12  5  7 12 18  90.52190000.00
4808231577144747132723131323207 39 39  5 12  9  5  5  9 150.94163189.60
4808241577152027233020301710177  7 12  9 15  7 15  6  4  90.52159157.50
48082515771623232013 7 72720140  9  9  7  5  3  3 12  7  70.31136158.70
48082615771713 3 3 3101013 7 63  5  2  2  2  4  4  5  3  30.10135167.90
480827157718 3 7 31010131023 80  2  3  2  4  4  5  4  9  40.10121166.10
4808281577191017202717272737180  4  6  7 12  6 12 12 22 100.63132000.00
4808291577203730304747434333310 22 15 15 39 39 32 32 18 261.26100162.00
4808301577214343404033233023277 32 32 27 27 18  9 15  9 211.15116149.10
4808311577222020273027272027197  7  7 12 15 12 12  7 12 100.63146150.30
4809011577235043403047334760350 48 32 27 15 39 18 39 80 371.46138151.60
4809021577244347403737134033290 32 39 27 22 22  5 27 18 241.26142143.20
4809031577252313102043402333207  9  5  4  7 32 27  9 18 140.84123140.40
4809041577261723475340403030280  6  9 39 56 27 27 15 15 241.26113000.00
4809051577271720332710 3 710127  6  7 18 12  4  2  3  4  70.42103134.60
4809061578 1 317171017201727127  2  6  6  4  6  7  6 12  60.31 82138.50
4809071578 22350431310102317190  9 48 32  5  4  4  9  6 150.84 50129.30
4809081578 33030232023131023173 15 15  9  7  9  5  4  9  90.52 75134.90
4809091578 43720172320272010173 22  7  6  9  7 12  7  4  90.52 68134.80
4809101578 51010131027372023150  4  4  5  4 12 22  7  9  80.52 56137.80
4809111578 61717233023303033203  6  6  9 15  9 15 15 18 120.73 73148.20
4809121578 73337203043473023263 18 22  7 15 32 39 15  9 201.05 95165.90
4809131578 837202020171010 7140 22  7  7  7  6  4  4  3  80.42134179.00
4809141578 9 7302723171310 3130  3 15 12  9  6  5  4  2  70.42132188.00
480915157810 717132727333353210  3  6  5 12 12 18 18 56 160.94134192.40
4809161578114350401027333333270 32 48 27  4 12 18 18 18 221.15181202.70
4809171578122023133330172013170  7  9  5 18 15  6  7  5  90.52208202.20
4809181578132017202320202337180  7  6  7  9  7  7  9 22  90.52228226.00
4809191578143333232013102710170 18 18  9  7  5  4 12  4 100.52222238.50
480920157815 310231317232023133  2  4  9  5  6  9  7  9  60.31213224.50
4809211578161313232017133720157  5  5  9  7  6  5 22  7  80.42203000.00
4809221578172323171313234053207  9  9  6  5  5  9 27 56 160.94237000.00
4809231578184337334027272343273 32 22 18 27 12 12  9 32 201.05221000.00
4809241578193747273733373740293 22 39 12 22 18 22 22 27 231.15216000.00
4809251578204037474750403340333 27 22 39 39 48 27 18 27 311.36170000.00
4809261578215043403733272330283 48 32 27 22 18 12  9 15 231.15159000.00
4809271578223010 71710 7 7 3 90 15  4  3  6  4  3  3  2  50.21115166.60
480928157823 0 0 0 3 3 7 0 3 17  0  0  0  2  2  3  0  2  10.00143165.70
4809291578243040404740532337310 15 27 27 39 27 56  9 22 281.26124133.60
4809301578254333304040401710253 32 18 15 27 27 27  6  4 201.05141127.90
4810011578264763505753333737377 39 94 48 67 56 18 22 22 461.57126125.70
4810021578273363635050502327360 18 94 94 48 48 48  9 12 461.57130126.90
4810031579 13033303033574337293 15 18 15 15 18 67 32 22 251.26106126.50
4810041579 22323371320274043227  9  9 22  5  7 12 27 32 150.94 96132.50
4810051579 340503320272017 7213 27 48 18  7 12  7  6  3 160.94 95133.20
4810061579 423 7 0 3 3101710 73  9  3  0  2  2  4  6  4  40.10 72131.00
4810071579 513 7 310 3 72333100  5  3  2  4  2  3  9 18  60.31 63139.10
4810081579 62320172317 31017130  9  7  6  9  6  2  4  6  60.31 68163.30
4810091579 717 7 3 7 3131720 87  6  3  2  3  2  5  6  7  40.10 90145.20
4810101579 82347634040232027283  9 39 94 27 27  9  7 12 281.26112000.00
4810111579 93033334040403723277 15 18 18 27 27 27 22  9 201.05158000.00
481012157910202030433333 723210  7  7 15 32 18 18  3  9 140.84175195.70
4810131579112727202327373023213 12 12  7  9 12 22 15  9 120.73200207.50
4810141579122323233343474370307  9  9  9 18 32 39 32132 351.46222200.60
4810151579135753474757575330400 67 56 39 39 67 67 56 15 511.67197192.00
4810161579141730 7 3 72730 7127  6 15  3  2  3 12 15  3  70.42205184.20
48101715791510 33313 3 32383173  4  2 18  5  2  2  9236 351.46192179.80
4810181579168367533737405373443236111 56 22 22 27 56154 861.87178166.00
4810191579176773777353534323463111154179154 56 56 32  9 941.98162168.40
481020157918232723 740475037253  9 12  9  3 27 39 48 22 211.15153169.20
4810211579194357606350576747443 32 67 80 94 48 67111 39 671.77174177.60
4810221579201330405757374743323  5 15 27 67 67 22 39 32 341.46188161.50
4810231579213740404347534733340 22 27 27 32 39 56 39 18 321.36159161.80
4810241579224037374053474330327 27 22 22 27 56 39 32 15 301.36158158.80
4810251579233030272037432037243 15 15 12  7 22 32  7 22 160.94102164.20
4810261579244337333733403043297 32 22 18 22 18 27 15 32 231.15106156.90
4810271579254033334060333737313 27 18 18 27 80 18 22 22 291.36110143.10
4810281579262037272020202030193  7 22 12  7  7  7  7 15 100.63112140.90
4810291579272323202730172027187  9  9  7 12 15  6  7 12 100.52115153.10
4810301580 1133020172013 717137  5 15  7  6  7  5  3  6  70.31105144.20
4810311580 22343302327172320207  9 32 15  9 12  6  9  7 120.73 95132.60
4811011580 3 3 0132020234357180  2  0  5  7  7  9 32 67 160.94 85137.10
4811021580 44753635050505057420 39 56 94 48 48 48 48 67 561.67 93135.80
4811031580 55043202727303027253 48 32  7 12 12 15 15 12 191.05 93144.70
4811041580 620 3131010 7 7 3 73  7  2  5  4  4  3  3  2  40.10 88153.00
4811051580 7 3 7172013131710100  2  3  6  7  5  5  6  4  50.21112153.90
4811061580 8 7201010 7 31033100  3  7  4  4  3  2  4 18  60.31 88153.90
4811071580 93323203730131723197 18  9  7 22 15  5  6  9 110.73 96000.00
4811081580103737202723303730240 22 22  7 12  9 15 22 15 160.94 74186.30
4811091580114030272333302323230 27 15 12  9 18 15  9  9 140.84 79169.90
4811101580122727132010131020140 12 12  5  7  4  5  4  7  70.42 84165.10
48111115801330132020 31313 7120 15  5  7  7  2  5  5  3  60.31107171.00
481112158014 7 713 72013 3 0 70  3  3  5  3  7  5  2  0  40.10110173.90
481113158015 0 0 7 723303323123  0  0  3  3  9 15 18  9  70.42127184.00
4811141580162317171713171017130  9  6  6  6  5  6  4  6  60.31102000.00
4811151580172017171310234043183  7  6  6  5  4  9 27 32 120.73 85178.20
4811161580184037432017272020223 27 22 32  7  6 12  7  7 150.84 83189.70
4811171580193333334040374030287 18 18 18 27 27 22 27 15 221.15118187.10
4811181580203037333047433320273 15 22 18 15 39 32 18  7 211.15123194.70
4811191580212343433730333730277  9 32 32 22 15 18 22 15 211.15147201.80
4811201580223337435360605747390 18 22 32 56 80 80 67 39 491.67141198.70
4811211580235363473333232323300 56 94 39 18 18  9  9  9 321.36123000.00
4811221580243720374043404033290 22  7 22 27 32 27 27 18 231.15 97181.80
4811231580254337272323302330237 32 22 12  9  9 15  9 15 150.94 90151.00
4811241580263327333027405043283 18 12 18 15 12 27 48 32 231.15 90142.50
4811251580272727374040474333293 12 12 22 27 27 39 32 18 241.15 96145.50
4811261581 117 3234047271317187  6  2  9 27 39 12  5  6 130.84 80132.80
4811271581 21023303730331010183  4  9 15 22 15 18  4  4 110.73 68131.90
4811281581 31730304013172323193  6 15 15 27  5  6  9  9 120.73 71000.00
4811291581 413302310 7 7 710107  5 15  9  4  3  3  3  4  60.31 65124.60
4811301581 510 710 3 3 7 7 7 53  4  3  4  2  2  3  3  3  30.10 58117.00
4812011581 6 3 310 713 7 3 7 53  2  2  4  3  5  3  2  3  30.10 64119.90
4812021581 72713101313132030140 12  5  4  5  5  5  7 15  70.42 70122.90
4812031581 82333303010 7 0 7140  9 18 15 15  4  3  0  3  80.52 90141.10
4812041581 9 3 01313 3132323 93  2  0  5  5  2  5  9  9  50.21100135.20
48120515811030131713 7101720127 15  5  6  5  3  4  6  7  60.31 80000.00
4812061581112340302730474743287  9 27 15 12 15 39 39 32 241.15 85151.20
4812071581124337303043334327287 32 22 15 15 32 18 32 12 221.15 91165.90
4812081581133013201710101740157 15  5  7  6  4  4  6 27  90.52 92175.00
4812091581142327202317171710153  9 12  7  9  6  6  6  4  70.42102179.60
481210158115101310 710273727140  4  5  4  3  4 12 22 12  80.42 96189.30
4812111581164020173727332330227 27  7  6 22 12 18  9 15 140.84 92187.00
48121215811710 7101310 3 3 3 60  4  3  4  5  4  2  2  2  30.10130000.00
48121315811813 3101727303747183  5  2  4  6 12 15 22 39 130.84130200.20
4812141581193753404337303730307 22 56 27 32 22 15 22 15 261.26128190.80
4812151581202720202030271037190 12  7  7  7 15 12  4 22 110.63132203.60
4812161581213333232330374033253 18 18  9  9 15 22 27 18 170.94177207.00
481217158122373310 3 3 71317123 22 18  4  2  2  3  5  6  80.42192215.00
481218158123202317233030 3 7153  7  9  6  9 15 15  2  3  80.42213213.30
48121915812420332030172310 3157  7 18  7 15  6  9  4  2  80.52221228.50
481220158125 0 3 33727231720130  0  2  2 22 12  9  6  7  80.42210229.70
4812211581263027434347473730303 15 12 32 32 39 39 22 15 261.26200220.80
481222158127201340432323 720190  7  5 27 32  9  9  3  7 120.73176227.70
4812231582 120 3201317102727137  7  2  7  5  6  4 12 12  70.31188214.60
4812241582 23057502013172320230 15 67 48  7  5  6  9  7 201.05169219.30
4812251582 32023274047575747317  7  9 12 27 39 67 67 39 331.36180000.00
4812261582 4503320 3 3 74317177 48 18  7  2  2  3 32  6 150.84170000.00
4812271582 51333233320232720193  5 18  9 18  7  9 12  7 110.63152201.90
4812281582 6 7 7131310131717 97  3  3  5  5  4  5  6  6  50.21138195.60
4812291582 71710172723302727177  6  4  6 12  9 15 12 12 100.52146175.70
4812301582 81017132030435050233  4  6  5  7 15 32 48 48 211.15140183.30
4812311582 93720406043502017287 22  7 27 80 32 48  7  6 291.36123160.90
