5001011595243020231010232017153 15  7  9  4  4  9  7  6  80.42101147.00
50010215952530332313 3 7 7 7123 15 18  9  5  2  3  3  3  70.42100000.00
5001031595261713101723 7 727120  6  5  4  6  9  3  3 12  60.31 92150.00
5001041595272010272020273027180  7  4 12  7  7 12 15 12 100.52 84145.00
5001051596 11717202320201313143  6  6  7  9  7  7  5  5  60.31 76148.40
5001061596 22037132027302723197  7 22  5  7 12 15 12  9 110.63 85140.80
5001071596 330272027302027 7187 15 12  7 12 15  7 12  3 100.63 84131.10
5001081596 41310 3 3 3 3 710 53  5  4  2  2  2  2  3  4  30.10 86126.40
5001091596 53340301720 31720180 18 27 15  6  7  2  6  7 110.63 64117.40
5001101596 63327201710131733170 18 12  7  6  4  5  6 18 100.52 83112.00
5001111596 72720131713201737163 12  7  5  6  5  7  6 22  90.52 75000.00
5001121596 82320 71010202717133  9  7  3  4  4  7 12  6  60.31 85127.20
5001131596 93020171723272717177 15  7  6  6  9 12 12  6  90.52 83125.10
5001141596102743333733304330277 12 32 18 22 18 15 32 15 201.05 80000.00
500115159611 3 3174037272720173  2  2  6 27 22 12 12  7 110.63 75000.00
5001161596121033372313172030183  4 18 22  9  5  6  7 15 110.63 70127.80
50011715961317 3 31713132320110  6  2  2  6  5  5  9  7  50.21 82122.80
5001181596141733131010 0 723113  6 18  5  4  4  0  3  9  60.31 91000.00
5001191596151017303327203033200  4  6 15 18 12  7 15 18 120.73110135.90
5001201596164040433740402313277 27 27 32 22 27 27  9  5 221.15130166.80
5001211596173333304333373323267 18 18 15 32 18 22 18  9 191.05155167.70
5001221596183340202313201010170 18 27  7  9  5  7  4  4 100.63163000.00
50012315961917102717 7101720123  6  4 12  6  3  4  6  7  60.31150179.20
5001241596202730273040676057337 12 15 12 15 27111 80 67 421.57157193.20
5001251596214040474337332337300 27 27 39 32 22 18  9 22 241.26140178.80
5001261596222033202030302727207  7 18  7  7 15 15 12 12 120.73130159.40
5001271596233033132730303037230 15 18  5 12 15 15 15 22 150.84110161.70
5001281596243727232723332010200 22 12  9 12  9 18  7  4 120.73111160.80
500129159625232013 7 7131717117  9  7  5  3  3  5  6  6  60.21 98000.00
5001301596263033432710304027240 15 18 32 12  4 15 27 12 170.94118146.20
500131159627101017 7 7131727107  4  4  6  3  3  5  6 12  50.21 82132.20
5002011597 11730232017132010150  6 15  9  7  6  5  7  4  70.42 60124.70
5002021597 21317574747433320277  5  6 67 39 39 32 18  7 271.26 38123.10
5002031597 31317404737304040263  5  6 27 39 22 15 27 27 211.15 33119.60
5002041597 42317272733434337250  9  6 12 12 18 32 32 22 181.05 36109.90
5002051597 5204017 710272310153  7 27  6  3  4 12  9  4  90.52 53109.60
5002061597 6 023272330302017170  0  9 12  9 15 15  7  6  90.52 43097.50
5002071597 71340172330233040217  5 27  6  9 15  9 15 27 140.84 32100.40
5002081597 82033232327332730217  7 18  9  9 12 18 12 15 120.73 20101.00
5002091597 93723232013273330207 22  9  9  7  5 12 18 15 120.73 29103.60
50021015971017 7 0 71010 710 67  6  3  0  3  4  4  3  4  30.10 43111.20
500211159711 717132020 3 320103  3  6  5  7  7  2  2  7  50.21 66000.00
50021215971227 71313132320 7123 12  3  5  5  5  9  7  3  60.31 72000.00
500213159713 7101710 71317 3 83  3  4  6  4  3  5  6  2  40.10 85149.10
5002141597141727 7 7 7132313113  6 12  3  3  3  5  9  5  60.31125158.90
5002151597152317202717132317157  9  6  7 12  6  5  9  6  80.42144185.00
50021615971617 7102013 7 713 93  6  3  4  7  5  3  3  5  40.21156000.00
500217159717 713131013 3 3 3 67  3  5  5  4  5  2  2  2  40.10154183.10
500218159718 3 0 317 7171720 83  2  0  2  6  3  6  6  7  40.10166191.60
5002191597191320171010101027117  5  7  6  4  4  4  4 12  60.31197000.00
5002201597202327172330508783340  9 12  6  9 15 48300236 791.87190204.00
5002211597217377634753474347450154179 94 39 56 39 32 39 791.87170182.10
5002221597224340403330404740313 32 27 27 18 15 27 39 27 261.26162174.20
5002231597233020205760476063357 15  7  7 67 80 39 80 94 491.67137160.40
5002241597246370533717134040333 94132 56 22  6  5 27 27 461.57113147.80
5002251597254737373733131313230 39 22 22 22 18  5  5  5 170.94 96135.20
50022615972610 7 7 7 3 3 7 3 47  4  3  3  3  2  2  3  2  30.00 80000.00
500227159727 0 3 71327 71320 90  0  2  3  5 12  3  5  7  50.21 73126.30
5002281598 11317403727232020197  5  6 27 22 12  9  7  7 120.73 82119.10
5003011598 23727273320101010173 22 12 12 18  7  4  4  4 100.63 95115.70
5003021598 3173030271723 7 7157  6 15 15 12  6  9  3  3  90.52 75114.50
5003031598 42313201723271010143  9  5  7  6  9 12  4  4  70.42 90124.00
5003041598 5 310132027171713120  2  4  5  7 12  6  6  5  60.31128124.00
5003051598 6 713232720101017127  3  5  9 12  7  4  4  6  60.31134000.00
5003061598 73337232320303037233 18 22  9  9  7 15 15 22 150.84148134.70
5003071598 84043504037231717267 27 32 48 27 22  9  6  6 221.15184155.60
5003081598 923 7171013131020113  9  3  6  4  5  5  4  7  50.21187151.80
500309159810272720172320 7 3143 12 12  7  6  9  7  3  2  70.42163160.70
50031015981120131323 710 3 3 93  7  5  5  9  3  4  2  2  50.21150171.60
500311159812 3 0 3 713 71320 67  2  0  2  3  5  3  5  7  30.10156160.10
5003121598131313 717202310 7110  5  5  3  6  7  9  4  3  50.21128000.00
500313159814 0 7 710132027 3 87  0  3  3  4  5  7 12  2  40.21124157.30
5003141598151017273023274010183  4  6 12 15  9 12 27  4 110.63133158.20
50031515981650573320271717 7227 48 67 18  7 12  6  6  3 211.15130156.00
50031615981713333017132010 7143  5 18 15  6  5  7  4  3  80.42110147.60
5003171598181313232717 3 723127  5  5  9 12  6  2  3  9  60.31100144.70
50031815981917132713 3 713 7100  6  5 12  5  2  3  5  3  50.21108134.00
5003191598202740677373735027430 12 27111154154154 48 12 841.87101000.00
500320159821231717 310303720157  9  6  6  2  4 15 22  7  90.52 90116.70
5003211598222337275043504330303  9 22 12 48 32 48 32 15 271.26 80122.30
5003221598234050403727233337287 27 48 27 22 12  9 18 22 231.15 70112.00
500323159824231713172013 320127  9  6  5  6  7  5  2  7  60.31 76000.00
5003241598255347502730232020270 56 39 48 12 15  9  7  7 241.26 72116.50
50032515982627473710 7102013170 12 39 22  4  3  4  7  5 120.73 73112.90
5003261598272010 72720131737150  7  4  3 12  7  5  6 22  80.42 80000.00
5003271599 15050374733475050363 48 48 22 39 18 39 48 48 391.46 73116.60
5003281599 2232727402710 320177  9 12 12 27 12  4  2  7 110.63 69125.30
5003291599 31727433730272013213  6 12 32 22 15 12  7  5 140.84 97133.40
5003301599 4232323232027 7 3150  9  9  9  9  7 12  3  2  80.42100142.60
5003311599 5 010373343472743240  0  4 22 18 32 39 12 32 201.05 78137.90
5004011599 64757473347335350367 39 67 39 18 39 18 56 48 401.57 72135.70
5004021599 74343534030434353350 32 32 56 27 15 32 32 56 351.46 80000.00
5004031599 84333304333375353327 32 18 15 32 18 22 56 56 311.36122156.90
5004041599 93350504337474030330 18 48 48 32 22 39 27 15 311.36133159.50
5004051599104350434747536757407 32 48 32 39 39 56111 67 531.67136165.70
5004061599114343473733304747327 32 32 39 22 18 15 39 39 301.36139166.60
5004071599124040303337273020257 27 27 15 18 22 12 15  7 181.05151000.00
50040815991330172717232013 7153 15  6 12  6  9  7  5  3  80.42114182.00
500409159914 713232733331310160  3  5  9 12 18 18  5  4  90.52120000.00
5004101599152740131020171720163 12 27  5  4  7  6  6  7  90.52109000.00
5004111599161327131313132723143  5 12  5  5  5  5 12  9  70.42 88165.40
5004121599172740504333201323250 12 27 48 32 18  7  5  9 201.05 91172.40
500413159918433320232313 7 7170 32 18  7  9  9  5  3  3 110.63 95162.20
500414159919 713201317 71323113  3  5  7  5  6  3  5  9  50.21 97182.20
5004151599201737503343231327243  6 22 48 18 32  9  5 12 191.05103000.00
50041615992113 7231723272737173  5  3  9  6  9 12 12 22 100.52120000.00
5004171599223323171723233030197 18  9  6  6  9  9 15 15 110.63120163.70
5004181599232733302727303730240 12 18 15 12 12 15 22 15 150.94 85162.90
5004191599243340472037434333297 18 27 39  7 22 32 32 18 241.26 90154.70
50042015992540574017 7134340257 27 67 27  6  3  5 32 27 241.26 93132.60
50042115992617101013 713 3 3 77  6  4  4  5  3  5  2  2  40.10 85136.10
500422159927 3 3 7302013 710 93  2  2  3 15  7  5  3  4  50.21 70000.00
5004231600 12037274037302737253  7 22 12 27 22 15 12 22 170.94 96000.00
5004241600 24757533730432737330 39 67 56 22 15 32 12 22 331.36128172.50
5004251600 320373323131310 7157  7 22 18  9  5  5  4  3  90.52138177.40
5004261600 41720171310 7 3 3 90  6  7  6  5  4  3  2  2  40.21142190.60
5004271600 5 3 3 3 710 33023 83  2  2  2  3  4  2 15  9  50.21119190.20
5004281600 61013272327303043203  4  5 12  9 12 15 15 32 130.73160179.90
5004291600 74020103337403327240 27  7  4 18 22 27 18 12 170.94153000.00
5004301600 84053433743504333343 27 56 32 22 32 48 32 18 331.36154000.00
5005011600 92010131713172720137  7  4  5  6  5  6 12  7  60.31144158.70
5005021600102317132027374757240  9  6  5  7 12 22 39 67 211.15146164.00
5005031600116053434033335750370 80 56 32 27 18 18 67 48 431.57132160.20
5005041600123730272717404353273 22 15 12 12  6 27 32 56 231.15130160.30
5005051600135330304030303037280 56 15 15 27 15 15 15 22 221.15129178.70
5005061600142020202027272733193  7  7  7  7 12 12 12 18 100.63139000.00
5005071600154310301323231023177 32  4 15  5  9  9  4  9 110.63130180.20
5005081600162017201013 7 717110  7  6  7  4  5  3  3  6  50.21121186.00
500509160017 7 7 0 3 3 7 710 43  3  3  0  2  2  3  3  4  20.00108182.60
5005101600181313172017101040140  5  5  6  7  6  4  4 27  80.42105169.90
5005111600193320302737332723230 18  7 15 12 22 18 12  9 140.84101162.60
50051216002020131310 3172017113  7  5  5  4  2  6  7  6  50.21 71157.30
5005131600212740333027273333250 12 27 18 15 12 12 18 18 160.94 69000.00
5005141600223327233040273040250 18 12  9 15 27 12 15 27 170.94 60000.00
5005151600234033372723335337283 27 18 22 12  9 18 56 22 231.15 47139.30
5005161600242730332320272323207 12 15 18  9  7 12  9  9 110.73 57131.50
50051716002523 7171323171317130  9  3  6  5  9  6  5  6  60.31 61150.00
5005181600262713 010 71013 7 87 12  5  0  4  3  4  5  3  40.21 79155.80
500519160027 0 3 3 3 73023 7 77  0  2  2  2  3 15  9  3  40.21 86173.50
5005201601 11710171020232733157  6  4  6  4  7  9 12 18  80.42 89000.00
5005211601 23327 7 313271310133 18 12  3  2  5 12  5  4  80.42 92000.00
5005221601 3 0 3203750403740227  0  2  7 22 48 27 22 27 191.05112162.70
5005231601 44333404343534343343 32 18 27 32 32 56 32 32 331.36128169.30
5005241601 53733301710132727193 22 18 15  6  4  5 12 12 120.73162000.00
5005251601 62710132323372327183 12  4  5  9  9 22  9 12 100.63142175.60
5005261601 72727333727333317233 12 12 18 22 12 18 18  6 150.84134166.00
5005271601 82327272050535070320  9 12 12  7 48 56 48132 401.57131000.00
5005281601 97067606037404037410132111 80 80 22 27 27 22 631.77121000.00
5005291601104040234047333330287 27 27  9 27 39 18 18 15 221.15109138.70
5005301601114043272327402017237 27 32 12  9 12 27  7  6 160.94 86134.30
5005311601122017 7 317 7 733110  7  6  3  2  6  3  3 18  60.31 72134.40
5006011601132330233727471737240  9 15  9 22 12 39  6 22 170.94 88124.60
50060216011443432317 7273047237 32 32  9  6  3 12 15 39 181.05 84130.90
5006031601153027173740373027243 15 12  6 22 27 22 15 12 160.94 84000.00
500604160116233020 720231010143  9 15  7  3  7  9  4  4  70.42 66131.80
5006051601172723272013201717163 12  9 12  7  5  7  6  6  80.42 58000.00
5006061601183753434053603327347 22 56 32 27 56 80 18 12 381.46 54127.40
50060716011920 7 7132017 7 7 97  7  3  3  5  7  6  3  3  50.21 50125.30
500608160120 7 3101317202040130  3  2  4  5  6  7  7 27  80.42 70131.90
5006091601214753274040303033300 39 56 12 27 27 15 15 18 261.26 65139.50
5006101601224037334033273330273 27 22 18 27 18 12 18 15 201.05108000.00
5006111601233017201320171023150 15  6  7  5  7  6  4  9  70.42102000.00
5006121601242313272020132317157  9  5 12  7  7  5  9  6  80.42 72147.10
50061316012510 7131010 3 7 7 67  4  3  5  4  4  2  3  3  40.10 95138.80
5006141601261020201317131010113  4  7  7  5  6  5  4  4  50.21101143.60
5006151601271310101310 3 3 7 70  5  4  4  5  4  2  2  3  40.10 94145.80
5006161602 1 3 0 01017273713107  2  0  0  4  6 12 22  5  60.31 84139.20
5006171602 22340302323303027227  9 27 15  9  9 15 15 12 140.84 83000.00
5006181602 32023302310171310147  7  9 15  9  4  6  5  4  70.42 78000.00
5006191602 41717 7 7 71317 7 90  6  6  3  3  3  5  6  3  40.21 78128.70
5006201602 5 310 71017201713 97  2  4  3  4  6  7  6  5  50.21 66127.30
5006211602 6 717 31010332333137  3  6  2  4  4 18  9 18  80.42 55127.80
5006221602 71730203037232023200  6 15  7 15 22  9  7  9 110.63 86131.80
5006231602 83327172320205753250 18 12  6  9  7  7 67 56 231.15107130.50
5006241602 94763605047234030360 39 94 80 48 39  9 27 15 441.57108000.00
5006251602103323374730132737247 18  9 22 39 15  5 12 22 181.05128000.00
5006261602114030201723 71313163 27 15  7  6  9  3  5  5 100.52113142.10
5006271602121010131017201717113  4  4  5  4  6  7  6  6  50.21 97135.00
5006281602132013101710 3 710 90  7  5  4  6  4  2  3  4  40.21 74127.00
5006291602141013171747606057280  4  5  6  6 39 80 80 67 361.46 82121.20
5006301602156067303337403337337 80111 15 18 22 27 18 22 391.46 78124.80
5007011602164017202033231733203 27  6  7  7 18  9  6 18 120.73 70000.00
500702160217172717 710131317120  6 12  6  3  4  5  5  6  60.31 58000.00
500703160218 3 7 71327334350183  2  3  3  5 12 18 32 48 150.94 58115.40
5007041602196050331327333740293 80 48 18  5 12 18 22 27 291.36 66122.00
5007051602204033132733273333240 27 18  5 12 18 12 18 18 160.94 75000.00
5007061602213017272723301317183 15  6 12 12  9 15  5  6 100.63 88000.00
5007071602222723132320232037187 12  9  5  9  7  9  7 22 100.63 98140.20
500708160223201320172717 3 3120  7  5  7  6 12  6  2  2  60.31 77000.00
5007091602242037371733272313207  7 22 22  6 18 12  9  5 130.73 67000.00
5007101602251313172323331723163  5  5  6  9  9 18  6  9  80.52 68135.30
5007111602263717103053375060293 22  6  4 15 56 22 48 80 321.36 78129.50
5007121602277063375333333033353132 94 22 56 18 18 15 18 471.57 68125.60
5007131603 14740305047273017287 39 27 15 48 39 12 15  6 251.26 67122.50
5007141603 22017332320232733197  7  6 18  9  7  9 12 18 110.63 98128.60
5007151603 33027271723232723197 15 12 12  6  9  9 12  9 100.63 75000.00
5007161603 42027234013101017160  7 12  9 27  5  4  4  6  90.52 89000.00
5007171603 527 7271713132013137 12  3 12  6  5  5  7  5  70.31 96130.80
5007181603 6201013132017 710110  7  4  5  5  7  6  3  4  50.21 83154.30
5007191603 717 7 3 72020 713 93  6  3  2  3  7  7  3  5  40.21102155.60
5007201603 81723101713102317130  6  9  4  6  5  4  9  6  60.31130157.80
5007211603 917 7 72330203030163  6  3  3  9 15  7 15 15  90.52108163.50
5007221603103030233320131710177 15 15  9 18  7  5  6  4 100.63125000.00
500723160311101010 3 3 3 3 3 47  4  4  4  2  2  2  2  2  30.00115000.00
5007241603123050405320305050323 15 48 27 56  7 15 48 48 331.36108000.00
5007251603136063533743302720333 80 94 56 22 32 15 12  7 401.46 96146.20
500726160314 7 7101017132020103  3  3  4  4  6  5  7  7  50.21118145.20
500727160315 710172740171717150  3  4  6 12 27  6  6  6  90.52112142.50
500728160316403313 710131027153 27 18  5  3  4  5  4 12 100.52110136.70
5007291603172720132320233027183 12  7  5  9  7  9 15 12 100.52112000.00
5007301603182727 73333202717190 12 12  3 18 18  7 12  6 110.63106000.00
5007311603192733131720333333210 12 18  5  6  7 18 18 18 130.73100141.00
5008011603203727302737373730260 22 12 15 12 22 22 22 15 181.05 94128.00
5008021603213330302737275037270 18 15 15 12 22 12 48 22 201.05110139.90
5008031603224733334037372727280 39 18 18 27 22 22 12 12 211.15106150.50
5008041603232727202323232020183 12 12  7  9  9  9  7  7  90.52 84138.50
500805160324101310 717172327123  4  5  4  3  6  6  9 12  60.31 90000.00
5008061603253720 71320233333187 22  7  3  5  7  9 18 18 110.63 83000.00
5008071603263333203733405077323 18 18  7 22 18 27 48179 421.57 76000.00
5008081603277763775033272740393179 94179 48 18 12 12 27 711.87 72122.50
5008091604 14047474347474353367 27 39 39 32 39 39 32 56 381.46 70117.30
5008101604 24043303350536350363 27 32 15 18 48 56 94 48 421.57 75115.50
5008111604 34340404740403743330 32 27 27 39 27 27 22 32 291.36 70111.40
5008121604 44350504333403027317 32 48 48 32 18 27 15 12 291.36 74000.00
5008131604 52033303723232727220  7 18 15 22  9  9 12 12 130.73 84000.00
5008141604 62733304053302740280 12 18 15 27 56 15 12 27 231.15 68120.50
5008151604 73737372020202310203 22 22 22  7  7  7  9  4 120.73 80121.80
5008161604 8272017 710 3 717107 12  7  6  3  4  2  3  6  50.21 93116.00
5008171604 920 7 3 310 3 710 63  7  3  2  2  4  2  3  4  30.10106131.90
5008181604102020131320334047207  7  7  5  5  7 18 27 39 140.84 93135.30
5008191604115743576380837780540 67 32 67 942072361792071361.98114000.00
5008201604128380777740332320433236207179179 27 18  9  71081.98113000.00
5008211604132713534030333013240 12  5 56 27 15 18 15  5 191.05103134.70
50082216041417132020172323 7140  6  5  7  7  6  9  9  3  60.31 95129.50
50082316041520 7133317171327147  7  3  5 18  6  6  5 12  80.42115133.30
50082416041610 0 72310 7 727 90  4  0  3  9  4  3  3 12  50.21103131.10
5008251604172717 71313 7 3 7 93 12  6  3  5  5  3  2  3  50.21 92130.50
500826160418 3 3 7 7 3 3 310 40  2  2  3  3  2  2  2  4  20.00 77000.00
50082716041923 7 71013171723117  9  3  3  4  5  6  6  9  60.31 76000.00
5008281604202723203730433743260 12  9  7 22 15 32 22 32 191.05 55107.60
5008291604213347332743333033280 18 39 18 12 32 18 15 18 211.15 58103.60
5008301604224337331317303313220 32 22 18  5  6 15 18  5 150.94 58101.40
5008311604231017301723301013150  4  6 15  6  9 15  4  5  80.42 54104.40
500901160424101313131713 720107  4  5  5  5  6  5  3  7  50.21 49098.40
500902160425172010 310 72317107  6  7  4  2  4  3  9  6  50.21 59093.50
5009031604262040474753576070393  7 27 39 39 56 67 80132 561.67 49088.30
5009041604276040534737404750373 80 27 56 39 22 27 39 48 421.57 51094.30
5009051605 16053606347505353440 80 56 80 94 39 48 56 56 641.77 31095.60
5009061605 25357535750403740387 56 67 56 67 48 27 22 27 461.57 27092.50
5009071605 33330404040303030273 18 15 27 27 27 15 15 15 201.05 23094.20
5009081605 42343535337475750363  9 32 56 56 22 39 67 48 411.57 24089.80
5009091605 55033332713173027230 48 18 18 12  5  6 15 12 170.94 38089.30
5009101605 65030101733434333260 48 15  4  6 18 32 32 18 221.15 31000.00
5009111605 74353373010133037253 32 56 22 15  4  5 15 22 211.15 28096.70
5009121605 8331333333310 713177 18  5 18 18 18  4  3  5 110.63 37098.30
5009131605 92023171713304733200  7  9  6  6  5 15 39 18 130.84 65108.40
50091416051013131010 710 713 83  5  5  4  4  3  4  3  5  40.10 85113.50
500915160511 3 0 7101013 3 7 53  2  0  3  4  4  5  2  3  30.10 80113.50
5009161605122313173737533730247  9  5  6 22 22 56 22 15 201.05 83000.00
5009171605132033373030434043277  7 18 22 15 15 32 27 32 211.15 85000.00
5009181605144740474040302740310 39 27 39 27 27 15 12 27 271.26 87119.10
5009191605154327335047203053303 32 12 18 48 39  7 15 56 281.26 80111.20
5009201605165750404740474733360 67 48 27 39 27 39 39 18 381.46 65110.20
50092116051737372017 7 723 7153 22 22  7  6  3  3  9  3  90.52 58109.30
500922160518 313 3 7101717 7 77  2  5  2  3  4  6  6  3  40.10 51102.40
5009231605191013274740435050280  4  5 12 39 27 32 48 48 271.26 44000.00
5009241605205330173043505363340 56 15  6 15 32 48 56 94 401.57 56000.00
5009251605214340473737574053353 32 27 39 22 22 67 27 56 361.46 41096.10
5009261605223323232020305037237 18  9  9  7  7 15 48 22 170.94 45095.50
5009271605233027303317172317193 15 12 15 18  6  6  9  6 110.63 49094.70
500928160524 713232720131720140  3  5  9 12  7  5  6  7  70.31 38094.10
500929160525 7 310 3 3 71010 53  3  2  4  2  2  3  4  4  30.10 49091.10
50093016052610131320 7304337173  4  5  5  7  3 15 32 22 120.73 32000.00
5010011605274753635763474050420 39 56 94 67 94 39 27 48 581.77 41000.00
5010021606 14060606757636360470 27 80 80111 67 94 94 80 791.87 41097.00
5010031606 25357504743476737400 56 67 48 39 32 39111 22 521.67 41093.60
5010041606 35350534747576030397 56 48 56 39 39 67 80 15 501.67 50091.40
5010051606 44047504340474750363 27 39 48 32 27 39 39 48 371.46 50093.50
5010061606 53730434717403343290 22 15 32 39  6 27 18 32 241.26 45091.70
5010071606 65043433743504340350 48 32 32 22 32 48 32 27 341.36 54000.00
5010081606 7403027232730 7 3187 27 15 12  9 12 15  3  2 120.73 78000.00
5010091606 83027234313131313177 15 12  9 32  5  5  5  5 110.63 84000.00
5010101606 92313 310 7131020100  9  5  2  4  3  5  4  7  50.21 79108.00
501011160610131013 3 3272313107  5  4  5  2  2 12  9  5  60.21 68113.60
5010121606113347232313203027217 18 39  9  9  5  7 15 12 140.84 88107.00
5010131606123033271717133027193 15 18 12  6  6  5 15 12 110.63 75109.20
5010141606135047374753604347383 48 39 22 39 56 80 32 39 441.57 72000.00
5010151606146050332017332330267 80 48 18  7  6 18  9 15 251.26106000.00
5010161606154037505760534337377 27 22 48 67 80 56 32 22 441.57103122.90
5010171606163733473740473733310 22 18 39 22 27 39 22 18 261.26 99120.90
5010181606172330404317271717213  9 15 27 32  6 12  6  6 140.84 74112.30
50101916061817171713 7 0 717 93  6  6  6  5  3  0  3  6  40.21 50106.70
50102016061910 3132010102723117  4  2  5  7  4  4 12  9  60.31 48094.50
50102116062010 3 310101020 7 73  4  2  2  4  4  4  7  3  40.10 27000.00
501022160621 010 71727403333167  0  4  3  6 12 27 18 18 110.63 20000.00
5010231606224033233323232740243 27 18  9 18  9  9 12 27 160.94 22084.60
5010241606233323272717171017170 18  9 12 12  6  6  4  6  90.52 32083.30
5010251606241713 01010 71333103  6  5  0  4  4  3  5 18  60.31 30088.10
5010261606252020202010 72317137  7  7  7  7  4  3  9  6  60.31 37088.00
50102716062610 31313 7 71313 80  4  2  5  5  3  3  5  5  40.10 51084.40
5010281606273750607063607367480 22 48 80132 94 80154111 901.87 55000.00
5010291607 16050575053604760437 80 48 67 48 56 80 39 80 621.77 95000.00
5010301607 25757434047535357407 67 67 32 27 39 56 56 67 511.67107099.80
5010311607 35350475357475350410 56 48 39 56 67 39 56 48 511.67 80093.30
5011011607 44047505760535730393 27 39 48 67 80 56 67 15 501.67 78093.10
5011021607 537274333334010 7230 22 12 32 18 18 27  4  3 170.94 62096.40
5011031607 62733302713131717177 12 18 15 12  5  5  6  6 100.63 57099.80
5011041607 72747635350603323357 12 39 94 56 48 80 18  9 441.57 67000.00
5011051607 83327273327202033220 18 12 12 18 12  7  7 18 130.73 79000.00
5011061607 9201020131010 7 7 97  7  4  7  5  4  4  3  3  50.21 94119.70
501107160710 7 3 7 3 0 3 710 40  3  2  3  2  0  2  3  4  20.00 80112.00
5011081607113033 32017201713153 15 18  2  7  6  7  6  5  80.42 55112.10
501109160712102713 3 0172317110  4 12  5  2  0  6  9  6  60.21 61112.40
5011101607133340635053474023350 18 27 94 48 56 39 27  9 401.46 60112.30
5011111607143737401730332730250 22 22 27  6 15 18 12 15 170.94 46000.00
5011121607153330533033433040293 18 15 56 15 18 32 15 27 241.26 48000.00
5011131607163343403337333743300 18 32 27 18 22 18 22 32 241.15 42101.10
5011141607173323171723272723190 18  9  6  6  9 12 12  9 100.63 61105.80
501115160718 3 01017 7 01323 73  2  0  4  6  3  0  5  9  40.10 81109.70
5011161607192017 3 7 7172323117  7  6  2  3  3  6  9  9  60.31 62107.10
5011171607202323302327303733227  9  9 15  9 12 15 22 18 140.84 66097.80
501118160721 7 3 32330234727163  3  2  2  9 15  9 39 12 110.73 58000.00
50111916072227271713 3 3 3 7100 12 12  6  5  2  2  2  3  60.21 50000.00
50112016072310101013131713 7 93  4  4  4  5  5  6  5  3  40.21 36085.30
501121160724 3 0 3 3 3 32733 77  2  0  2  2  2  2 12 18  50.21 22085.70
5011221607252010 71333504057230  7  4  3  5 18 48 27 67 221.15 18087.00
5011231607264010101010102027137 27  4  4  4  4  4  7 12  80.42 16079.00
50112416072710 7101013403740167  4  3  4  4  5 27 22 27 120.73 13081.00
5011251608 16353475360403037383 94 56 39 56 80 27 15 22 491.67 20000.00
5011261608 25357536753535747440 56 67 56111 56 56 67 39 641.77 32000.00
5011271608 35057505050434740387 48 67 48 48 48 32 39 27 451.57 64090.60
5011281608 44353404347435747373 32 56 27 32 39 32 67 39 401.57 74101.30
5011291608 54340333337304037293 32 27 18 18 22 15 27 22 231.15 69103.40
5011301608 63037302310304023223 15 22 15  9  4 15 27  9 140.84 73100.30
5012011608 710302313131313 3120  4 15  9  5  5  5  5  2  60.31 82107.60
5012021608 81733201720332723190  6 18  7  6  7 18 12  9 100.63 80000.00
5012031608 92017172317132330160  7  6  6  9  6  5  9 15  80.42 82000.00
501204160810 01710 710202317103  0  6  4  3  4  7  9  6  50.21 75108.50
50120516081120 3171723303017157  7  2  6  6  9 15 15  6  80.42 61105.80
5012061608122323434330272020230  9  9 32 32 15 12  7  7 150.94 46114.30
5012071608133730201320203027197 22 15  7  5  7  7 15 12 110.63 85118.10
5012081608141313133030333030193  5  5  5 15 15 18 15 15 120.73108124.10
5012091608153033301720131010163 15 18 15  6  7  5  4  4  90.52 94000.00
5012101608162030272020172717177  7 15 12  7  7  6 12  6  90.52 94000.00
50121116081713201013 7 710 3 83  5  7  4  5  3  3  4  2  40.10 96126.10
501212160818 337433020335043260  2 22 32 15  7 18 48 32 221.15115116.40
5012131608195347473737375353363 56 39 39 22 22 22 56 56 391.46 94115.10
5012141608205750172013336057307 67 48  6  7  5 18 80 67 371.46 79101.50
5012151608212327272327233727213  9 12 12  9 12  9 22 12 120.73 59094.70
5012161608222737233327131320193 12 22  9 18 12  5  5  7 110.63 42000.00
5012171608231317173310102017137  5  6  6 18  4  4  7  6  70.42 26082.00
5012181608243010101723304320183 15  4  4  6  9 15 32  7 120.73 19081.50
5012191608253327272020303717210 18 12 12  7  7 15 22  6 120.73  7078.20
5012201608261013102710233350177  4  5  4 12  4  9 18 48 130.73  0079.80
5012211608273320132013 313 7123 18  7  5  7  5  2  5  3  60.31  7078.20
5012221609 1 717102740506347260  3  6  4 12 27 48 94 39 291.36  0075.20
5012231609 25047574340372743343 48 39 67 32 27 22 12 32 351.46  0077.60
5012241609 34037434037634740347 27 22 32 27 22 94 39 27 361.46 31078.80
5012251609 44740434343434340343 39 27 32 32 32 32 32 27 321.36 39000.00
5012261609 54340475037403730323 32 27 39 48 22 27 22 15 291.36 56000.00
5012271609 63037433730273340277 15 22 32 22 15 12 18 27 201.05 58096.60
5012281609 73027303027232317207 15 12 15 15 12  9  9  6 120.73 35098.00
5012291609 823232327 7131720153  9  9  9 12  3  5  6  7  80.42 41097.10
5012301609 923 0102020232727150  9  0  4  7  7  9 12 12  80.42 23000.00
50123116091010 3171310101020 93  4  2  6  5  4  4  4  7  40.21 43000.00
