5101011609113027231727302727207 15 12  9  6 12 15 12 12 120.73 32000.00
5101021609123040372737304033273 15 27 22 12 22 15 27 18 201.05 22093.70
5101031609133350232023202733230 18 48  9  7  9  7 12 18 160.94 32085.00
5101041609142723 7 3 3201727127 12  9  3  2  2  7  6 12  70.31 42098.30
5101051609152020131720203737183  7  7  5  6  7  7 22 22 100.63 42109.70
5101061609162020101010 723 3103  7  7  4  4  4  3  9  2  50.21 64000.00
510107160917 317171310101013 93  2  6  6  5  4  4  4  5  40.21 71000.00
51010816091820 73027302317 7160  7  3 15 12 15  9  6  3  90.52 75110.50
510109160919132323231710 3 7120  5  9  9  9  6  4  2  3  60.31 60108.50
510110160920101013 010404333160  4  4  5  0  4 27 32 18 120.73 57105.20
5101111609215020372317233740247 48  7 22  9  6  9 22 27 191.05 54088.30
5101121609224337373730302320257 32 22 22 22 15 15  9  7 181.05 46085.30
5101131609233340402317133730233 18 27 27  9  6  5 22 15 160.94 17000.00
5101141609243330303033302733247 18 15 15 15 18 15 12 18 160.94 26000.00
5101151609254343302333273340273 32 32 15  9 18 12 18 27 201.05 15078.70
5101161609263717273340373347270 22  6 12 18 27 22 18 39 201.05 16082.30
51011716092740373020 7131313173 27 22 15  7  3  5  5  5 110.63 30081.50
5101181610 11017101023231027130  4  6  4  4  9  9  4 12  60.31 35085.20
5101191610 23727232033233037230 22 12  9  7 18  9 15 22 140.84 45084.50
5101201610 3402010132323 7 7143 27  7  4  5  9  9  3  3  80.52 40000.00
5101211610 410 0 73040473750220  4  0  3 15 27 39 22 48 201.05 50000.00
5101221610 55350574350505360417 56 48 67 32 48 48 56 80 541.67 51099.90
5101231610 64727374033373733290 39 12 22 27 18 22 22 18 221.15 63109.70
5101241610 71730272733172323197  6 15 12 12 18  6  9  9 110.63 77102.20
5101251610 81723232027172317167  6  9  9  7 12  6  9  6  80.42 90127.70
5101261610 9 713172323373737193  3  5  6  9  9 22 22 22 120.73105134.60
5101271610103347402723303033263 18 39 27 12  9 15 15 18 191.05115000.00
5101281610113737273333334337280 22 22 12 18 18 18 32 22 201.05130000.00
5101291610122030303723272737230  7 15 15 22  9 12 12 22 140.84120146.70
5101301610133023332720333040237 15  9 18 12  7 18 15 27 150.94125144.20
5101311610144357675340434343390 32 67111 56 27 32 32 32 491.67111137.60
5102011610155047403023133740280 48 39 27 15  9  5 22 27 241.26 97122.20
510202161016272310 3 7101023113 12  9  4  2  3  4  4  9  60.31 84126.70
5102031610171710 7 3 3132317 93  6  4  3  2  2  5  9  6  50.21 62000.00
510204161018 3 0204030302720170  2  0  7 27 15 15 12  7 110.63 53000.00
510205161019 730303040334337250  3 15 15 15 27 18 32 22 181.05 60096.90
5102061610206060434020171323277 80 80 32 27  7  6  5  9 311.36 46095.30
5102071610213333231313272327193 18 18  9  5  5 12  9 12 110.63 43084.30
5102081610222720233027475340267 12  7  9 15 12 39 56 27 221.15 53085.60
5102091610233337373043474047313 18 22 22 15 32 39 27 39 271.26 60083.60
5102101610244040432730233750290 27 27 32 12 15  9 22 48 241.26 70097.50
5102111610254737303027403747293 39 22 15 15 12 27 22 39 241.26 74000.00
5102121610265353403337405343353 56 56 27 18 22 27 56 32 371.46 69086.40
5102131610274037334040303337290 27 22 18 27 27 15 18 22 221.15 63082.70
5102141611 13027232320203730210 15 12  9  9  7  7 22 15 120.73 67091.00
5102151611 22010131317 71023113  7  4  5  5  6  3  4  9  50.21 63088.10
5102161611 3 7 3 3 3 3101310 53  3  2  2  2  2  4  5  4  30.10 54088.10
5102171611 4 7 0 3 310102723 83  3  0  2  2  4  4 12  9  40.21 50000.00
5102181611 53320203327303320217 18  7  7 18 12 15 18  7 130.73 38000.00
5102191611 61023234027232030197  4  9  9 27 12  9  7 15 120.73 36098.60
5102201611 72323132313 710 7120  9  9  5  9  5  3  4  3  60.31 41097.00
5102211611 82023232027273030200  7  9  9  7 12 12 15 15 110.63 44102.40
5102221611 94343504750434753377 32 32 48 39 48 32 39 56 411.57 51105.30
5102231611105747635753475760440 67 39 94 67 56 39 67 80 641.77 55105.70
5102241611115050504343534037367 48 48 48 32 32 56 27 22 391.46 61000.00
5102251611124033203027302747253 27 18  7 15 12 15 12 39 181.05 67000.00
5102261611132333302737403723250  9 18 15 12 22 27 22  9 170.94 72120.60
5102271611147057473340404747380132 67 39 18 27 27 39 39 481.67 80113.90
5102281611155067705043373340390 48111132 48 32 22 18 27 551.67 65115.10
5103011611164343273330231313227 32 32 12 18 15  9  5  5 160.94 74102.10
510302161117 0 3132033231323130  0  2  5  7 18  9  5  9  70.31 62095.60
51030316111817304027202317 7180  6 15 27 12  7  9  6  3 110.63 50000.00
510304161119 030301320131330150  0 15 15  5  7  5  5 15  80.52 45000.00
510305161120 3202717101710 3107  2  7 12  6  4  6  4  2  50.21 38086.60
5103061611211333503333272727243  5 18 48 18 18 12 12 12 181.05 50090.40
5103071611223733234360435050340 22 18  9 32 80 32 48 48 361.46 55084.70
5103081611233730375747535047357 22 15 22 67 39 56 48 39 381.46 54083.80
5103091611244340403733374060330 32 27 27 22 18 22 27 80 321.36 33086.30
5103101611255057503343374040350 48 67 48 18 32 22 27 27 361.46 26000.00
5103111611264037433330504727307 27 22 32 18 15 48 39 12 271.26 40000.00
5103121611274343405047374020320 32 32 27 48 39 22 27  7 291.36 61085.60
5103131612 13033334750576763380 15 18 18 39 48 67111 94 511.67 43086.20
5103141612 25047473347476337370 48 39 39 18 39 39 94 22 421.57 36085.70
5103151612 360403023232017 7220 80 27 15  9  9  7  6  3 201.05 26085.20
5103161612 4 730304333303730240  3 15 15 32 18 15 22 15 170.94 31088.20
5103171612 52017535330372727263  7  6 56 56 15 22 12 12 231.15 26000.00
5103181612 63033335330302740277 15 18 18 56 15 15 12 27 221.15 35000.00
5103191612 733303720 7171713173 18 15 22  7  3  6  6  5 100.63 38107.30
5103201612 8 7101040402710 7150  3  4  4 27 27 12  4  3 100.63 49110.60
5103211612 9 710201713102037133  3  4  7  6  5  4  7 22  70.42 59130.00
5103221612104037304747576057373 27 22 15 39 39 67 80 67 441.57 60118.80
5103231612114040333740405043323 27 27 18 22 27 27 48 32 281.26 83000.00
5103241612123730273337334340280 22 15 12 18 22 18 32 27 211.15110147.60
5103251612133747174333271330247 22 39  6 32 18 12  5 15 191.05108000.00
5103261612143327333330233737253 18 12 18 18 15  9 22 22 170.94 97000.00
5103271612153347302723231720220 18 39 15 12  9  9  6  7 140.84 84124.50
51032816121623 7 3 010131013 80  9  3  2  0  4  5  4  5  40.10 74117.90
510329161217 743534047404043313  3 32 56 27 39 27 27 32 301.36 70107.30
5103301612183727202727131017177 22 12  7 12 12  5  4  6 100.63 65106.60
5103311612191317302317332313170  5  6 15  9  6 18  9  5  90.52 52000.00
51040116122023131323 3101730133  9  5  5  9  2  4  6 15  70.31 41000.00
5104021612213737372340505050323 22 22 22  9 27 48 48 48 311.36 27089.60
5104031612225350434747605750407 56 48 32 39 39 80 67 48 511.67 24088.80
5104041612234753534050603350387 39 56 56 27 48 80 18 48 461.57 20083.00
5104051612245763475053404343397 67 94 39 48 56 27 32 32 491.67 40086.00
5104061612254053504047505360393 27 56 48 27 39 48 56 80 481.67 61092.60
5104071612265057373740434343350 48 67 22 22 27 32 32 32 351.46 69000.00
5104081612274743433030303743303 39 32 32 15 15 15 22 32 251.26 78000.00
5104091613 13340403740333727287 18 27 27 22 27 18 22 12 221.15 75098.20
5104101613 25030373337203330270 48 15 22 18 22  7 18 15 211.15 74105.40
5104111613 33333302027201043217 18 18 15  7 12  7  4 32 140.84 84108.80
5104121613 44030272023302753250 27 15 12  7  9 15 12 56 191.05 88130.20
5104131613 55750305060403350370 67 48 15 48 80 27 18 48 441.57 78141.30
5104141613 64737374030272327267 39 22 22 27 15 12  9 12 201.05103143.00
5104151613 72320132330272317177  9  7  5  9 15 12  9  6  90.52118169.10
5104161613 82313 7 3 7131037113  9  5  3  2  3  5  4 22  70.31126151.50
5104171613 937272723271720 7183 22 12 12  9 12  6  7  3 100.63130155.30
5104181613101010437077605050370  4  4 32132179 80 48 48 661.77148164.50
5104191613115027273320201740233 48 12 12 18  7  7  6 27 170.94150158.60
5104201613123037302733536363337 15 22 15 12 18 56 94 94 411.57132156.20
5104211613135753435347402343360 67 56 32 56 39 27  9 32 401.46149000.00
5104221613145353474750435033377 56 56 39 39 48 32 48 18 421.57144000.00
510423161315375033172720 727217 22 48 18  6 12  7  3 12 160.94140147.40
5104241613161740504360505343357  6 27 48 32 80 48 56 32 411.57119146.60
5104251613175757474337504740377 67 67 39 32 22 48 39 27 431.57115143.70
51042616131857272017132717 0177 67 12  7  6  5 12  6  0 140.84103000.00
510427161319 713231730333030183  3  5  9  6 15 18 15 15 110.63110141.00
5104281613203317172313232017163 18  6  6  9  5  9  7  6  80.42 96000.00
5104291613214037232333332010220 27 22  9  9 18 18  7  4 140.84 81000.00
510430161322 710131013 7 717 83  3  4  5  4  5  3  3  6  40.10 65114.60
5105011613233747535730476773410 22 39 56 67 15 39111154 631.77 62110.00
5105021613247323435360536060427154  9 32 56 80 56 80 80 681.77 56108.70
5105031613254723373337475053327 39  9 22 18 22 39 48 56 321.36 78099.70
5105041613265337334343404027317 56 22 18 32 32 27 27 12 281.26 51096.80
5105051613271027232010132033157  4 12  9  7  4  5  7 18  80.42 46000.00
5105061614 13333401323233020217 18 18 27  5  9  9 15  7 140.84 20000.00
5105071614 22023231727201720167  7  9  9  6 12  7  6  7  80.42 26091.80
5105081614 310 7 31017132010 90  4  3  2  4  6  5  7  4  40.21 17103.90
5105091614 41720333330374773290  6  7 18 18 15 22 39154 351.46 32115.90
5105101614 53350535067534023370 18 48 56 48111 56 27  9 471.57 84140.90
5105111614 63027374347303340287 15 12 22 32 39 15 18 27 221.15102158.20
5105121614 74033302020434013240 27 18 15  7  7 32 27  5 170.94125000.00
5105131614 813101717 3 71020 97  5  4  6  6  2  3  4  7  50.21155213.40
5105141614 930372727 7273743233 15 22 12 12  3 12 22 32 160.94170236.70
5105151614104733272330303333257 39 18 12  9 15 15 18 18 181.05184244.90
5105161614114343303323272730257 32 32 15 18  9 12 12 15 181.05212247.90
5105171614124047434340403740330 27 39 32 32 27 27 22 27 291.36220248.90
5105181614134743233017202327230 39 32  9 15  6  7  9 12 160.94229251.60
5105191614142727231727131723173 12 12  9  6 12  5  6  9  90.52204254.80
5105201614152020171320 71713127  7  7  6  5  7  3  6  5  60.31180245.90
510521161416101010 710 71313 80  4  4  4  3  4  3  5  5  40.10180255.90
5105221614172717 71023231313133 12  6  3  4  9  9  5  5  70.31154242.20
5105231614182323204040336047287  9  9  7 27 27 18 80 39 271.26140209.30
5105241614194330232730402727247 32 15  9 12 15 27 12 12 170.94117189.70
5105251614201720302020133337190  6  7 15  7  7  5 18 22 110.63114175.90
5105261614213320203037575770323 18  7  7 15 22 67 67132 421.57 93160.20
510527161422535327331710 717217 56 56 12 18  6  4  3  6 201.05 87000.00
510528161423202720171713 7 3123  7 12  7  6  6  5  3  2  60.31 81122.70
510529161424 713402737231733197  3  5 27 12 22  9  6 18 130.73 51115.00
51053016142513 7305043201723203  5  3 15 48 32  7  6  9 160.94 48109.50
5105311614262327172717 72730173  9 12  6 12  6  3 12 15  90.52 46105.20
5106011614272333302737434030263  9 18 15 12 22 32 27 15 191.05 38100.80
5106021615 12037373037374337277  7 22 22 15 22 22 32 22 201.05 38000.00
5106031615 24323232033 71017177 32  9  9  7 18  3  4  6 110.63 37000.00
5106041615 31317231727272030173  5  6  9  6 12 12  7 15  90.52 26000.00
5106051615 43023231020272327183 15  9  9  4  7 12  9 12 100.52 65136.00
5106061615 52330575043302317273  9 15 67 48 32 15  9  6 251.26103159.10
5106071615 62737301737172023207 12 22 15  6 22  6  7  9 120.73115192.40
5106081615 73343302033433030263 18 32 15  7 18 32 15 15 191.05130205.60
5106091615 8403020273333 310197 27 15  7 12 18 18  2  4 130.73138204.70
5106101615 9 7 3 32333232013127  3  2  2  9 18  9  7  5  70.31137197.00
5106111615102027202723373330217  7 12  7 12  9 22 18 15 130.73133203.90
5106121615114027333027203027233 27 12 18 15 12  7 15 12 150.84147205.80
5106131615122720303340171723207 12  7 15 18 27  6  6  9 120.73159211.50
5106141615131013 01310405757200  4  5  0  5  4 27 67 67 221.15163215.70
5106151615144037403347434037317 27 22 27 18 39 32 27 22 271.26158208.80
5106161615154020303033303327243 27  7 15 15 18 15 18 12 160.94147000.00
51061716151623131710 7474380240  9  5  6  4  3 39 32207 381.46152000.00
5106181615177367574330372337367154111 67 32 15 22  9 22 541.67157205.10
5106191615183360505330532723330 18 80 48 56 15 56 12  9 371.46146195.10
5106201615193313101713 7 737137 18  5  4  6  5  3  3 22  80.42138186.40
5106211615202027402327301320200  7 12 27  9 12 15  5  7 120.73134170.80
5106221615212317172730232323183  9  6  6 12 15  9  9  9  90.52123160.80
510623161522301720 7 7131320127 15  6  7  3  3  5  5  7  60.31 93000.00
5106241615231713132723102327153  6  5  5 12  9  4  9 12  80.42 63000.00
5106251615243040434357534740353 15 27 32 32 67 56 39 27 371.46 60122.70
5106261615253037372723173020220 15 22 22 12  9  6 15  7 140.84 63104.70
5106271615262027401723432730227  7 12 27  6  9 32 12 15 150.84 48096.50
5106281615272730302730202033217 12 15 15 12 15  7  7 18 130.73 45095.20
5106291616 12723131333273327197 12  9  5  5 18 12 18 12 110.73 43092.50
5106301616 22730302723203013200 12 15 15 12  9  7 15  5 110.63 18000.00
5107011616 33317132727335070270 18  6  5 12 12 18 48132 311.36 17097.70
5107021616 47377676040474047450154179111 80 27 39 27 39 821.87 16000.00
5107031616 54037333747434743327 27 22 18 22 39 32 39 32 291.36 36102.90
5107041616 64050402723333037280 27 48 27 12  9 18 15 22 221.15 50105.10
5107051616 73030332730201720207 15 15 18 12 15  7  6  7 120.73 32107.20
5107061616 81720202727302327190  6  7  7 12 12 15  9 12 100.63 56111.70
5107071616 91717171713302333167  6  6  6  6  5 15  9 18  90.52 69000.00
5107081616102717101710202737163 12  6  4  6  4  7 12 22  90.52 86000.00
5107091616114040202027404023250 27 27  7  7 12 27 27  9 181.05105143.50
5107101616123017272017172717170 15  6 12  7  6  6 12  6  90.52109152.70
510711161613 710272030272320163  3  4 12  7 15 12  9  7  90.52112163.00
5107121616142017132020231323150  7  6  5  7  7  9  5  9  70.31 96159.00
5107131616153323172010101317143 18  9  6  7  4  4  5  6  70.42 95153.90
5107141616161713202017101323133  6  5  7  7  6  4  5  9  60.31 92000.00
5107151616172013201323303357210  7  5  7  5  9 15 18 67 170.94 90000.00
5107161616183340174050433730290 18 27  6 27 48 32 22 15 241.26 40143.80
5107171616193027375033404330290 15 12 22 48 18 27 32 15 241.15 45000.00
5107181616202733403747503333300 12 18 27 22 39 48 18 18 251.26 48126.30
5107191616211720303723272713193  6  7 15 22  9 12 12  5 110.63 40120.20
5107201616223027272330231317190 15 12 12  9 15  9  5  6 100.63 33109.80
51072116162330233023172013 7163 15  9 15  9  6  7  5  3  90.52 26000.00
5107221616241743604033503740320  6 32 80 27 18 48 22 27 321.36 28000.00
5107231616255333404323172327260 56 18 27 32  9  6  9 12 211.15 70096.30
5107241616261723301730171013157  6  9 15  6 15  6  4  5  80.42 78099.40
510725161627 717333027333330210  3  6 18 15 12 18 18 15 130.84 61000.00
5107261617 12750504343502343330 12 48 48 32 32 48  9 32 331.36 52100.20
5107271617 24333404013272037253 32 18 27 27  5 12  7 22 191.05 60098.80
5107281617 34753374737504737353 39 56 22 39 22 48 39 22 361.46 79000.00
5107291617 43040333327272323237 15 27 18 18 12 12  9  9 150.84 61000.00
5107301617 52023203030233337217  7  9  7 15 15  9 18 22 130.73 66102.20
5107311617 63750474353605350393 22 48 39 32 56 80 56 48 481.67 58109.90
5108011617 74027173023605760313 27 12  6 15  9 80 67 80 371.46 64109.80
5108021617 85750372727233023273 67 48 22 12 12  9 15  9 241.26 71104.10
5108031617 92717203027131323170 12  6  7 15 12  5  5  9  90.52 55105.80
5108041617103333171333334037240 18 18  6  5 18 18 27 22 160.94 57000.00
5108051617114323171323332327203 32  9  6  5  9 18  9 12 120.73 73000.00
51080616171233 7201327371730183 18  3  7  5 12 22  6 15 110.63 74000.00
5108071617131333173017232733193  5 18  6 15  6  9 12 18 110.63 83134.30
5108081617142323231313101723147  9  9  9  5  5  4  6  9  70.42102146.80
5108091617151717233033202333197  6  6  9 15 18  7  9 18 110.63121143.50
5108101617161317272333172027177  5  6 12  9 18  6  7 12  90.52132158.20
5108111617172323303337303040247  9  9 15 18 22 15 15 27 160.94121000.00
5108121617184033333337303737280 27 18 18 18 22 15 22 22 201.05112000.00
5108131617192357534350535723360  9 67 56 32 48 56 67  9 431.57 82125.90
5108141617201310103023273033177  5  4  4 15  9 12 15 18 100.63 66121.50
5108151617213723331327335040257 22  9 18  5 12 18 48 27 201.05 62119.30
5108161617221330576330302033277  5 15 67 94 15 15  7 18 301.36 58114.80
5108171617233320301327472727223 18  7 15  5 12 39 12 12 150.84 54106.20
510818161724272727 710 7 310117 12 12 12  3  4  3  2  4  60.31 49000.00
5108191617251013333037332720203  4  5 18 15 22 18 12  7 130.73 66000.00
5108201617265753534340334747373 67 56 56 32 27 18 39 39 421.57 67104.00
5108211617276343475050575053413 94 32 39 48 48 67 48 56 541.67 54100.00
5108221618 15353533750303727340 56 56 56 22 48 15 22 12 361.46 62100.40
5108231618 23317273333473360283 18  6 12 18 18 39 18 80 261.26 38101.60
5108241618 34347404033273033293 32 39 27 27 18 12 15 18 241.15 42099.10
5108251618 43757575033505327363 22 67 67 48 18 48 56 12 421.57 24100.40
5108261618 54743604737374043353 39 32 80 39 22 22 27 32 371.46  8000.00
5108271618 62337403333435047307  9 22 27 18 18 32 48 39 271.26  6093.70
5108281618 73033303733274040270 15 18 15 22 18 12 27 27 191.05  8097.60
5108291618 83733333333331727247 22 18 18 18 18 18  6 12 160.94 24097.70
5108301618 91013 72027303027163  4  5  3  7 12 15 15 12  90.52 15099.70
5108311618102317373340372740253  9  6 22 18 27 22 12 27 181.05 40103.10
510901161811271713132013 727137 12  6  5  5  7  5  3 12  70.31 46106.60
5109021618122317101313131013113  9  6  4  5  5  5  4  5  50.21 47000.00
5109031618132720272727101330180 12  7 12 12 12  4  5 15 100.63 48000.00
5109041618142030201323171723163  7 15  7  5  9  6  6  9  80.42 55109.60
5109051618152713202717134743207 12  5  7 12  6  5 39 32 150.84 64116.00
5109061618164320403727204330260 32  7 27 22 12  7 32 15 191.05 84115.80
5109071618172710102720233320170 12  4  4 12  7  9 18  7  90.52 77126.40
5109081618181327271727302320183  5 12 12  6 12 15  9  7 100.52 91000.00
5109091618193330203343373037263 18 15  7 18 32 22 15 22 191.05108000.00
5109101618204743535050373013323 39 32 56 48 48 22 15  5 331.36118125.90
5109111618213727432740435070337 22 12 32 12 27 32 48132 401.46129128.50
5109121618224740434047433353347 39 27 32 27 39 32 18 56 341.36123131.00
5109131618236050432743474763380 80 48 32 12 32 39 39 94 471.57114122.80
5109141618245050473740233027303 48 48 39 22 27  9 15 12 281.26110123.10
5109151618254343604353503737367 32 32 80 32 56 48 22 22 401.57100000.00
5109161618264763576363635767480 39 94 67 94 94 94 67111 821.87 89000.00
5109171618275750505050503357397 67 48 48 48 48 48 18 67 491.67 93111.90
5109181619 14747303723504730310 39 39 15 22  9 48 39 15 281.26 98115.70
5109191619 23023373753777047373 15  9 22 22 56179132 39 591.77 89122.90
5109201619 35060737363637063517 48 80154154 94 94132 941061.98 91127.50
5109211619 46363637060575760493 94 94 94132 80 67 67 80 881.87104134.70
5109221619 55770606357506760483 67132 80 94 67 48111 80 851.87109000.00
5109231619 66060534343435347403 80 80 56 32 32 32 56 39 511.67104000.00
5109241619 75057505053374033370 48 67 48 48 56 22 27 18 421.57 80121.80
5109251619 83747475373778083497 22 39 39 561541792072361161.98 76110.20
5109261619 98777433727332327353300179 32 22 12 18  9 12 731.87 70112.70
5109271619105763605343333333377 67 94 80 56 32 18 18 18 481.67 63112.20
510928161911572317131310 727167 67  9  6  5  5  4  3 12 140.84 58105.70
5109291619123723271340534033267 22  9 12  5 27 56 27 18 221.15 23000.00
51093016191337333023201010 7170 22 18 15  9  7  4  4  3 100.63 31000.00
51100116191420131313 7272720140  7  5  5  5  3 12 12  7  70.42 41095.00
5110021619153737372717201737227 22 22 22 12  6  7  6 22 150.84 44091.10
5110031619161717 72323102323143  6  6  3  9  9  4  9  9  70.31 43100.60
511004161917 7 3 3 7 3132017 73  3  2  2  3  2  5  7  6  40.10 38103.40
51100516191830 3 7 3 3 71720 90 15  2  3  2  2  3  6  7  50.21 31097.90
51100616191917 7 7 7 0 0 0 3 40  6  3  3  3  0  0  0  2  20.00 19000.00
5110071619201320273343536753310  5  7 12 18 32 56111 56 371.46 16098.40
5110081619216057636053504040423 80 67 94 80 56 48 27 27 601.77 25000.00
5110091619224040374750333053330 27 27 22 39 48 18 15 56 321.36 54100.60
5110101619235043405340574747377 48 32 27 56 27 67 39 39 421.57 71000.00
51101116192443334040333323 7253 32 18 27 27 18 18  9  3 191.05 81109.40
5110121619252030274037272320223  7 15 12 27 22 12  9  7 140.84 95119.90
5110131619263037335030234057300 15 22 18 48 15  9 27 67 281.26 72000.00
5110141619274727303313335343280 39 12 15 18  5 18 56 32 241.26 52000.00
5110151620 13327272313132740203 18 12 12  9  5  5 12 27 120.73 63118.60
5110161620 23040333723334047283 15 27 18 22  9 18 27 39 221.15 67121.60
5110171620 36063636057706757497 80 94 94 80 67132111 67 911.87 56120.50
5110181620 44353605343534343393 32 56 80 56 32 56 32 32 471.57 58120.10
5110191620 56053504343435357403 80 56 48 32 32 32 56 67 501.67 81123.40
5110201620 66033433733204020287 80 18 32 22 18  7 27  7 261.26 78111.40
5110211620 73043304323202320233 15 32 15 32  9  7  9  7 160.94 43102.90
5110221620 83733273033504033283 22 18 12 15 18 48 27 18 221.15 32093.00
5110231620 93020232327302023197 15  7  9  9 12 15  7  9 100.63 21088.80
51102416201020171317 3 71720113  7  6  5  6  2  3  6  7  50.21 14090.30
51102516201113 7 3 7 3 7 3 7 50  5  3  2  3  2  3  2  3  30.10 22090.60
5110261620121313234027202353213  5  5  9 27 12  7  9 56 160.94 41099.90
5110271620133040232323 3 313160 15 27  9  9  9  2  2  5 100.52 55101.80
511028162014 337335370808750413  2 22 18 56132207300 48 981.98 71111.80
5110291620153733272027131017183 22 18 12  7 12  5  4  6 110.63 73109.30
51103016201610333333131010 0143  4 18 18 18  5  4  4  0  90.52 72106.80
511031162017 0 7 7 7 7 71013 57  0  3  3  3  3  3  4  5  30.10 70109.70
511101162018 7 0132013102027110  3  0  5  7  5  4  7 12  50.21 45105.60
5111021620192737303030272727233 12 22 15 15 15 12 12 12 140.84 57103.00
5111031620203747474343273750330 22 39 39 32 32 12 22 48 311.36 46000.00
5111041620214753473340403037327 39 56 39 18 27 27 15 22 301.36 53105.40
5111051620223343303317203333243 18 32 15 18  6  7 18 18 160.94 61112.00
5111061620232333372733335333273  9 18 22 12 18 18 56 18 211.15 56112.00
5111071620245047373727332727283 48 39 22 22 12 18 12 12 231.15 62000.00
5111081620253723131717 72720160 22  9  5  6  6  3 12  7  90.52 43110.30
5111091620261737403733402723253  6 22 27 22 18 27 12  9 181.05 61111.00
5111101620272317 7 7 7 710 0 77  9  6  3  3  3  3  4  0  40.10 62000.00
5111111621 1 0 0 71027173033123  0  0  3  4 12  6 15 18  70.42 76109.70
5111121621 25740473337472020300 67 27 39 18 22 39  7  7 281.26 65101.00
5111131621 32733475343506053367 12 18 39 56 32 48 80 56 431.57 41096.70
5111141621 45743533343436053387 67 32 56 18 32 32 80 56 471.57 40098.40
5111151621 54050434340433033323 27 48 32 32 27 32 15 18 291.36 40098.60
5111161621 63330233027332313213 18 15  9 15 12 18  9  5 130.73 50097.60
5111171621 71330272727275747253  5 15 12 12 12 12 67 39 221.15 46099.70
5111181621 83023202713102017160 15  9  7 12  5  4  7  6  80.42 44096.20
5111191621 9102713 713202030140  4 12  5  3  5  7  7 15  70.42 42095.30
5111201621103023101013333740197 15  9  4  4  5 18 22 27 130.73 43096.10
5111211621112730171310103033170 12 15  6  5  4  4 15 18 100.63 45094.90
5111221621124017202323273740227 27  6  7  9  9 12 22 27 150.84 52097.40
5111231621133730202730374040260 22 15  7 12 15 22 27 27 181.05 54099.10
5111241621143330201733432720223 18 15  7  6 18 32 12  7 140.84 54000.00
5111251621153020333030372747253 15  7 18 15 15 22 12 39 181.05 54098.60
5111261621162720171740203720197 12  7  6  6 27  7 22  7 120.73 60099.40
5111271621172320171713171727150  9  7  6  6  5  6  6 12  70.42 75101.30
5111281621183023302337333747260 15  9 15  9 22 18 22 39 191.05 59104.30
5111291621194037334340403737307 27 22 18 32 27 27 22 22 251.26 55101.80
5111301621204017372337272317220 27  6 22  9 22 12  9  6 140.84 31107.70
5112011621212727233333272727223 12 12  9 18 18 12 12 12 130.84 32000.00
5112021621223340372323273027240 18 27 22  9  9 12 15 12 160.94 24095.10
5112031621233327202320272333207 18 12  7  9  7 12  9 18 120.73 20092.10
5112041621243037333343434750317 15 22 18 18 32 32 39 48 281.26 22092.30
5112051621253333172730302323217 18 18  6 12 15 15  9  9 130.73 20089.60
51120616212613 710 3 7 73020 97  5  3  4  2  3  3 15  7  50.21 34082.20
5112071621272017 33030333730200  7  6  2 15 15 18 22 15 120.73 41086.40
5112081622 16040535747476347413 80 27 56 67 39 39 94 39 551.67 54000.00
5112091622 24050405353535733380 27 48 27 56 56 56 67 18 441.57 42083.00
5112101622 32043504740474040327  7 32 48 39 27 39 27 27 311.36 22084.90
5112111622 44337574340433043337 32 22 67 32 27 32 15 32 321.36 22083.80
5112121622 52027332733171727200  7 12 18 12 18  6  6 12 110.73 28087.90
5112131622 62033272323 31017157  7 18 12  9  9  2  4  6  80.52 31089.00
5112141622 720271310 3103043157  7 12  5  4  2  4 15 32 100.63 26094.10
5112151622 84733373733335030300 39 18 22 22 18 18 48 15 251.26 40000.00
5112161622 92737302017202027197 12 22 15  7  6  7  7 12 110.63 49000.00
5112171622102337172333404343260  9 22  6  9 18 27 32 32 191.05 59104.50
5112181622114043332730403750300 27 32 18 12 15 27 22 48 251.26 63101.90
5112191622123730334340433343303 22 15 18 32 27 32 18 32 241.26 62111.80
5112201622134040304020172320230 27 27 15 27  7  6  9  7 160.94 68113.00
5112211622142313101010171340137  9  5  4  4  4  6  5 27  80.42 76123.10
5112221622153353274037535350347 18 56 12 27 22 56 56 48 371.46102000.00
5112231622165337234020232010227 56 22  9 27  7  9  7  4 181.05106125.00
51122416221717 3 3 7 3 71713 70  6  2  2  3  2  3  6  5  40.10 66117.10
511225162218131010131010 717 90  5  4  4  5  4  4  3  6  40.21 52000.00
511226162219 3 0 713 7 710 3 50  2  0  3  5  3  3  4  2  30.00 29110.80
511227162220 737173033 72047197  3 22  6 15 18  3  7 39 140.84 27103.40
5112281622214370706060474033423 32132132 80 80 39 27 18 681.77 41105.00
51122916222230171013372720 7160 15  6  4  5 22 12  7  3  90.52 43103.00
511230162223 3 3133023171737143  2  2  5 15  9  6  6 22  80.52 50000.00
5112311622243330475743475347357 18 15 39 67 32 39 56 39 381.46 68101.40
