5201011622255037404033303027287 48 22 27 27 18 15 15 12 231.15 66000.00
5201021622262327201313172713153  9 12  7  5  5  6 12  5  80.42 63091.90
5201031622271723171323103330167  6  9  6  5  9  4 18 15  90.52 58086.20
5201041623 14020172330333047240 27  7  6  9 15 18 15 39 170.94 40085.00
5201051623 23760604750433043370 22 80 80 39 48 32 15 32 441.57 32000.00
5201061623 34747474030433023307 39 39 39 27 15 32 15  9 271.26 18000.00
5201071623 43030272743433340273 15 15 12 12 32 32 18 27 201.05 27086.60
5201081623 53340233030302010217 18 27  9 15 15 15  7  4 140.84 35093.20
5201091623 6 330331720303727197  2 15 18  6  7 15 22 12 120.73 47100.70
5201101623 73053473333473747327 15 56 39 18 18 39 22 39 311.36 43106.40
5201111623 84037373040473737303 27 22 22 15 27 39 22 22 241.26 55108.40
5201121623 94753404040474350360 39 56 27 27 27 39 32 48 371.46 57000.00
5201131623104043375057474753373 27 32 22 48 67 39 39 56 411.57 61000.00
5201141623114350474347504750377 32 48 39 32 39 48 39 48 411.57 65108.50
5201151623123743433760504023333 22 32 32 22 80 48 27  9 341.36 72104.70
5201161623133323273327303030233 18  9 12 18 12 15 15 15 140.84 70093.90
52011716231420272017 7132320147  7 12  7  6  3  5  9  7  70.42 55095.90
5201181623152017 710 7101010 90  7  6  3  4  3  4  4  4  40.21 53087.70
520119162316 710 71020172317110  3  4  3  4  7  6  9  6  50.21 44000.00
520120162317 3171313 7132020107  2  6  5  5  3  5  7  7  50.21 38000.00
5201211623182317172013131317133  9  6  6  7  5  5  5  6  60.31 33091.00
5201221623192023201717202330170  7  9  7  6  6  7  9 15  80.42 12085.50
5201231623203020273343434337277 15  7 12 18 32 32 32 22 211.15 24104.50
5201241623213723201730373030223 22  9  7  6 15 22 15 15 140.84 30087.10
5201251623223313233030302720207 18  5  9 15 15 15 12  7 120.73 32085.10
520126162323 0 31327272010 7107  0  2  5 12 12  7  4  3  60.31 31000.00
5201271623241337404357533737317  5 22 27 32 67 56 22 22 321.36 27000.00
5201281623253350373740372030283 18 48 22 22 27 22  7 15 231.15 19083.60
5201291623262010273740506357303  7  4 12 22 27 48 94 67 351.46 15083.20
5201301623273740402330102723230 22 27 27  9 15  4 12  9 160.94 22082.40
5201311624 11313171337372027177  5  5  6  5 22 22  7 12 100.63 17080.00
5202011624 23320435747405043333 18  7 32 67 39 27 48 32 341.36 21081.40
5202021624 33343302323302020223 18 32 15  9  9 15  7  7 140.84  7000.00
5202031624 41723171717132010133  6  9  6  6  6  5  7  4  60.31  7000.00
5202041624 5201710 720 710 3 93  7  6  4  3  7  3  4  2  40.21 15080.60
5202051624 6 313 7 710 3 3 7 53  2  5  3  3  4  2  2  3  30.10 27087.20
5202061624 72037374343576063360  7 22 22 32 32 67 80 94 441.57 31085.20
5202071624 84743535340404347367 39 32 56 56 27 27 32 39 381.46 28086.90
5202081624 95343604043504743380 56 32 80 27 32 48 39 32 431.57 26085.80
5202091624104043273343474340317 27 32 12 18 32 39 32 27 271.26 30000.00
5202101624113030303727435367317 15 15 15 22 12 32 56111 351.46 18000.00
5202111624126047334733334353350 80 39 18 39 18 18 32 56 381.46  0088.20
5202121624135350374347374350360 56 48 22 32 39 22 32 48 371.46 16086.20
5202131624144737333343474050330 39 22 18 18 32 39 27 48 301.36 23092.90
5202141624154027273330333730257 27 12 12 18 15 18 22 15 170.94 35094.20
520215162416203037271320 727180  7 15 22 12  5  7  3 12 100.63 44000.00
5202161624173757635753405050407 22 67 94 67 56 27 48 48 541.67 44099.40
5202171624184727133030232017207 39 12  5 15 15  9  7  6 140.84 53000.00
5202181624193727203727203340240 22 12  7 22 12  7 18 27 160.94 52101.50
5202191624205043473740375050353 48 32 39 22 27 22 48 48 361.46 54094.40
5202201624213037433020231313210 15 22 32 15  7  9  5  5 140.84 35087.50
520221162422202010 323171713123  7  7  4  2  9  6  6  5  60.31 28084.90
520222162423 710201313133017123  3  4  7  5  5  5 15  6  60.31 20077.90
5202231624242317201013131343153  9  6  7  4  5  5  5 32  90.52 26000.00
5202241624256770376057506043443111132 22 80 67 48 80 32 721.87 17079.20
5202251624264727203347202317233 39 12  7 18 39  7  9  6 170.94  0078.00
5202261624273333434327434050313 18 18 32 32 12 32 27 48 271.26  0071.10
5202271625 14357634027404350363 32 67 94 27 12 27 32 48 421.57  0070.30
5202281625 24753575040474320357 39 56 67 48 27 39 32  7 391.46  0069.80
5202291625 32043374040372037273  7 32 22 27 27 22  7 22 211.15  0068.10
5203011625 437373333373313 7230 22 22 18 18 22 18  5  3 160.94  0000.00
5203021625 51027 7171310 7 7 97  4 12  3  6  5  4  3  3  50.21  0000.00
5203031625 6 310231757476367287  2  4  9  6 67 39 94111 421.57  0070.40
5203041625 75763606350535753457 67 94 80 94 48 56 67 56 701.87  0070.00
5203051625 86067536360636073500 80111 56 94 80 94 80154 941.98  9074.10
5203061625 98073634743405053450207154 94 39 32 27 48 56 821.87 10074.70
5203071625103750336353575067410 22 48 18 94 56 67 48111 581.77 10073.80
5203081625115750434747576053413 67 48 32 39 39 67 80 56 541.67 23000.00
5203091625126040475043535060403 80 27 39 48 32 56 48 80 511.67 20000.00
5203101625134343473743575053373 32 32 39 22 32 67 48 56 411.57 30081.00
5203111625145340373740435337340 56 27 22 22 27 32 56 22 331.36 38079.40
5203121625154333273040334030277 32 18 12 15 27 18 27 15 201.05 28081.90
5203131625162723302033202333210 12  9 15  7 18  7  9 18 120.73 35085.60
520314162517202310302313 723150  7  9  4 15  9  5  3  9  80.42 25083.70
5203151625182030302030274043240  7 15 15  7 15 12 27 32 160.94 22000.00
5203161625192033434030373740280  7 18 32 27 15 22 22 27 211.15 18000.00
5203171625203747403747433030310 22 39 27 22 39 32 15 15 261.26 20079.60
5203181625212333332723371020207  9 18 18 12  9 22  4  7 120.73 15078.00
5203191625222010171017232720143  7  4  6  4  6  9 12  7  70.31  9075.90
520320162523 3131723 7 31010 87  2  5  6  9  3  2  4  4  40.21  0075.90
5203211625242737474757473757353 12 22 39 39 67 39 22 67 381.46  0076.50
5203221625254750403323304357323 39 48 27 18  9 15 32 67 321.36  0000.00
5203231625267043504333405740377132 32 48 32 18 27 67 27 481.67  0000.00
5203241625275057505350504743400 48 67 48 56 48 48 39 32 481.67  0073.10
5203251626 12333474347374033303  9 18 39 32 39 22 27 18 261.26 23075.30
5203261626 24730131730274027230 39 15  5  6 15 12 27 12 160.94 30074.50
5203271626 32040373333432727260  7 27 22 18 18 32 12 12 181.05 46080.30
5203281626 4172010 713 71310 97  6  7  4  3  5  3  5  4  50.21 60085.40
5203291626 5 710102727132030143  3  4  4 12 12  5  7 15  80.42 71000.00
5203301626 63337202043606067340 18 22  7  7 32 80 80111 451.57 75000.00
5203311626 77760675340605350460179 80111 56 27 80 56 48 801.87 66084.30
5204011626 84750474757504017353 39 48 39 39 67 48 27  6 391.46 28086.20
5204021626 96353537043536363463 94 56 56132 32 56 94 94 771.87 16085.20
5204031626106060636747635763480 80 80 94111 39 94 67 94 821.87 21082.60
5204041626115343575050436357417 56 32 67 48 48 32 94 67 561.67 26089.00
5204051626125043575050575057413 48 32 67 48 48 67 48 67 531.67 37000.00
5204061626136043435737404763390 80 32 32 67 22 27 39 94 491.67 33000.00
5204071626145043534337374743353 48 32 56 32 22 22 39 32 351.46 37083.60
5204081626155047434043374743350 48 39 32 27 32 22 39 32 341.36 40086.20
5204091626165037404033474350340 48 22 27 27 18 39 32 48 331.36 32089.20
5204101626176750434030132727297111 48 32 27 15  5 12 12 331.36 30080.90
5204111626183023303030172010190 15  9 15 15 15  6  7  4 110.63 46000.00
52041216261937272320 7 72720167 22 12  9  7  3  3 12  7  90.52 28088.60
5204131626203753203027173020233 22 56  7 15 12  6 15  7 181.05 22000.00
52041416262117 7173327402330193  6  3  6 18 12 27  9 15 120.73 19000.00
5204151626223330273747332717250 18 15 12 22 39 18 12  6 181.05  7078.90
5204161626233043472733333027270 15 32 39 12 18 18 15 12 201.05  8075.50
5204171626243050402713101313197 15 48 27 12  5  4  5  5 150.94  7076.00
520418162625 310132027334050197  2  4  5  7 12 18 27 48 150.94 17078.70
5204191626264037272043474747307 27 22 12  7 32 39 39 39 271.26 33000.00
5204201626272330201710171030157  9 15  7  6  4  6  4 15  80.42 53000.00
5204211627 12733404083807063437 12 18 27 27236207132 94 941.98 62090.30
5204221627 24753575330302727323 39 56 67 56 15 15 12 12 341.36 52091.10
5204231627 33740374020273020250 22 27 22 27  7 12 15  7 170.94 40086.50
5204241627 41313 31023432743177  5  5  2  4  9 32 12 32 130.73 27088.30
5204251627 51713 73733231017157  6  5  3 22 18  9  4  6  90.52 20084.50
5204261627 610 3101717273323140  4  2  4  6  6 12 18  9  80.42 26000.00
5204271627 72010 71013101027107  7  4  3  4  5  4  4 12  50.21 16000.00
5204281627 84053404343403733330 27 56 27 32 32 27 22 18 301.36 17084.60
5204291627 94357634353707073473 32 67 94 32 56132132154 871.87 32085.60
5204301627106753535347535363443111 56 56 56 39 56 56 94 661.77 42083.80
5205011627116353535747435357427 94 56 56 67 39 32 56 67 581.77 30085.40
5205021627126357475050475360427 94 67 39 48 48 39 56 80 591.77 18080.80
5205031627135353433340436370400 56 56 32 18 27 32 94132 561.67  9000.00
5205041627146750403740475053383111 48 27 22 27 39 48 56 471.57 22000.00
5205051627155340404037333047320 56 27 27 27 22 18 15 39 291.36 32086.90
5205061627163743534330372733303 22 32 56 32 15 22 12 18 261.26 34089.90
5205071627174043575767606070453 27 32 67 67111 80 80132 741.87 30091.70
5205081627185747473737373323317 67 39 39 22 22 22 18  9 301.36 27090.50
5205091627191710 7 0 3 3 320 63  6  4  3  0  2  2  2  7  30.10 23086.70
5205101627203020101723 3 7 3113 15  7  4  6  9  2  3  2  60.31  7081.20
520511162721 013132037433720183  0  5  5  7 22 32 22  7 120.73  7072.20
5205121627224033302017132720200 27 18 15  7  6  5 12  7 120.73  6072.20
5205131627231313132343173337193  5  5  5  9 32  6 18 22 130.73  8074.80
52051416272440332710 71010 7143 27 18 12  4  3  4  4  3  90.52 15076.50
52051516272513 3 31017271713103  5  2  2  4  6 12  6  5  50.21 14076.20
52051616272610 7 710 717 310 70  4  3  3  4  3  6  2  4  40.10  8077.90
520517162727 31010 713172330113  2  4  4  3  5  6  9 15  60.31 10078.00
5205181628 15030435040604030343 48 15 32 48 27 80 27 15 361.46 18078.80
5205191628 24057475733373027327 27 67 39 67 18 22 15 12 331.36 22079.80
5205201628 33037333340372037267 15 22 18 18 27 22  7 22 191.05 36080.20
5205211628 42727334033272017223 12 12 18 27 18 12  7  6 140.84 26075.80
5205221628 51017131713 7 7 3 87  4  6  5  6  5  3  3  2  40.10 25082.40
5205231628 6 7 7101723272720137  3  3  4  6  9 12 12  7  70.42 32083.80
5205241628 73323272330302333223 18  9 12  9 15 15  9 18 130.84 31080.90
5205251628 847334030233013 7223 39 18 27 15  9 15  5  3 160.94 17000.00
5205261628 9 3 7376040505377327  2  3 22 80 27 48 56179 521.67 10086.50
5205271628108057475343535750440207 67 39 56 32 56 67 48 721.87 43089.10
5205281628114730304347575050353 39 15 15 32 39 67 48 48 381.46 57094.30
5205291628124753435337504040363 39 56 32 56 22 48 27 27 381.46 49090.80
5205301628134047373030233733277 27 39 22 15 15  9 22 18 211.15 36086.20
5205311628144747402323203343277 39 39 27  9  9  7 18 32 221.15 23085.40
5206011628152033302717202320190  7 18 15 12  6  7  9  7 100.63 12000.00
5206021628162027201320203017167  7 12  7  5  7  7 15  6  80.42 19078.30
5206031628172327171717173030177  9 12  6  6  6  6 15 15  90.52 14077.90
5206041628183013102013101713127 15  5  4  7  5  4  6  5  60.31  7076.20
5206051628192027202020302017173  7 12  7  7  7 15  7  6  80.52  7074.50
5206061628202713201310 71010110 12  5  7  5  4  3  4  4  60.21  6074.00
5206071628211310101710 72013100  5  4  4  6  4  3  7  5  50.21 26074.90
5206081628223033334333434343303 15 18 18 32 18 32 32 32 251.26 21074.10
5206091628233343373357503743333 18 32 22 18 67 48 22 32 321.36  8075.40
5206101628243730272740373343273 22 15 12 12 27 22 18 32 201.05 17077.20
5206111628253330402330373033257 18 15 27  9 15 22 15 18 170.94 10075.00
5206121628263023271720201717170 15  9 12  6  7  7  6  6  80.52 18076.30
520613162827 31023 310102323107  2  4  9  2  4  4  9  9  50.21 20077.70
5206141629 11727474047435350323  6 12 39 27 39 32 56 48 321.36 22079.00
5206151629 22743374040273030273 12 32 22 27 27 12 15 15 201.05 46082.90
5206161629 33047433337433017280 15 39 32 18 22 32 15  6 221.15 36083.80
5206171629 42733333727372317233 12 18 18 22 12 22  9  6 150.84 45086.80
5206181629 54333172730202033223 32 18  6 12 15  7  7 18 140.84 45088.50
5206191629 62013131327201713137  7  5  5  5 12  7  6  5  60.31 55089.40
5206201629 72013101317131313113  7  5  4  5  6  5  5  5  50.21 57090.30
5206211629 81310 31717171313103  5  4  2  6  6  6  5  5  50.21 50093.90
5206221629 91013332750474743270  4  5 18 12 48 39 39 32 251.26 55094.30
5206231629104337474750373343337 32 22 39 39 48 22 18 32 321.36 70103.00
5206241629115357374050473337353 56 67 22 27 48 39 18 22 371.46 58099.90
5206251629121717202737333743230  6  6  7 12 22 18 22 32 160.94 56101.30
5206261629134330304037402317260 32 15 15 27 22 27  9  6 191.05 56101.70
5206271629142733302327333330237 12 18 15  9 12 18 18 15 150.84 52110.00
5206281629152710133330171010150 12  4  5 18 15  6  4  4  80.52 66107.00
5206291629161713231713104060193  6  5  9  6  5  4 27 80 181.05 63110.40
5206301629175380777037231723380 56207179132 22  9  6  9 781.87 76105.30
5207011629181313131313 74760180  5  5  5  5  5  3 39 80 181.05 59100.40
5207021629192723173013131017150 12  9  6 15  5  5  4  6  80.42 55095.90
5207031629202020171733373023197  7  7  6  6 18 22 15  9 110.63 39096.40
5207041629212027232327331020183  7 12  9  9 12 18  4  7 100.52 31090.80
5207051629223050535057576347407 15 48 56 48 67 67 94 39 541.67 26086.80
5207061629233047633730202020267 15 39 94 22 15  7  7  7 261.26 12081.20
52070716292427203023172717 7167 12  7 15  9  6 12  6  3  90.52 13080.40
520708162925 717232040302027183  3  6  9  7 27 15  7 12 110.63 19086.00
5207091629263027405033403330283 15 12 27 48 18 27 18 15 221.15 44090.70
5207101629272337333733474033283  9 22 18 22 18 39 27 18 221.15 52095.90
5207111630 137403717232020 7200 22 27 22  6  9  7  7  3 130.73 70103.30
5207121630 22323273020 71023163  9  9 12 15  7  3  4  9  80.52 66108.20
5207131630 31320132027372713170  5  7  5  7 12 22 12  5  90.52 72109.50
5207141630 43030272730372030230 15 15 12 12 15 22  7 15 140.84 93108.60
5207151630 53040273327302333243 15 27 12 18 12 15  9 18 160.94 90106.80
5207161630 62327272027172013173  9 12 12  7 12  6  7  5  90.52 85105.50
5207171630 7 723231717232327160  3  9  9  6  6  9  9 12  80.42 53103.80
5207181630 81727172327171720163  6 12  6  9 12  6  6  7  80.42 43095.90
5207191630 913 7 71320102020110  5  3  3  5  7  4  7  7  50.21 23092.80
5207201630102323235753434350317  9  9  9 67 56 32 32 48 331.36 30088.50
5207211630114057505060504343393 27 67 48 48 80 48 32 32 481.67 25082.80
5207221630124330303320203337247 32 15 15 18  7  7 18 22 170.94  9083.30
5207231630132723272020272033197 12  9 12  7  7 12  7 18 100.63  9078.00
5207241630143017102320302727183 15  6  4  9  7 15 12 12 100.63  9078.00
5207251630151313172327333030187  5  5  6  9 12 18 15 15 110.63 17078.40
5207261630163733302323171013187 22 18 15  9  9  6  4  5 110.63 11078.40
52072716301723 3 71020201743143  9  2  3  4  7  7  6 32  90.52 19081.60
52072816301820171710 71020 3103  7  6  6  4  3  4  7  2  50.21 23084.00
520729163019 0 3 3 3 7 71310 47  0  2  2  2  3  3  5  4  30.00 26080.90
52073016302010 3 310 7 3 713 57  4  2  2  4  3  2  3  5  30.10 36089.50
5207311630212317434037333020243  9  6 32 27 22 18 15  7 170.94 60100.40
5208011630222330231720133020177  9 15  9  6  7  5 15  7  90.52 62090.20
5208021630232720171723173330183 12  7  6  6  9  6 18 15 100.63 42086.30
5208031630241743474057502723303  6 32 39 27 67 48 12  9 301.36 35089.80
5208041630253033332023274040247 15 18 18  7  9 12 27 27 170.94 44089.70
5208051630263727273013272723210 22 12 12 15  5 12 12  9 120.73 46087.10
5208061630274747403023272327263 39 39 27 15  9 12  9 12 201.05 43088.00
5208071631 14027402023102030210 27 12 27  7  9  4  7 15 140.84 51094.40
5208081631 22727272323132020180 12 12 12  9  9  5  7  7  90.52 49094.30
5208091631 31013131317133027137  4  5  5  5  6  5 15 12  70.42 57093.50
5208101631 44327202743373023250 32 12  7 12 32 22 15  9 181.05 59000.00
5208111631 53720132733172340210 22  7  5 12 18  6  9 27 130.84 43087.00
5208121631 65023303330403723267 48  9 15 18 15 27 22  9 201.05 54087.40
5208131631 7132023171717 710123  5  7  9  6  6  6  3  4  60.31 66089.00
5208141631 81320131313 713 7100  5  7  5  5  5  3  5  3  50.21 50089.40
5208151631 920 7 3 7 7103030113  7  3  2  3  3  4 15 15  60.31 44092.90
52081616311027271310 3 3 3 3 90 12 12  5  4  2  2  2  2  50.21 45000.00
5208171631112330435347375337323  9 15 32 56 39 22 56 22 311.36 50088.40
5208181631125043332737474350330 48 32 18 12 22 39 32 48 311.36 43090.10
5208191631134037273323332017230 27 22 12 18  9 18  7  6 150.84 30087.60
5208201631143043373730232333257 15 32 22 22 15  9  9 18 181.05 22088.00
5208211631152010102713171310120  7  4  4 12  5  6  5  4  60.31 28092.20
520822163116 7 71717 7131327107  3  3  6  6  3  5  5 12  50.21 30092.10
5208231631174023131717202010160 27  9  5  6  6  7  7  4  90.52 54099.10
52082416311810132720101713 3113  4  5 12  7  4  6  5  2  60.31 69102.90
520825163119 0 7131720101010 87  0  3  5  6  7  4  4  4  40.10 80104.70
520826163120 717102010101720110  3  6  4  7  4  4  6  7  50.21 74115.80
5208271631213027403013171713187 15 12 27 15  5  6  6  5 110.73 90114.40
520828163122202713 7 310 7 7 93  7 12  5  3  2  4  3  3  50.21 85123.00
5208291631231710131723404040200  6  4  5  6  9 27 27 27 140.84 89121.60
5208301631244757471717273027267 39 67 39  6  6 12 15 12 241.26 83000.00
5208311631251330132323102040173  5 15  5  9  9  4  7 27 100.63 85000.00
5209011631265753575340474057403 67 56 67 56 27 39 27 67 511.67 89000.00
5209021631274347604750373743363 32 39 80 39 48 22 22 32 391.46 75000.00
5209031632 13747404727372740300 22 39 27 39 12 22 12 27 251.26 55104.90
5209041632 22727302730232713203 12 12 15 12 15  9 12  5 120.73 36099.60
5209051632 32717273033473737253 12  6 12 15 18 39 22 22 181.05 35093.20
5209061632 43740332320272727233 22 27 18  9  7 12 12 12 150.84 38086.60
5209071632 51347401323305363283  5 39 27  5  9 15 56 94 311.36 35083.60
5209081632 66057575343505357430 80 67 67 56 32 48 56 67 591.77 14081.90
5209091632 75057536037534050400 48 67 56 80 22 56 27 48 501.67 16079.30
5209101632 84743474033132027270 39 32 39 27 18  5  7 12 221.15 17075.90
5209111632 93327233030272033223 18 12  9 15 15 12  7 18 130.84  7076.30
5209121632103740333040334030283 22 27 18 15 27 18 27 15 211.15  0079.20
5209131632111317131713101320117  5  6  5  6  5  4  5  7  50.21  7074.90
5209141632123350333740473333307 18 48 18 22 27 39 18 18 261.26  0072.20
5209151632132717203027273033210 12  6  7 15 12 12 15 18 120.73  8072.80
5209161632142723172723131733180 12  9  6 12  9  5  6 18 100.52 10078.70
520917163215231317202710 717133  9  5  6  7 12  4  3  6  60.31 11078.20
52091816321613131710 7 71713 97  5  5  6  4  3  3  6  5  50.21 23077.30
520919163217 7 010 71013 717 70  3  0  4  3  4  5  3  6  40.10 17083.20
52092016321813 717 717173343153  5  3  6  3  6  6 18 32 100.63 20080.10
5209211632195737172013131720193 67 22  6  7  5  5  6  7 160.94 27083.10
5209221632202333201317101310140  9 18  7  5  6  4  5  4  70.42 29086.40
520923163221131710101713 7 3 90  5  6  4  4  6  5  3  2  40.21 42084.70
5209241632221020272323372333197  4  7 12  9  9 22  9 18 110.63 45084.30
52092516322320 7 7 710273353163  7  3  3  3  4 12 18 56 130.84 38085.50
52092616322457574020171020 7227 67 67 27  7  6  4  7  3 241.15 38082.90
5209271632252050474737332013267  7 48 39 39 22 18  7  5 231.15 37000.00
5209281632262737434733406053340 12 22 32 39 18 27 80 56 361.46 31000.00
5209291632275360576053336070447 56 80 67 80 56 18 80132 711.87 28079.40
5209301633 17353375733433723357154 56 22 67 18 32 22  9 481.67 19075.60
5210011633 23740272717172027210 22 27 12 12  6  6  7 12 130.73 20076.70
5210021633 32027172040234027213  7 12  6  7 27  9 27 12 130.84 23076.70
5210031633 43040301330435360300 15 27 15  5 15 32 56 80 311.36 22080.00
5210041633 56363634737475367440 94 94 94 39 22 39 56111 691.77 42087.70
5210051633 64057675757606730433 27 67111 67 67 80111 15 681.77 33082.90
5210061633 74743404340473013303 39 32 27 32 27 39 15  5 271.26 37085.40
5210071633 8 717332730302333200  3  6 18 12 15 15  9 18 120.73 37085.30
5210081633 94033232340303050270 27 18  9  9 27 15 15 48 211.15 23083.70
5210091633103727133020173033207 22 12  5 15  7  6 15 18 120.73 26081.50
5210101633112327172010335040220  9 12  6  7  4 18 48 27 160.94 24079.70
5210111633123333303730404747297 18 18 15 22 15 27 39 39 241.26 16000.00
5210121633134747402727202727260 39 39 27 12 12  7 12 12 201.05 15082.20
5210131633143017 71317201023137 15  6  3  5  6  7  4  9  70.31 15079.30
52101416331527403713101710 3157 12 27 22  5  4  6  4  2 100.63 14076.70
52101516331610 7 3 7 3202710 87  4  3  2  3  2  7 12  4  50.21 11075.90
5210161633171327132030101023147  5 12  5  7 15  4  4  9  80.42 10077.10
5210171633183340271320372717213 18 27 12  5  7 22 12  6 140.84  0074.00
5210181633192337472320303323237  9 22 39  9  7 15 18  9 160.94  0074.00
5210191633202310304013 7 310137  9  4 15 27  5  3  2  4  90.52 12078.10
5210201633212323201720201017150  9  9  7  6  7  7  4  6  70.31 15078.60
521021163322 0 0174353504733243  0  0  6 32 56 48 39 18 251.26 25084.90
5210221633231327101310 0 0 7 80  5 12  4  5  4  0  0  3  40.10 27090.00
521023163324 0 0 3 71713 3 7 50  0  0  2  3  6  5  2  3  30.00 35090.70
52102416332510 7 3 3 0 3 7 3 37  4  3  2  2  0  2  3  2  20.00 33091.10
521025163326 0 3 73323373743183  0  2  3 18  9 22 22 32 140.84 37000.00
5210261633276050374750473740367 80 48 22 39 48 39 22 27 411.57 40088.10
5210271634 13333332710171720190 18 18 18 12  4  6  6  7 110.63 34085.90
5210281634 23733232023302017203 22 18  9  7  9 15  7  6 120.73 33087.10
5210291634 32320202030374037227  9  7  7  7 15 22 27 22 140.84 32085.40
5210301634 45060232030505360347 48 80  9  7 15 48 56 80 431.57 26084.00
5210311634 56053575353503037393 80 56 67 56 56 48 15 22 501.67 22080.70
5211011634 64333233343374050303 32 18  9 18 32 22 27 48 261.26 14075.00
5211021634 73737302337304013247 22 22 15  9 22 15 27  5 170.94 12000.00
5211031634 8232323332723 723183  9  9  9 18 12  9  3  9 100.52  7070.80
5211041634 9271320 7 3 7 7 3 87 12  5  7  3  2  3  3  2  50.21  0070.40
521105163410171710202013 717120  6  6  4  7  7  5  3  6  60.21  9074.90
5211061634111340403737303017243  5 27 27 22 22 15 15  6 170.94 13071.60
5211071634123030232720304043243 15 15  9 12  7 15 27 32 160.94 32071.80
5211081634133037272323273743247 15 22 12  9  9 12 22 32 170.94 30000.00
52110916341437301310 7302323173 22 15  5  4  3 15  9  9 100.63 30073.50
521110163415 7 0 7 3 01010 3 40  3  0  3  2  0  4  4  2  20.00 26071.80
521111163416 7 3 7 7 0172020 80  3  2  3  3  0  6  7  7  40.10 23073.50
52111216341713 013 0 3 3 3 3 40  5  0  5  0  2  2  2  2  20.00 16075.00
52111316341813 7 0 3 7 0 3 3 37  5  3  0  2  3  0  2  2  20.00 18075.80
521114163419 723172010 71727127  3  9  6  7  4  3  6 12  60.31 22076.20
52111516342017233023101727 7153  6  9 15  9  4  6 12  3  80.42 23000.00
521116163421 0 727234333 710150  0  3 12  9 32 18  3  4 100.63 15000.00
5211171634222310272017204337197  9  4 12  7  6  7 32 22 120.73 28086.80
5211181634232027272013 31717143  7 12 12  7  5  2  6  6  70.42 35090.80
5211191634241313101320101313107  5  5  4  5  7  4  5  5  50.21 43108.30
5211201634251717 31713201020117  6  6  2  6  5  7  4  7  50.21 47094.50
5211211634264040634730302723300 27 27 94 39 15 15 12  9 301.36 42097.40
52112216342747272737303723 3230 39 12 12 22 15 22  9  2 170.94 39089.90
5211231635 13037302317 7 7 7157 15 22 15  9  6  3  3  3 100.52 35090.70
5211241635 217 72027233010 3137  6  3  7 12  9 15  4  2  70.42 30090.20
5211251635 33713102727201313160 22  5  4 12 12  7  5  5  90.52 28093.20
5211261635 4 3 7303727375753250  2  3 15 22 12 22 67 56 251.26 17083.60
5211271635 53740436057434340363 22 27 32 80 67 32 32 27 401.46 14074.70
5211281635 64033403740403730297 27 18 27 22 27 27 22 15 231.15  8075.20
5211291635 72010233037303327210  7  4  9 15 22 15 18 12 130.73  0000.00
5211301635 82713302723302327200 12  5 15 12  9 15  9 12 110.63  7000.00
5212011635 91020303737404340257  4  7 15 22 22 27 32 27 201.05 13074.80
5212021635104337233353473750323 32 22  9 18 56 39 22 48 311.36 12000.00
5212031635113050373330273037273 15 48 22 18 15 12 15 22 211.15 14074.00
5212041635126740404340334043347111 27 27 32 27 18 27 32 381.46 16071.40
5212051635134337373737134323270 32 22 22 22 22  5 32  9 211.15 29072.60
5212061635141733231013231713150  6 18  9  4  5  9  6  5  80.42 32000.00
5212071635152017201710172710137  7  6  7  6  4  6 12  4  60.31 38000.00
52120816351617 713131717 3 7 93  6  3  5  5  6  6  2  3  40.21 43081.40
521209163517 3 0 7 3 3 310 3 33  2  0  3  2  2  2  4  2  20.00 38085.00
521210163518 723101320273323157  3  9  4  5  7 12 18  9  80.52 28087.90
5212111635191033332323202310177  4 18 18  9  9  7  9  4 100.52 31093.00
5212121635201713332340331310183  6  5 18  9 27 18  5  4 120.73 42089.50
5212131635213353605350203017317 18 56 80 56 48  7 15  6 361.46 47000.00
5212141635221017 0101310 323 87  4  6  0  4  5  4  2  9  40.10 63000.00
521215163523333020372727 313190 18 15  7 22 12 12  2  5 120.73 71099.60
5212161635241723132327272027177  6  9  5  9 12 12  7 12  90.52 67098.40
52121716352523273317 7 7 330147  9 12 18  6  3  3  2 15  80.52 70100.80
5212181635262730 71020234020177 12 15  3  4  7  9 27  7 100.63 66099.00
52121916352723 7 7 7 7 3 7 7 67  9  3  3  3  3  2  3  3  40.10 66000.00
5212201636 11013 71013 7 7 3 70  4  5  3  4  5  3  3  2  40.10 50000.00
5212211636 2 3 3101017 7 7 3 60  2  2  4  4  6  3  3  2  30.10 40000.00
5212221636 31310131730271717143  5  4  5  6 15 12  6  6  70.42 35080.20
5212231636 4 7 7 710 7 31013 63  3  3  3  4  3  2  4  5  30.10 35082.30
5212241636 52033204353434037290  7 18  7 32 56 32 27 22 251.26 29079.90
5212251636 63750304340232320267 22 48 15 32 27  9  9  7 211.15 18000.00
5212261636 73030302720301320200 15 15 15 12  7 15  5  7 110.73 30074.90
5212271636 82730272020203067240 12 15 12  7  7  7 15111 231.15 15000.00
5212281636 94027173037404043273 27 12  6 15 22 27 27 32 211.15  0000.00
5212291636105040334330504743337 48 27 18 32 15 48 39 32 321.36  0067.90
5212301636114747373737503743333 39 39 22 22 22 48 22 32 311.36  9067.80
5212311636124323403733433343297 32  9 27 22 18 32 18 32 241.15 16079.30
