54010116492717202013 7 01313103  6  7  7  5  3  0  5  5  50.21  0000.00
5401021650 13327373350472323273 18 12 22 18 48 39  9  9 221.15  0067.40
5401031650 2232023271710 310133  9  7  9 12  6  4  2  4  70.31  0000.00
5401041650 3 0 3 7 3 0 3 3 3 23  0  2  3  2  0  2  2  2  20.00  0065.90
5401051650 413 3 3 710133043123  5  2  2  3  4  5 15 32  80.52  0066.20
5401061650 52033231323231310160  7 18  9  5  9  9  5  4  80.42  0063.00
5401071650 6 720131013232310120  3  7  5  4  5  9  9  4  60.31  0066.30
5401081650 73323302710171727183 18  9 15 12  4  6  6 12 100.63  0065.80
5401091650 82717131720131020137 12  6  5  6  7  5  4  7  60.31  0000.00
5401101650 9 713101013131717100  3  5  4  4  5  5  6  6  50.21  0000.00
540111165010 3272723 7201023140  2 12 12  9  3  7  4  9  70.42  7069.90
5401121650111717102717372320167  6  6  4 12  6 22  9  7  90.52  0068.20
5401131650123330332313 71027177 18 15 18  9  5  3  4 12 100.63  0065.00
540114165013 7 710 7 7132327100  3  3  4  3  3  5  9 12  50.21  0066.30
5401151650142713372020172033187 12  5 22  7  7  6  7 18 100.63  0068.20
5401161650152717101317103010133 12  6  4  5  6  4 15  4  70.42  0000.00
540117165016 313 71013232717113  2  5  3  4  5  9 12  6  60.31  0064.80
5401181650172023201327202750200  7  9  7  5 12  7 12 48 130.84  0066.60
5401191650184023373723374747290 27  9 22 22  9 22 39 39 241.15  0068.10
5401201650194023372727303717237 27  9 22 12 12 15 22  6 160.94  0065.50
5401211650204037302027232733237 27 22 15  7 12  9 12 18 150.94  0068.80
5401221650213037373027232713223 15 22 22 15 12  9 12  5 140.84  0066.20
5401231650223343373020232017223 18 32 22 15  7  9  7  6 140.84  0000.00
54012416502323131713 71010 7100  9  5  6  5  3  4  4  3  50.21  0000.00
540125165024101310 7102723 7107  4  5  4  3  4 12  9  3  60.21  0065.00
5401261650252017 7 3 3101310 83  7  6  3  2  2  4  5  4  40.10  0066.70
54012716502620 7 7 7171720 7100  7  3  3  3  6  6  7  3  50.21  0065.70
54012816502713 72017 7 3 3 3 73  5  3  7  6  3  2  2  2  40.10  0067.00
5401291651 11010 7 3 31710 3 63  4  4  3  2  2  6  4  2  30.10  0065.80
5401301651 210 71013 7171327103  4  3  4  5  3  6  5 12  50.21  0000.00
5401311651 31727102013301727160  6 12  4  7  5 15  6 12  80.52  0000.00
5402011651 41743433737373337283  6 32 32 22 22 22 18 22 221.15  0068.50
5402021651 54033273340301333250 27 18 12 18 27 15  5 18 181.05  0067.30
5402031651 63723404033232737260 22  9 27 27 18  9 12 22 181.05  0065.80
5402041651 73033332010201713177 15 18 18  7  4  7  6  5 100.63  0068.80
5402051651 81313132010172027133  5  5  5  7  4  6  7 12  60.31  0067.60
5402061651 910231710 7 3 3 7 80  4  9  6  4  3  2  2  3  40.10  0000.00
540207165110101010 3 7 72023 90  4  4  4  2  3  3  7  9  40.21  0000.00
5402081651112717 31323 32317127 12  6  2  5  9  2  9  6  60.31  7066.60
54020916511220102017233020 7147  7  4  7  6  9 15  7  3  70.42  7000.00
5402101651131023301330132320163  4  9 15  5 15  5  9  7  90.52  0067.60
5402111651144330131717203343217 32 15  5  6  6  7 18 32 150.94  0067.40
54021216511527 717 710101720113 12  3  6  3  4  4  6  7  60.31  0000.00
5402131651162017172720101020140  7  6  6 12  7  4  4  7  70.31  0000.00
540214165117 3 3132727303023157  2  2  5 12 12 15 15  9  90.52  0000.00
5402151651181047335050533737317  4 39 18 48 48 56 22 22 321.36  0068.20
5402161651194043271733434343290 27 32 12  6 18 32 32 32 241.26  0066.60
5402171651205040273743434030310 48 27 12 22 32 32 27 15 271.26  0000.00
5402181651212327234330334317240  9 12  9 32 15 18 32  6 170.94  0067.00
5402191651221320473030232723213  5  7 39 15 15  9 12  9 140.84  0065.70
5402201651232313172023232017157  9  5  6  7  9  9  7  6  70.42  0000.00
5402211651241323203337505757290  5  9  7 18 22 48 67 67 301.36  0000.00
5402221651256053403740333747347 80 56 27 22 27 18 22 39 361.46  0065.70
5402231651264743373330433743313 39 32 22 18 15 32 22 32 261.26  0068.00
54022416512730 7273337303033227 15  3 12 18 22 15 15 18 150.84  0066.70
5402251652 12023172713272730183  7  9  6 12  5 12 12 15 100.52  0068.40
5402261652 22327406340405050333  9 12 27 94 27 27 48 48 361.46  0069.10
5402271652 34033474033572343317 27 18 39 27 18 67  9 32 301.36  0000.00
5402281652 44323272333302327230 32  9 12  9 18 15  9 12 140.84  0069.00
5403011652 52020131010 71340133  7  7  5  4  4  3  5 27  80.42  9069.40
5403021652 64343302710103030223 32 32 15 12  4  4 15 15 160.94 12068.60
5403031652 73030171020232020170 15 15  6  4  7  9  7  7  90.52 11068.90
5403041652 81720301723172730180  6  7 15  6  9  6 12 15 100.52  7068.70
5403051652 93727233030231727213 22 12  9 15 15  9  6 12 120.73  0068.50
5403061652103030131720202023173 15 15  5  6  7  7  7  9  90.52  0000.00
5403071652113040203330303327243 15 27  7 18 15 15 18 12 160.94  0000.00
5403081652122327202320202337193  9 12  7  9  7  7  9 22 100.63  0069.20
5403091652132730233323474320247 12 15  9 18  9 39 32  7 181.05  0069.20
5403101652141013232327173027170  4  5  9  9 12  6 15 12  90.52  0069.50
5403111652153340373033373337280 18 27 22 15 18 22 18 22 201.05  0069.30
5403121652162727331733233030220 12 12 18  6 18  9 15 15 130.84  8069.30
5403131652172323101727404733220  9  9  4  6 12 27 39 18 160.94 17000.00
5403141652184043433333534343333 27 32 32 18 18 56 32 32 311.36 22000.00
5403151652195047503740303740330 48 39 48 22 27 15 22 27 311.36 36082.70
5403161652203037373337233727260 15 22 22 18 22  9 22 12 181.05 40079.50
5403171652213030172023434337243 15 15  6  7  9 32 32 22 170.94 42078.60
5403181652225040333330303717270 48 27 18 18 15 15 22  6 211.15 39076.70
5403191652233020101337233030193 15  7  4  5 22  9 15 15 120.73 29077.30
5403201652244030403730373340287 27 15 27 22 15 22 18 27 221.15 23070.80
5403211652253717232310233727197 22  6  9  9  4  9 22 12 120.73 17072.10
5403221652263720202710236053250 22  7  7 12  4  9 80 56 251.26 12070.40
5403231652275037434040336060363 48 22 32 27 27 18 80 80 421.57  7068.50
5403241653 14340434323404343320 32 27 32 32  9 27 32 32 281.26  7069.60
5403251653 24033373020233320237 27 18 22 15  7  9 18  7 150.94  0069.30
5403261653 32733303737333330260 12 18 15 22 22 18 18 15 181.05  0064.30
5403271653 437272723 7 31713153 22 12 12  9  3  2  6  5  90.52  0000.00
5403281653 527132013 7132020133 12  5  7  5  3  5  7  7  60.31  0068.70
5403291653 620 7131310171720117  7  3  5  5  4  6  6  7  50.21  0000.00
5403301653 73720131740273043227 22  7  5  6 27 12 15 32 160.94  0000.00
5403311653 82327331720202727193  9 12 18  6  7  7 12 12 100.63  0067.50
5404011653 9171720 7 7271330137  6  6  7  3  3 12  5 15  70.42  0069.20
5404021653101310103033333340203  5  4  4 15 18 18 18 27 140.84  0063.60
5404031653112733272327173040223 12 18 12  9 12  6 15 27 140.84  0000.00
5404041653123347332713133337237 18 39 18 12  5  5 18 22 170.94  0000.00
54040516531317304027 7 7 720153  6 15 27 12  3  3  3  7 100.52  0067.60
5404061653142320202320201723167  9  7  7  9  7  7  6  9  80.42  0067.70
5404071653152317231317133013150  9  6  9  5  6  5 15  5  80.42  8069.50
5404081653161010132017133740160  4  4  5  7  6  5 22 27 100.63  8071.80
5404091653173717171727301717177 22  6  6  6 12 15  6  6 100.63 15070.10
5404101653182727272320302717197 12 12 12  9  7 15 12  6 110.63  0070.70
5404111653193317101713375773257 18  6  4  6  5 22 67154 351.46  0068.60
5404121653206773503747333743387111154 48 22 39 18 22 32 561.67  0071.50
5404131653213320132740333037233 18  7  5 12 27 18 15 22 160.94  0071.70
5404141653222737203027201310183 12 22  7 15 12  7  5  4 100.63  0069.70
5404151653233733302733334033267 22 18 15 12 18 18 27 18 181.05  7071.20
5404161653242317302017132713160  9  6 15  7  6  5 12  5  80.42  7000.00
5404171653251720171017272327157  6  7  6  4  6 12  9 12  80.42  0070.30
5404181653263330273327203027227 18 15 12 18 12  7 15 12 140.84  0069.80
5404191653272327233020272720197  9 12  9 15  7 12 12  7 100.63  0069.40
5404201654 13733302333404327267 22 18 15  9 18 27 32 12 191.05  8068.10
5404211654 23033333337301717230 15 18 18 18 22 15  6  6 150.84  0071.00
5404221654 33030231727 7 310147 15 15  9  6 12  3  2  4  80.42  0069.90
5404231654 43030303330274037257 15 15 15 18 15 12 27 22 170.94  0067.80
5404241654 533302027 7233037207 18 15  7 12  3  9 15 22 130.73  0068.50
5404251654 6302323 710172317150 15  9  9  3  4  6  9  6  80.42  0069.20
5404261654 73333231027273037220 18 18  9  4 12 12 15 22 140.84  0069.10
5404271654 85030372310133017210 48 15 22  9  4  5 15  6 160.94  0068.60
5404281654 92720131013101323130 12  7  5  4  5  4  5  9  60.31  0067.40
5404291654103020131020132013140 15  7  5  4  7  5  7  5  70.31  0068.00
5404301654111327333327131320180  5 12 18 18 12  5  5  7 100.63  0068.40
540501165412271310 710 3 317 90 12  5  4  3  4  2  2  6  50.21  0000.00
54050216541323372713 7101313143  9 22 12  5  3  4  5  5  80.42  0069.70
5405031654141727101310131020120  6 12  4  5  4  5  4  7  60.31  0068.90
5405041654152020232323303340213  7  7  9  9  9 15 18 27 130.73  0070.40
5405051654162320232320171313153  9  7  9  9  7  6  5  5  70.42  8070.20
54050616541723272310 3 3 7 3100  9 12  9  4  2  2  3  2  50.21  0068.80
540507165418 3 7 3 3 7171013 63  2  3  2  2  3  6  4  5  30.10  0069.90
5405081654192313101020303727170  9  5  4  4  7 15 22 12 100.52  0000.00
5405091654203733302720172027210 22 18 15 12  7  6  7 12 120.73  0000.00
54051016542110102313 7203323140  4  4  9  5  3  7 18  9  70.42  0070.30
5405111654223733333023203023230 22 18 18 15  9  7 15  9 140.84  0070.00
54051216542323 7 72023132323140  9  3  3  7  9  5  9  9  70.31  0069.40
5405131654242320131327202320160  9  7  5  5 12  7  9  7  80.42  0069.40
54051416542530172027 3131310133 15  6  7 12  2  5  5  4  70.42  9069.50
5405151654261727171333231723170  6 12  6  5 18  9  6  9  90.52  7068.10
54051616542727271013 3 313 7103 12 12  4  5  2  2  5  3  60.31  0000.00
5405171655 1 3 3 3 3 3 71013 47  2  2  2  2  2  3  4  5  30.00  0070.00
5405181655 23333103027173330213 18 18  4 15 12  6 18 15 130.84  0069.40
5405191655 33020132320202733187 15  7  5  9  7  7 12 18 100.63  0000.00
5405201655 42323171020173330173  9  9  6  4  7  6 18 15  90.52  0067.90
5405211655 53320202333332317203 18  7  7  9 18 18  9  6 120.73  0069.30
5405221655 6171317 7 3 31327100  6  5  6  3  2  2  5 12  50.21  0069.70
5405231655 7231327 7 3 31317107  9  5 12  3  2  2  5  6  60.21  0067.90
5405241655 81713201717102020133  6  5  7  6  6  4  7  7  60.31  0069.80
5405251655 91720131010 710 3 90  6  7  5  4  4  3  4  2  40.21  0070.40
540526165510171717 317201017117  6  6  6  2  6  7  4  6  50.21  0070.00
540527165511233013 3 3 7 3 0 83  9 15  5  2  2  3  2  0  50.21  0071.00
540528165512 3 7132710101717103  2  3  5 12  4  4  6  6  50.21  0067.90
5405291655132720371317171717163 12  7 22  5  6  6  6  6  90.52  0000.00
5405301655141310101710 7 313 83  5  4  4  6  4  3  2  5  40.10  0069.50
54053116551510 7102020202313123  4  3  4  7  7  7  9  5  60.31  0070.50
5406011655162017 3131310 313 93  7  6  2  5  5  4  2  5  40.21  0066.80
540602165517132313301310 313120  5  9  5 15  5  4  2  5  60.31  7068.30
5406031655181013231310 31017100  4  5  9  5  4  2  4  6  50.21  0069.10
54060416551920203323 7102010143  7  7 18  9  3  4  7  4  70.42  0069.10
540605165520 3 0 0 3 7131017 53  2  0  0  2  3  5  4  6  30.00  0070.50
5406061655211010 3 717131317 90  4  4  2  3  6  5  5  6  40.21  0068.80
5406071655221310 7 730172320127  5  4  3  3 15  6  9  7  60.31  0069.60
540608165523131013 7 7 3 710 70  5  4  5  3  3  2  3  4  40.10  0069.60
5406091655242313 71710131020113  9  5  3  6  4  5  4  7  50.21  0071.40
5406101655253327432713202317203 18 12 32 12  5  7  9  6 130.73  0071.20
54061116552610 7 32017 7 7 7 77  4  3  2  7  6  3  3  3  40.10  0070.20
540612165527 0 3 01317304020123  0  2  0  5  6 15 27  7  80.42  0068.60
5406131656 11713101713303020150  6  5  4  6  5 15 15  7  80.42  0068.60
5406141656 21017132037201710143  4  6  5  7 22  7  6  4  80.42  0070.70
5406151656 3131317 7 3 3 717 80  5  5  6  3  2  2  3  6  40.10  0070.20
5406161656 41713 717 3 3 310 73  6  5  3  6  2  2  2  4  40.10  0070.90
5406171656 510 3 3 713 71023 77  4  2  2  3  5  3  4  9  40.10  0069.60
5406181656 6 7 3 3 3 3173723 97  3  2  2  2  2  6 22  9  60.31  0070.30
5406191656 71013 71713102017107  4  5  3  6  5  4  7  6  50.21  0069.50
5406201656 82013131310 71017103  7  5  5  5  4  3  4  6  50.21  0066.60
5406211656 9 3 0101717101333103  2  0  4  6  6  4  5 18  60.31  0067.30
5406221656103027171010171320143 15 12  6  4  4  6  5  7  70.42  0068.20
5406231656112010 310 7172717110  7  4  2  4  3  6 12  6  60.21  0069.80
5406241656121317 7 7 7 71013 80  5  6  3  3  3  3  4  5  40.10  0069.90
540625165613 310 7103317 710 97  2  4  3  4 18  6  3  4  60.21  0070.00
540626165614 710101713132020110  3  4  4  6  5  5  7  7  50.21  0069.10
5406271656151310101320202027133  5  4  4  5  7  7  7 12  60.31  0065.10
5406281656163727302013132013173 22 12 15  7  5  5  7  5 100.52  0071.90
540629165617 7132310 7 7 313 83  3  5  9  4  3  3  2  5  40.10  0071.40
540630165618 7 7171713101033113  3  3  6  6  5  4  4 18  60.31  0070.50
54070116561937373317231010 7173 22 22 18  6  9  4  4  3 110.63  0070.40
540702165620 01310 020 71317 80  0  5  4  0  7  3  5  6  40.10  0066.60
540703165621 71713 3 7 7 317 73  3  6  5  2  3  3  2  6  40.10  8069.30
540704165622 7 7 7 717 3 3 3 53  3  3  3  3  6  2  2  2  30.10  0070.20
540705165623 310131013201713100  2  4  5  4  5  7  6  5  50.21  0070.30
5407061656241720302320202327180  6  7 15  9  7  7  9 12  90.52  0070.70
5407071656252310133313101013127  9  4  5 18  5  4  4  5  70.31  0000.00
54070816562610 7 72017132010103  4  3  3  7  6  5  7  4  50.21  7069.80
5407091656272010 7 3 7 3 710 67  7  4  3  2  3  2  3  4  40.10  0069.80
5407101657 1101017101010 717 90  4  4  6  4  4  4  3  6  40.21  0000.00
5407111657 213201710 7 7 710 90  5  7  6  4  3  3  3  4  40.21  0000.00
5407121657 32013131323301733163  7  5  5  5  9 15  6 18  90.52  7070.40
5407131657 41710131713101017107  6  4  5  6  5  4  4  6  50.21 10070.90
5407141657 52037302727271320200  7 22 15 12 12 12  5  7 120.73 15070.70
5407151657 61013333733201010167  4  5 18 22 18  7  4  4 100.63  8070.50
5407161657 710 7131720203723147  4  3  5  6  7  7 22  9  80.42 15069.00
5407171657 813303310 3 3 737137  5 15 18  4  2  2  3 22  90.52  7070.30
5407181657 94733201013131317167 39 18  7  4  5  5  5  6 110.63  7068.80
5407191657102313101723273720170  9  5  4  6  9 12 22  7  90.52  0069.40
540720165711272727201313 3 7137 12 12 12  7  5  5  2  3  70.42  0069.60
5407211657121017201013272323143  4  6  7  4  5 12  9  9  70.42  0067.80
54072216571313 7201317 710 3 90  5  3  7  5  6  3  4  2  40.21  0000.00
540723165714 013132713131313107  0  5  5 12  5  5  5  5  50.21  0070.10
5407241657153330231720 71310153 18 15  9  6  7  3  5  4  80.52  8000.00
5407251657162330373327201317200  9 15 22 18 12  7  5  6 120.73 10069.10
5407261657171717232333201017160  6  6  9  9 18  7  4  6  80.42  7071.00
5407271657183033172023202030193 15 18  6  7  9  7  7 15 100.63  7071.70
5407281657192040233740402323247  7 27  9 22 27 27  9  9 170.94 10070.30
54072916572030272730231720 7180 15 12 12 15  9  6  7  3 100.63  8071.00
54073016572130 7 7172020 717123 15  3  3  6  7  7  3  6  60.31  7071.40
5407311657221317301727131723157  5  6 15  6 12  5  6  9  80.42  7000.00
5408011657231313173733232013170  5  5  6 22 18  9  7  5 100.52  8071.60
54080216572423332023 71317 7143  9 18  7  9  3  5  6  3  80.42  9071.60
540803165725 710 72710 72017103  3  4  3 12  4  3  7  6  50.21 16070.50
540804165726101730 7201320 7123  4  6 15  3  7  5  7  3  60.31  9069.80
5408051657271717 7 713172027123  6  6  3  3  5  6  7 12  60.31 12070.70
5408061658 12327372330174340240  9 12 22  9 15  6 32 27 160.94 19072.80
5408071658 227 3133030333023190 12  2  5 15 15 18 15  9 110.73 14072.60
5408081658 3201020232013 310120  7  4  7  9  7  5  2  4  60.31 10072.20
5408091658 4171023 737272027167  6  4  9  3 22 12  7 12  90.52 13073.20
5408101658 527132710 7201020133 12  5 12  4  3  7  4  7  70.31 23074.90
5408111658 63020231713171310143 15  7  9  6  5  6  5  4  70.42 14072.60
5408121658 72720202313 71313137 12  7  7  9  5  3  5  5  70.31 14072.80
5408131658 8 317202017231710127  2  6  7  7  6  9  6  4  60.31  8071.30
5408141658 93013232010101723147 15  5  9  7  4  4  6  9  70.42  7000.00
54081516581023 7131010103327133  9  3  5  4  4  4 18 12  70.42  0072.20
5408161658111317303337231720190  5  6 15 18 22  9  6  7 110.63  0071.80
5408171658121720333020131713163  6  7 18 15  7  5  6  5  90.52  0069.90
5408181658131723233027202317180  6  9  9 15 12  7  9  6  90.52  0070.40
5408191658143723201313172027170 22  9  7  5  5  6  7 12  90.52  0068.80
5408201658152327201017201010137  9 12  7  4  6  7  4  4  70.31  0070.10
5408211658161330404323131713193  5 15 27 32  9  5  6  5 130.73  9000.00
5408221658174350331717131030213 32 48 18  6  6  5  4 15 170.94 15071.60
5408231658182710 31717173027147 12  4  2  6  6  6 15 12  80.42 18073.70
5408241658193327373050303333273 18 12 22 15 48 15 18 18 211.15 16073.70
5408251658203720231710101013140 22  7  9  6  4  4  4  5  80.42 11073.20
5408261658211347432323232727227  5 39 32  9  9  9 12 12 160.94  9073.10
5408271658225023233010172727207 48  9  9 15  4  6 12 12 140.84  7070.90
5408281658233040202730231737223 15 27  7 12 15  9  6 22 140.84  0000.00
5408291658243337373723172723233 18 22 22 22  9  6 12  9 150.84  0069.30
5408301658252720272027272013180 12  7 12  7 12 12  7  5  90.52  0070.00
5408311658262020201013233030167  7  7  7  4  5  9 15 15  90.52  0069.10
5409011658272730233347404357300 12 15  9 18 39 27 32 67 271.26  0069.30
5409021659 15343403710272333267 56 32 27 22  4 12  9 18 221.15  0069.30
5409031659 22023304340434347290  7  9 15 32 27 32 32 39 241.26  0072.60
5409041659 33733303333401020237 22 18 15 18 18 27  4  7 160.94  7000.00
5409051659 43030303327172013200 15 15 15 18 12  6  7  5 120.73  7070.30
5409061659 52723231317435740243 12  9  9  5  6 32 67 27 211.15  0070.50
5409071659 63037373023333330253 15 22 22 15  9 18 18 15 170.94  0067.60
5409081659 73020 71320273010157 15  7  3  5  7 12 15  4  80.52  0069.40
5409091659 81340371733301327210  5 27 22  6 18 15  5 12 140.84  0071.80
5409101659 91733302723201320183  6 18 15 12  9  7  5  7 100.63  0070.40
5409111659101727303330331720207  6 12 15 18 15 18  6  7 120.73  0000.00
540912165911 3 7172717131320117  2  3  6 12  6  5  5  7  60.31  0071.30
54091316591220 7171710 71043130  7  3  6  6  4  3  4 32  80.42  0067.90
5409141659133757433350332043317 22 67 32 18 48 18  7 32 301.36  0070.70
5409151659142323334037301723227  9  9 18 27 22 15  6  9 140.84  7070.10
5409161659154340333740303023277 32 27 18 22 27 15 15  9 211.15  9069.90
54091716591640271720 3 72327163 27 12  6  7  2  3  9 12 100.52  0071.20
5409181659174023333310272730223 27  9 18 18  4 12 12 15 140.84  0000.00
5409191659182327301317202323177  9 12 15  5  6  7  9  9  90.52  0000.00
5409201659193740403047606747367 22 27 27 15 39 80111 39 451.57  7072.60
5409211659204043374037434327310 27 32 22 27 22 32 32 12 261.26  0070.30
5409221659212323232737232317197  9  9  9 12 22  9  9  6 110.63  0070.30
5409231659221710303320131010143  6  4 15 18  7  5  4  4  80.42  0072.00
5409241659232020171713272040173  7  7  6  6  5 12  7 27 100.52  0071.10
5409251659242733372730304323250 12 18 22 12 15 15 32  9 170.94  0000.00
5409261659253027302023172317187 15 12 15  7  9  6  9  6 100.63  0070.50
5409271659261720172017304033193  6  7  6  7  6 15 27 18 120.73  0071.80
5409281659275037332730201323233 48 22 18 12 15  7  5  9 170.94  0071.80
5409291660 14040273727475053320 27 27 12 22 12 39 48 56 301.36  0073.20
5409301660 21740373723233740253  6 27 22 22  9  9 22 27 181.05  7074.80
5410011660 34763534730574027363 39 94 56 39 15 67 27 12 441.57  0074.10
5410021660 4333723 3 7 31740163 18 22  9  2  3  2  6 27 110.63  7000.00
5410031660 54747402330373750310 39 39 27  9 15 22 22 48 281.26 14066.50
5410041660 66040273020332027257 80 27 12 15  7 18  7 12 221.15  8073.50
5410051660 713271317 7233727163  5 12  5  6  3  9 22 12  90.52  7075.90
5410061660 82037373047532023267  7 22 22 15 39 56  7  9 221.15  0076.10
5410071660 91720173033332013183  6  7  6 15 18 18  7  5 100.63  0074.80
5410081660102723201333302027193 12  9  7  5 18 15  7 12 110.63  0075.30
541009166011203020 7 3 3 313100  7 15  7  3  2  2  2  5  50.21  0074.40
54101016601217271710 7 32010110  6 12  6  4  3  2  7  4  60.21  0000.00
5410111660132327271713 3 3 0113  9 12 12  6  5  2  2  0  60.31  0000.00
541012166014 0 0 0 0 0 0 0 0  0  0  0  0  0  0  0  0  0  00.00  7072.40
541013166015 0 01010 3 71017 57  0  0  4  4  2  3  4  6  30.10  7074.20
54101416601620 3 723 7103020120  7  2  3  9  3  4 15  7  60.31 15075.10
5410151660171720202317 3 3 7110  6  7  7  9  6  2  2  3  50.21 17073.50
54101616601813 017 723402717143  5  0  6  3  9 27 12  6  80.52 24000.00
5410171660192023131713132033153  7  9  5  6  5  5  7 18  80.42 22074.90
5410181660204747475353572030353 39 39 39 56 56 67  7 15 401.46  7074.10
5410191660212333304740372323257  9 18 15 39 27 22  9  9 181.05 14072.80
5410201660223723403330171727223 22  9 27 18 15  6  6 12 140.84 14073.80
54102116602317102023171017 7120  6  4  7  9  6  4  6  3  60.31  8070.80
541022166024 720272317303330187  3  7 12  9  6 15 18 15 110.63  8071.00
5410231660253730334333374347303 22 15 18 32 18 22 32 39 251.26 14000.00
5410241660265053504343604740387 48 56 48 32 32 80 39 27 451.57  8070.60
5410251660274753403740271713273 39 56 27 22 27 12  6  5 241.26  8072.00
5410261661 12723332313233020193 12  9 18  9  5  9 15  7 100.63  7071.90
5410271661 21027335033401710220  4 12 18 48 18 27  6  4 170.94  0069.30
5410281661 32723171710201010133 12  9  6  6  4  7  4  4  60.31  0070.80
5410291661 4 3 7172717 3 727107  2  3  6 12  6  2  3 12  60.31  0068.70
5410301661 54050231030202033227 27 48  9  4 15  7  7 18 170.94  0000.00
5410311661 61730303030303343243  6 15 15 15 15 15 18 32 160.94  0069.40
5411011661 73737303047474743317 22 22 15 15 39 39 39 32 281.26  0069.20
5411021661 86043272740303330290 80 32 12 12 27 15 18 15 261.26  0069.60
5411031661 94040402327372713247 27 27 27  9 12 22 12  5 181.05  0061.60
5411041661101020132313231017130  4  7  5  9  5  9  4  6  60.31  0066.60
54110516611130233727201013 0160 15  9 22 12  7  4  5  0  90.52  7068.10
5411061661122723231317202720170 12  9  9  5  6  7 12  7  80.52  7000.00
54110716611327131010 310 7 7 87 12  5  4  4  2  4  3  3  50.21  8000.00
5411081661141710101310172010107  6  4  4  5  4  6  7  4  50.21  7072.90
541109166115 317 710 72017 7 87  2  6  3  4  3  7  6  3  40.10 24076.20
54111016611617 7 3 7 0 0 0 3 37  6  3  2  3  0  0  0  2  20.00 38078.90
541111166117 320 720201020 7107  2  7  3  7  7  4  7  3  50.21 41082.00
5411121661181737172327102013163  6 22  6  9 12  4  7  5  90.52 40077.60
541113166119171310 7 7171713100  6  5  4  3  3  6  6  5  50.21 39000.00
541114166120201713 710171720120  7  6  5  3  4  6  6  7  60.21 26000.00
54111516612117 3 0 0 3 3 7 3 37  6  2  0  0  2  2  3  2  20.00 11074.60
541116166122 7 0 3 0 0 0 0 0 10  3  0  2  0  0  0  0  0  10.00  7072.60
541117166123 0 3131310 3 0 7 50  0  2  5  5  4  2  0  3  30.00  7071.70
54111816612413 7101320231717120  5  3  4  5  7  9  6  6  60.31  7071.40
5411191661251343201710272730187  5 32  7  6  4 12 12 15 120.73  7070.50
5411201661262327403040372013230  9 12 27 15 27 22  7  5 160.94  0000.00
5411211661272317232327171027167  9  6  9  9 12  6  4 12  80.52  0067.40
5411221662 120233713 3 71313130  7  9 22  5  2  3  5  5  70.42  0066.90
5411231662 21030102017473323190  4 15  4  7  6 39 18  9 130.73  0069.80
5411241662 320232320102020 3140  7  9  9  7  4  7  7  2  60.31  0070.60
5411251662 4 720202320 71027133  3  7  7  9  7  3  4 12  60.31  0068.90
5411261662 52017171320131717133  7  6  6  5  7  5  6  6  60.31  0067.00
5411271662 620302323102327 3160  7 15  9  9  4  9 12  2  80.52  0000.00
5411281662 710 3 31727101023103  4  2  2  6 12  4  4  9  50.21  0000.00
5411291662 8 7 7132337372327173  3  3  5  9 22 22  9 12 110.63  0067.30
5411301662 93047201320272323203 15 39  7  5  7 12  9  9 130.73  0070.90
541201166210272720 7 3131313123 12 12  7  3  2  5  5  5  60.31  0074.70
5412021662112013131720171023133  7  5  5  6  7  6  4  9  60.31  0073.80
54120316621227 71713 3 71313100 12  3  6  5  2  3  5  5  50.21  0071.40
541204166213 0 0102317 720 7 83  0  0  4  9  6  3  7  3  40.10  0000.00
5412051662141310 7 7 7232013100  5  4  3  3  3  9  7  5  50.21  0072.70
54120616621517131317 7 71313100  6  5  5  6  3  3  5  5  50.21  0069.30
5412071662162723301017202330180 12  9 15  4  6  7  9 15 100.52  7070.50
541208166217202310 710 3 313 90  7  9  4  3  4  2  2  5  40.21  0069.90
5412091662182020202017 31010120  7  7  7  7  6  2  4  4  60.21  0071.40
541210166219 3 71313 7 310 7 63  2  3  5  5  3  2  4  3  30.10  0068.90
541211166220 7 0 3 3 7 7 3 0 30  3  0  2  2  3  3  2  0  20.00  0000.00
541212166221 317231313232730150  2  6  9  5  5  9 12 15  80.42  0071.50
5412131662223020 710 7 72320123 15  7  3  4  3  3  9  7  60.31  0070.70
5412141662232010 3 3 3 7 3 3 53  7  4  2  2  2  3  2  2  30.10  0072.60
541215166224 7 0 0 7 0 0 0 3 17  3  0  0  3  0  0  0  2  10.00 11077.90
541216166225 010 3 7 3 3 3 0 30  0  4  2  3  2  2  2  0  20.00 18078.80
5412171662261323434037332023233  5  9 32 27 22 18  7  9 160.94 17075.60
5412181662274743172720171333217 39 32  6 12  7  6  5 18 160.94 16000.00
5412191663 12017131730271720160  7  6  5  6 15 12  6  7  80.42 20076.10
5412201663 21727232730202037200  6 12  9 12 15  7  7 22 110.63 19074.70
5412211663 323 7 71720131317117  9  3  3  6  7  5  5  6  60.21 12073.30
5412221663 427101013 3 713 3 87 12  4  4  5  2  3  5  2  50.21  7072.90
5412231663 510171017101310 7 93  4  6  4  6  4  5  4  3  40.21  7074.00
5412241663 6 71010 717 310 7 70  3  4  4  3  6  2  4  3  40.10 14074.50
5412251663 713 0131020202013110  5  0  5  4  7  7  7  5  50.21 14000.00
5412261663 81010 31013101317 87  4  4  2  4  5  4  5  6  40.10  7072.40
5412271663 94323132750231730227 32  9  5 12 48  9  6 15 170.94  0070.60
5412281663103033 72313232017167 15 18  3  9  5  9  7  6  90.52  0000.00
5412291663111017132023171313127  4  6  5  7  9  6  5  5  60.31 13071.20
541230166312 713172317 7 723113  3  5  6  9  6  3  3  9  60.21 29074.00
5412311663131717 320171310 7103  6  6  2  7  6  5  4  3  50.21 25076.80
