5501011663141313132010132023127  5  5  5  7  4  5  7  9  60.31 22000.00
550102166315271323171017 717130 12  5  9  6  4  6  3  6  60.31 17072.60
550103166316 7 717171713 313 93  3  3  6  6  6  5  2  5  40.21 12072.20
5501041663173723132327202320187 22  9  5  9 12  7  9  7 100.63 20077.50
55010516631813 710 310132330110  5  3  4  2  4  5  9 15  60.31 32083.90
5501061663192733171317172313160 12 18  6  5  6  6  9  5  80.52 40094.30
5501071663202020201723202317160  7  7  7  6  9  7  9  6  70.42 54098.40
55010816632113 317 7 3 72027 97  5  2  6  3  2  3  7 12  50.21 54000.00
5501091663224027403037473310263 27 12 27 15 22 39 18  4 201.05 35095.80
55011016632310 71010 71323 0 80  4  3  4  4  3  5  9  0  40.10 33091.50
5501111663242317 71047132750193  9  6  3  4 39  5 12 48 160.94 30093.30
550112166325502317 7 0 313 3117 48  9  6  3  0  2  5  2  90.52 29093.80
5501131663263040333730232017230 15 27 18 22 15  9  7  6 150.84 28090.30
55011416632710131317272033 3137  4  5  5  6 12  7 18  2  70.42 27089.20
5501151664 1 3 3 3 3 0 0 0 3 17  2  2  2  2  0  0  0  2  10.00 17000.00
5501161664 21310102323202320143  5  4  4  9  9  7  9  7  70.31 16083.30
5501171664 31330304067575053340  5 15 15 27111 67 48 56 431.57 15081.70
5501181664 47770571723434037363179132 67  6  9 32 27 22 591.77 11079.10
5501191664 55063635347404047403 48 94 94 56 39 27 27 39 531.67 10079.10
5501201664 64337231023233337230 32 22  9  4  9  9 18 22 160.94  7074.10
5501211664 7402720 7 7102023153 27 12  7  3  3  4  7  9  90.52  8071.70
5501221664 8272020 710 7 710107 12  7  7  3  4  3  3  4  50.21  8072.20
5501231664 92723232330273327213 12  9  9  9 15 12 18 12 120.73 14072.40
550124166410171710 3 717 710 87  6  6  4  2  3  6  3  4  40.10 22077.00
550125166411101310 3101010 7 73  4  5  4  2  4  4  4  3  40.10 21077.20
550126166412 7 710 7 3 7 0 0 40  3  3  4  3  2  3  0  0  20.00 25076.60
550127166413 0 0132313333740160  0  0  5  9  5 18 22 27 110.63 25071.80
55012816641430272317 3131023147 15 12  9  6  2  5  4  9  80.42 19075.50
5501291664151310 713 7132737127  5  4  3  5  3  5 12 22  70.42 22077.30
5501301664161723 71727202320153  6  9  3  6 12  7  9  7  70.42 22000.00
550131166417171313 7 3 71023 93  6  5  5  3  2  3  4  9  50.21 22080.10
550201166418 0 0 3 713101013 57  0  0  2  3  5  4  4  5  30.10 19079.10
55020216641910 3131013171717100  4  2  5  4  5  6  6  6  50.21 28080.90
5502031664203733231310171023167 22 18  9  5  4  6  4  9 100.52 33083.80
5502041664211023274730304040247  4  9 12 39 15 15 27 27 181.05 34084.70
5502051664223723272730233340240 22  9 12 12 15  9 18 27 160.94 32080.30
5502061664231733272330332737227  6 18 12  9 15 18 12 22 140.84 28082.10
5502071664243740272040302010223 22 27 12  7 27 15  7  4 150.94 34083.90
5502081664252017172017373737200  7  6  6  7  6 22 22 22 120.73 24085.60
5502091664262327373320232710200  9 12 22 18  7  9 12  4 120.73 28086.90
5502101664271313271713101717127  5  5 12  6  5  4  6  6  60.31 27080.50
5502111665 1 710101320374747190  3  4  4  5  7 22 39 39 150.94 27077.80
5502121665 23333232023202737217 18 18  9  7  9  7 12 22 130.73 26000.00
5502131665 340301733173023 0190 27 15  6 18  6 15  9  0 120.73 27083.10
5502141665 41327272023302337200  5 12 12  7  9 15  9 22 110.73 10079.20
5502151665 533303320 7 0 0 0123 18 15 18  7  3  0  0  0  80.42  8078.50
5502161665 6 0 3102327172320123  0  2  4  9 12  6  9  7  60.31 16074.90
5502171665 73020102020 3 317123 15  7  4  7  7  2  2  6  60.31  9072.20
5502181665 813332013 3 02733143  5 18  7  5  2  0 12 18  80.52  0075.00
5502191665 9202323 717101013123  7  9  9  3  6  4  4  5  60.31  0075.90
5502201665101027202027202710160  4 12  7  7 12  7 12  4  80.42  0080.80
5502211665113047302027232017213 15 39 15  7 12  9  7  6 140.84  7077.80
5502221665123043273730202727240 15 32 12 22 15  7 12 12 160.94  9074.90
5502231665133330304343404023283 18 15 15 32 32 27 27  9 221.15 19081.50
5502241665142730272033132717193 12 15 12  7 18  5 12  6 110.63 26082.50
5502251665153737173323271327213 22 22  6 18  9 12  5 12 130.84 28080.10
5502261665163340132013 71710153 18 27  5  7  5  3  6  4  90.52 28079.40
550227166517 0 3171013132023100  0  2  6  4  5  5  7  9  50.21 28000.00
550228166518536040375033 717297 56 80 27 22 48 18  3  6 321.36 26077.50
550301166519 710 3 710101310 70  3  4  2  3  4  4  5  4  40.10 23000.00
55030216652017131313 7 7 7 3 80  6  5  5  5  3  3  3  2  40.10 20075.70
550303166521 020201310 3 0 0 67  0  7  7  5  4  2  0  0  30.10 16076.50
550304166522 310 713 3 02023 80  2  4  3  5  2  0  7  9  40.10 15073.60
5503051665232327171717232333180  9 12  6  6  6  9  9 18  90.52  8077.20
5503061665244023202723133023200 27  9  7 12  9  5 15  9 120.73  8076.10
5503071665254737333313436040307 39 22 18 18  5 32 80 27 301.36  8073.40
5503081665263727332020434030250 22 12 18  7  7 32 27 15 181.05  8073.10
5503091665273733372730405033287 22 18 22 12 15 27 48 18 231.15  7073.40
5503101666 12730434043274037287 12 15 32 27 32 12 27 22 221.15  0077.10
5503111666 23333403740372013253 18 18 27 22 27 22  7  5 181.05  0071.90
5503121666 34043372730373733283 27 32 22 12 15 22 22 18 211.15  0072.60
5503131666 42730272023274027220 12 15 12  7  9 12 27 12 130.84  0000.00
5503141666 54023102323373330220 27  9  4  9  9 22 18 15 140.84  0073.60
5503151666 63340433327173030253 18 27 32 18 12  6 15 15 181.05  0073.50
5503161666 730371713 7202727177 15 22  6  5  3  7 12 12 100.63  0073.70
5503171666 83320333327301320210 18  7 18 18 12 15  5  7 120.73  0070.90
5503181666 92313273027473720223  9  5 12 15 12 39 22  7 150.94  0073.50
550319166610271017 7 7132010110 12  4  6  3  3  5  7  4  60.21  0000.00
5503201666111713201313 7 733123  6  5  7  5  5  3  3 18  60.31  0074.10
5503211666123310171717102327153 18  4  6  6  6  4  9 12  80.42  0072.70
5503221666131720305060633723300  6  7 15 48 80 94 22  9 351.46  0000.00
5503231666142010201033405053237  7  4  7  4 18 27 48 56 211.15  0071.40
55032416661537403030201010 7183 22 27 15 15  7  4  4  3 120.73  0071.40
550325166616 3 32020 7232717120  2  2  7  7  3  9 12  6  60.31  0073.90
550326166617 72340333323 723190  3  9 27 18 18  9  3  9 120.73  0000.00
5503271666181017174327231717170  4  6  6 32 12  9  6  6 100.63  7000.00
5503281666192010231710 3 320107  7  4  9  6  4  2  2  7  50.21  0000.00
5503291666201710131310 0 3 3 70  6  4  5  5  4  0  2  2  40.10  7075.10
55033016662113 3103027204357203  5  2  4 15 12  7 32 67 181.05 15074.80
5503311666226060635033434743400 80 80 94 48 18 32 39 32 531.67 10076.00
5504011666233333273020101350217 18 18 12 15  7  4  5 48 160.94  9077.10
5504021666243033272737303040253 15 18 12 12 22 15 15 27 170.94 14078.00
5504031666252327273330272317207  9 12 12 18 15 12  9  6 120.73  8077.30
5504041666262020173727333740230  7  7  6 22 12 18 22 27 150.94 21077.20
5504051666274330373047173017250 32 15 22 15 39  6 15  6 191.05 36081.30
5504061667 13737203730271037233 22 22  7 22 15 12  4 22 160.94 30083.00
5504071667 24340334023202727253 32 27 18 27  9  7 12 12 181.05 32079.30
5504081667 32027301013201323157  7 12 15  4  5  7  5  9  80.42 31000.00
5504091667 417231313 3 3 730110  6  9  5  5  2  2  3 15  60.31 19079.30
5504101667 510 3 33740301323160  4  2  2 22 27 15  5  9 110.63 10076.80
5504111667 62033271720201317167  7 18 12  6  7  7  5  6  80.52  0078.70
5504121667 73033232330132327203 15 18  9  9 15  5  9 12 120.73  0076.30
5504131667 84040272020232340233 27 27 12  7  7  9  9 27 160.94  0075.90
5504141667 92730232317 7 3 7137 12 15  9  9  6  3  2  3  70.42  0074.70
5504151667101313131023201010113  5  5  5  4  9  7  4  4  50.21  7080.10
550416166711 71010 713 72017 90  3  4  4  3  5  3  7  6  40.21  9000.00
550417166712 7 72020231017 7110  3  3  7  7  9  4  6  3  50.21 13075.80
550418166713 3 0 0 71017 7 3 47  2  0  0  3  4  6  3  2  20.00  0076.20
5504191667141320 7 3 7 71010 77  5  7  3  2  3  3  4  4  40.10  0075.00
550420166715202737 717201713157  7 12 22  3  6  7  6  5  80.52  0076.40
5504211667161317231727201320150  5  6  9  6 12  7  5  7  70.42  8076.20
5504221667172333172010102313150  9 18  6  7  4  4  9  5  80.42  0076.40
550423166718 0 3 3131310 3 3 50  0  2  2  5  5  4  2  2  30.00  0076.70
5504241667191720171750403743240  6  7  6  6 48 27 22 32 191.05  8076.50
5504251667202733171327273327203 12 18  6  5 12 12 18 12 120.73  0074.10
5504261667213733333720173040247 22 18 18 22  7  6 15 27 170.94  0076.30
550427166722373327 713477773313 22 18 12  3  5 39179154 541.67 10082.00
5504281667237037474027334357353132 22 39 27 12 18 32 67 441.57 22080.10
5504291667245037333737374343317 48 22 18 22 22 22 32 32 271.26 23081.30
5504301667254340233320202733240 32 27  9 18  7  7 12 18 160.94 29080.70
55050116672623271010 3 71320113  9 12  4  4  2  3  5  7  60.31 23082.40
550502166727 3 3131320171317100  2  2  5  5  7  6  5  6  50.21 21081.10
5505031668 12013171010202013123  7  5  6  4  4  7  7  5  60.31 32084.40
5505041668 213 3 31320172023113  5  2  2  5  7  6  7  9  50.21 45084.00
5505051668 31723201727331723177  6  9  7  6 12 18  6  9  90.52 44084.20
5505061668 43330304360333353317 18 15 15 32 80 18 18 56 321.36 28084.70
5505071668 54743434323273040297 39 32 32 32  9 12 15 27 251.26 20000.00
5505081668 64053374047374343340 27 56 22 27 39 22 32 32 321.36 17000.00
5505091668 72323231717202323170  9  9  9  6  6  7  9  9  80.42  0079.40
5505101668 82730203310172027183 12 15  7 18  4  6  7 12 100.63  0079.20
5505111668 910132010 7131310 97  4  5  7  4  3  5  5  4  50.21  9076.50
5505121668101017171310132033133  4  6  6  5  4  5  7 18  70.31  7076.60
55051316681127 7202323232723173 12  3  7  9  9  9 12  9  90.52  0075.10
5505141668122333303720232020207  9 18 15 22  7  9  7  7 120.73  0073.60
550515166813202320 3 7101320117  7  9  7  2  3  4  5  7  60.21  7000.00
5505161668143753232713 7 710177 22 56  9 12  5  3  3  4 140.84 16075.70
550517166815131313 7 7 7 013 73  5  5  5  3  3  3  0  5  40.10 29081.70
5505181668161713 7 0102010 7 83  6  5  3  0  4  7  4  3  40.10 32079.50
550519166817 7 713 7 7 7 7 7 60  3  3  5  3  3  3  3  3  30.10 34079.80
550520166818 720102010131317110  3  7  4  7  4  5  5  6  50.21 45088.10
550521166819 3 7 7 71710 313 67  2  3  3  3  6  4  2  5  40.10 53096.00
5505221668201717 7 7 3102010 90  6  6  3  3  2  4  7  4  40.21 53094.60
550523166821 3 3 3 71313 0 3 47  2  2  2  3  5  5  0  2  30.00 50093.70
550524166822 3 710 7101313 7 70  2  3  4  3  4  5  5  3  40.10 48092.70
55052516682310 7 3 340406367233  4  3  2  2 27 27 94111 341.36 45093.50
5505261668246360475327332013317 94 80 39 56 12 18  7  5 391.46 45093.70
5505271668251713171040475043237  6  5  6  4 27 39 48 32 211.15 45095.40
5505281668264043474337232330287 27 32 39 32 22  9  9 15 231.15 45089.60
550529166827232027201323 717150  9  7 12  7  5  9  3  6  70.42 44089.80
5505301669 1 7 317 710201313 90  3  2  6  3  4  7  5  5  40.21 36081.40
5505311669 21717201010101017110  6  6  7  4  4  4  4  6  50.21 24083.00
5506011669 31723171027271310143  6  9  6  4 12 12  5  4  70.42 26082.00
5506021669 42013231723131317140  7  5  9  6  9  5  5  6  60.31 25082.00
5506031669 51017131010202317120  4  6  5  4  4  7  9  6  60.31 13081.80
5506041669 61317302023171713150  5  6 15  7  9  6  6  5  70.42 22081.50
5506051669 710 31017131717 7 93  4  2  4  6  5  6  6  3  40.21 25081.10
5506061669 8 3 7131017234040153  2  3  5  4  6  9 27 27 100.63 32078.30
5506071669 93330202727201033200 18 15  7 12 12  7  4 18 120.73 26077.40
5506081669103050302740472337283 15 48 15 12 27 39  9 22 231.15 23081.80
550609166911 317232327132027153  2  6  9  9 12  5  7 12  80.42 24087.00
55061016691217101717101310 7100  6  4  6  6  4  5  4  3  50.21 27088.30
550611166913 3 7132020171730127  2  3  5  7  7  6  6 15  60.31 48095.20
5506121669142330232733 71323180  9 15  9 12 18  3  5  9 100.63 47000.00
55061316691513 7231333272023160  5  3  9  5 18 12  7  9  80.52 40100.20
5506141669161720304337332310213  6  7 15 32 22 18  9  4 140.84 56105.70
5506151669173737433730233033270 22 22 32 22 15  9 15 18 191.05 53105.30
5506161669184030303737271320233 27 15 15 22 22 12  5  7 160.94 62111.70
5506171669192323273727271730210  9  9 12 22 12 12  6 15 120.73 65110.70
5506181669201327272710131317147  5 12 12 12  4  5  5  6  80.42 62107.30
55061916692133332320201710 7163 18 18  9  7  7  6  4  3  90.52 61108.60
5506201669221010131013301710113  4  4  5  4  5 15  6  4  60.31 65110.50
55062116692320 7 7 710101010 80  7  3  3  3  4  4  4  4  40.10 55104.90
55062216692413 7 33327302327163  5  3  2 18 12 15  9 12 100.52 37093.80
5506231669253333301720204740240 18 18 15  6  7  7 39 27 170.94 15096.30
5506241669264033403737232327260 27 18 27 22 22  9  9 12 181.05  0085.70
5506251669273017373327132710193 15  6 22 18 12  5 12  4 120.73  0080.50
5506261670 11017 3 7 710 717 77  4  6  2  3  3  4  3  6  40.10  0000.00
5506271670 213132017132020 7123  5  5  7  6  5  7  7  3  60.31  0081.40
5506281670 31727101717101027133  6 12  4  6  6  4  4 12  70.31  8079.50
5506291670 417 7132020132310123  6  3  5  7  7  5  9  4  60.31 11083.00
5506301670 52010 7 7 3 7 7 7 67  7  4  3  3  2  3  3  3  40.10 23084.80
5507011670 61313231310 7 3 7 90  5  5  9  5  4  3  2  3  40.21 35090.90
5507021670 71320131727435343230  5  7  5  6 12 32 56 32 191.05 38091.60
5507031670 83037232713171313173 15 22  9 12  5  6  5  5 100.63 38095.10
5507041670 9101017 3 7 3 7 3 60  4  4  6  2  3  2  3  2  30.10 43094.00
55070516701010 7 7 3 7101013 67  4  3  3  2  3  4  4  5  40.10 48098.00
550706167011 710 7 3 7202033107  3  4  3  2  3  7  7 18  60.31 60104.90
5507071670123333231723201317180 18 18  9  6  9  7  5  6 100.52 47106.10
5507081670131017203323372717183  4  6  7 18  9 22 12  6 100.63 47105.50
5507091670141713102320 3 720113  6  5  4  9  7  2  3  7  50.21 39104.70
5507101670151317203040302323197  5  6  7 15 27 15  9  9 120.73 41104.40
5507111670163020334737332730257 15  7 18 39 22 18 12 15 181.05 35099.90
5507121670175317303730232740257 56  6 15 22 15  9 12 27 201.05 35100.20
5507131670183320 7 727271013143 18  7  3  3 12 12  4  5  80.42 35096.60
55071416701913132020201313 3117  5  5  7  7  7  5  5  2  50.21 37093.30
55071516702010 7 71743473027187  4  3  3  6 32 39 15 12 140.84 29091.50
5507161670213320132023132323170 18  7  5  7  9  5  9  9  90.52 22088.20
55071716702213302713 7 31320127  5 15 12  5  3  2  5  7  70.31 20086.20
5507181670231333301717 710 3130  5 18 15  6  6  3  4  2  70.42  7084.00
55071916702410 7 71310 7 0 7 60  4  3  3  5  4  3  0  3  30.10 26084.80
55072016702513 7 310131017 7 80  5  3  2  4  5  4  6  3  40.10 32084.60
55072116702613 7 0 7 3 71023 70  5  3  0  3  2  3  4  9  40.10 11080.60
5507221670271010 710 710 323 80  4  4  3  4  3  4  2  9  40.10  9079.70
5507231671 12713171010102027133 12  5  6  4  4  4  7 12  70.31  0078.30
5507241671 22730232313101313153 12 15  9  9  5  4  5  5  80.42  0075.60
5507251671 32017201313101013117  7  6  7  5  5  4  4  5  50.21  8076.10
5507261671 42020233337272737223  7  7  9 18 22 12 12 22 140.84  0076.30
5507271671 53013131310101310113 15  5  5  5  4  4  5  4  60.31 11000.00
5507281671 613 7 7 71310 310 70  5  3  3  3  5  4  2  4  40.10 12078.30
5507291671 7171320 7 7 73020120  6  5  7  3  3  3 15  7  60.31 16081.50
5507301671 8 310131717131727117  2  4  5  6  6  5  6 12  60.31 20083.60
5507311671 9271323 71717 310117 12  5  9  3  6  6  2  4  60.31 26000.00
55080116711013 7 710201310 7 87  5  3  3  4  7  5  4  3  40.10 25085.50
5508021671112313 3 0 3 31027 83  9  5  2  0  2  2  4 12  40.21 20083.30
5508031671124023231717271727190 27  9  9  6  6 12  6 12 110.63 16086.80
5508041671132740305350434040323 12 27 15 56 48 32 27 27 301.36  0087.70
5508051671142020403330334340260  7  7 27 18 15 18 32 27 191.05 26092.50
5508061671153333535337473050337 18 18 56 56 22 39 15 48 341.36 46000.00
5508071671163030373733204027253 15 15 22 22 18  7 27 12 170.94 61106.20
5508081671172310173030202017167  9  4  6 15 15  7  7  6  90.52 77114.00
5508091671182313201720102013137  9  5  7  6  7  4  7  5  60.31 83127.80
5508101671191023131717131017120  4  9  5  6  6  5  4  6  60.31 87120.30
5508111671201313 7 7 3 31317 77  5  5  3  3  2  2  5  6  40.10 85116.10
5508121671212010171710 310 7 93  7  4  6  6  4  2  4  3  40.21 77112.70
5508131671221320132713101027133  5  7  5 12  5  4  4 12  70.31 77000.00
5508141671233017132713273330190 15  6  5 12  5 12 18 15 110.63 60103.80
550815167124333323202710 3 7157 18 18  9  7 12  4  2  3  90.52 44098.10
550816167125 02330 310 31013 93  0  9 15  2  4  2  4  5  50.21 28093.10
55081716712613 3 71317232023120  5  2  3  5  6  9  7  9  60.31 16089.10
5508181671271323232317132020153  5  9  9  9  6  5  7  7  70.42 15080.60
5508191672 11323231313131720137  5  9  9  5  5  5  6  7  60.31 13080.60
5508201672 213 71020131710 7 97  5  3  4  7  5  6  4  3  50.21 17080.20
5508211672 3232020 3 7 31010 97  9  7  7  2  3  2  4  4  50.21 22078.40
5508221672 4 0 3 3 0 3 31010 33  0  2  2  0  2  2  4  4  20.00 23080.50
5508231672 5 3 313 3 7 7 310 50  2  2  5  2  3  3  2  4  30.10 23078.30
5508241672 6 31013272010 710100  2  4  5 12  7  4  3  4  50.21 14077.40
5508251672 710 3101317131310 90  4  2  4  5  6  5  5  4  40.21 11077.30
5508261672 81313102323131317127  5  5  4  9  9  5  5  6  60.31 26081.30
5508271672 9 3 710 7 7172027 97  2  3  4  3  3  6  7 12  50.21 44000.00
550828167210 737603727171713213  3 22 80 22 12  6  6  5 201.05 56086.90
5508291672113020232020133033190 15  7  9  7  7  5 15 18 100.63 57087.30
55083016721217131020 7171313110  6  5  4  7  3  6  5  5  50.21 52092.90
5508311672131717102013101323123  6  6  4  7  5  4  5  9  60.31 62102.70
5509011672141310332727273020187  5  4 18 12 12 12 15  7 110.63 89102.90
5509021672154040274333271317240 27 27 12 32 18 12  5  6 170.94 88105.90
5509031672163330335033132023237 18 15 18 48 18  5  7  9 170.94 80109.40
5509041672174337274327331737263 32 22 12 32 12 18  6 22 201.05 85000.00
5509051672184347404033272720277 32 39 27 27 18 12 12  7 221.15 78112.30
5509061672192033333313232330210  7 18 18 18  5  9  9 15 120.73 70110.50
55090716722030133330101310 7147 15  5 18 15  4  5  4  3  90.52 74108.70
5509081672211017202320271023150  4  6  7  9  7 12  4  9  70.42 68112.10
550909167222302710131313 717130 15 12  4  5  5  5  3  6  70.31 64112.10
55091016722313132723131313 7123  5  5 12  9  5  5  5  3  60.31 52107.70
5509111672242013131013101023113  7  5  5  4  5  4  4  9  50.21 40099.80
5509121672252737473030231733243 12 22 39 15 15  9  6 18 170.94 40098.30
55091316722643434343303717 7263 32 32 32 32 15 22  6  3 221.15 40098.30
550914167227 31727271713 713123  2  6 12 12  6  5  3  5  60.31 33094.70
5509151673 12320101010132013120  9  7  4  4  4  5  7  5  60.31 46090.00
5509161673 2333027272313 720180 18 15 12 12  9  5  3  7 100.63 25085.60
5509171673 32740433020171717210 12 27 32 15  7  6  6  6 140.84 38086.50
5509181673 420272730202313 7167  7 12 12 15  7  9  5  3  90.52 41085.10
5509191673 5302720232313 720163 15 12  7  9  9  5  3  7  80.52 29085.50
5509201673 630233330 3101313157 15  9 18 15  2  4  5  5  90.52 23084.60
5509211673 713131317 3 31017 90  5  5  5  6  2  2  4  6  40.21  7081.90
5509221673 83727101013 72017140 22 12  4  4  5  3  7  6  80.42  0081.10
5509231673 91020373720173033203  4  7 22 22  7  6 15 18 130.73  7081.50
55092416731037171013102023 3133 22  6  4  5  4  7  9  2  70.42 25000.00
55092516731117 710 3 3 7 313 63  6  3  4  2  2  3  2  5  30.10 30087.50
55092616731210 7 0 3 7 3 710 47  4  3  0  2  3  2  3  4  30.00 11087.40
5509271673132730303733404337277 12 15 15 22 18 27 32 22 201.05 21092.10
5509281673142343403323173720237  9 32 27 18  9  6 22  7 160.94 24093.30
5509291673153320232720504737257 18  7  9 12  7 48 39 22 201.05 21097.20
5509301673164363675750403343397 32 94111 67 48 27 18 32 541.67 32098.40
5510011673173323234323132720207 18  9  9 32  9  5 12  7 130.73 37098.00
5510021673183020302733433317233 15  7 15 12 18 32 18  6 150.94 54101.30
55100316731930403733233317 7220 15 27 22 18  9 18  6  3 150.84 58113.60
5510041673201733303710 71017160  6 18 15 22  4  3  4  6 100.52 64118.60
5510051673212323173033335747263  9  9  6 15 18 18 67 39 231.15 62000.00
5510061673224340433730401710260 32 27 32 22 15 27  6  4 211.15 60000.00
551007167323131317202013 737140  5  5  6  7  7  5  3 22  80.42 71124.90
5510081673243030332013202323193 15 15 18  7  5  7  9  9 110.63 71112.90
551009167325101310 7 3201033107  4  5  4  3  2  7  4 18  60.31 79115.40
55101016732630273737333027 7227 15 12 22 22 18 15 12  3 150.84 56120.10
551011167327 3234027372317 0170  2  9 27 12 22  9  6  0 110.63 55114.00
5510121674 1 0 0 3 0 0 0 0 3  7  0  0  2  0  0  0  0  2  00.00 61000.00
5510131674 2 3 01010 3 31013 53  2  0  4  4  2  2  4  5  30.10 41099.10
5510141674 313131717131010 7100  5  5  6  6  5  4  4  3  50.21 22095.70
5510151674 4 317 3 7 3 0 320 57  2  6  2  3  2  0  2  7  30.10  7086.30
5510161674 5331317 71310 310107 18  5  6  3  5  4  2  4  60.31  0085.80
5510171674 6131710 3 0 01713 73  5  6  4  2  0  0  6  5  40.10  0078.80
5510181674 710 0 0 7 0 0 0 3 20  4  0  0  3  0  0  0  2  10.00  0084.40
5510191674 8 0 7 7 71013 710 60  0  3  3  3  4  5  3  4  30.10 11087.00
5510201674 920132323202013 7140  7  5  9  9  7  7  5  3  60.31 21087.30
551021167410 0 31713 7 71320 80  0  2  6  5  3  3  5  7  40.10 23093.70
551022167411 3 3132027202310120  2  2  5  7 12  7  9  4  60.31 42095.80
55102316741220131017201313 3110  7  5  4  6  7  5  5  2  50.21 57104.00
551024167413 0 010 7 7 0 710 40  0  0  4  3  3  0  3  4  20.00 86112.60
5510251674144740576060575343417 39 27 67 80 80 67 56 32 561.67 95133.00
5510261674155350434337435733360 56 48 32 32 22 32 67 18 381.46107138.00
5510271674162330302320272327203  9 15 15  9  7 12  9 12 110.63 98137.50
551028167417 72320202727 313140  3  9  7  7 12 12  2  5  70.42108139.20
551029167418 723232010332327167  3  9  9  7  4 18  9 12  90.52119143.00
55103016741910 7101323333320150  4  3  4  5  9 18 18  7  80.52124139.10
5510311674202733332333375353293 12 18 18  9 18 22 56 56 261.26123148.40
55110116742130473017 3203720203 15 39 15  6  2  7 22  7 140.84102151.70
5511021674222020202733232717187  7  7  7 12 18  9 12  6 100.52 92134.10
55110316742310 7131310101010 83  4  3  5  5  4  4  4  4  40.10 77120.30
5511041674243750504017133037273 22 48 48 27  6  5 15 22 241.26 52115.60
5511051674253333332720 7 710170 18 18 18 12  7  3  3  4 100.63 50108.30
55110616742617 3 7 7 0 01710 60  6  2  3  3  0  0  6  4  30.10 36107.00
55110716742713 31010 3 7 7 0 53  5  2  4  4  2  3  3  0  30.10 71115.10
5511081675 11323202023373043210  5  9  7  7  9 22 15 32 130.84 84119.70
5511091675 2403027231310 7 7157 27 15 12  9  5  4  3  3 100.52115123.80
5511101675 310 7101310132313100  4  3  4  5  4  5  9  5  50.21131129.30
5511111675 423101313 7231320123  9  4  5  5  3  9  5  7  60.31150132.80
5511121675 510 7474330403710223  4  3 39 32 15 27 22  4 181.05152138.20
5511131675 61030171710171310123  4 15  6  6  4  6  5  4  60.31140129.90
5511141675 7 7 3 71013202317100  3  2  3  4  5  7  9  6  50.21130125.60
5511151675 82023374737333733267  7  9 22 39 22 18 22 18 201.05122130.10
5511161675 94747403033333037297 39 39 27 15 18 18 15 22 241.26105132.60
5511171675102750131713131017160 12 48  5  6  5  5  4  6 110.73 90129.30
5511181675111743402727575730297  6 32 27 12 12 67 67 15 301.36 75126.70
5511191675123020305377705750387 15  7 15 56179132 67 48 651.77 55129.70
5511201675135743504050604743390 67 32 48 27 48 80 39 32 471.57 60130.10
55112116751440302317 7 0 7 0123 27 15  9  6  3  0  3  0  80.42 60122.30
551122167515 0 0172017 7 3 0 63  0  0  6  7  6  3  2  0  30.10 61120.70
551123167516 013102010 31020 87  0  5  4  7  4  2  4  7  40.10 63121.60
5511241675171310302323171320150  5  4 15  9  9  6  5  7  80.42 70122.10
551125167518372027202730 710177 22  7 12  7 12 15  3  4 100.63 77126.00
55112616751920171717 7 3 320103  7  6  6  6  3  2  2  7  50.21 81133.30
55112716752027 010202013 717113 12  0  4  7  7  5  3  6  60.21 90134.20
551128167521 7 3 73017171347140  3  2  3 15  6  6  5 39 100.63 97133.20
55112916752217231720 7132313133  6  9  6  7  3  5  9  5  60.31 95129.80
551130167523 3271010171017 7100  2 12  4  4  6  4  6  3  50.21 93141.90
5512011675242310133340375347257  9  4  5 18 27 22 56 39 221.15 99134.30
5512021675253743372717 7 7 7180 22 32 22 12  6  3  3  3 130.73 87136.00
551203167526 3 0102327303030153  2  0  4  9 12 15 15 15  90.52 75132.70
55120416752727201713 3 0 310 93 12  7  6  5  2  0  2  4  50.21 86143.40
5512051676 11710 3 317131740120  6  4  2  2  6  5  6 27  70.42100144.70
5512061676 22737432317 73040223 12 22 32  9  6  3 15 27 160.94100145.70
5512071676 333431713 3 0 0 7117 18 32  6  5  2  0  0  3  80.42 84141.10
5512081676 4102023 717233730167  4  7  9  3  6  9 22 15  90.52 72138.20
5512091676 53320272737271713200 18  7 12 12 22 12  6  5 120.73 65136.30
5512101676 61310 713272023 7120  5  4  3  5 12  7  9  3  60.31 74132.60
5512111676 71010 31313171013 90  4  4  2  5  5  6  4  5  40.21 80144.40
5512121676 81313 7 7 7131713 90  5  5  3  3  3  5  6  5  40.21 79138.90
5512131676 9 3 0 0 7 71710 3 47  2  0  0  3  3  6  4  2  20.00 71131.20
551214167610 3 01310 3 0 0 3 33  2  0  5  4  2  0  0  2  20.00 63134.00
55121516761110 7 7 7 3101723 83  4  3  3  3  2  4  6  9  40.10 75135.10
5512161676121723303023231713177  6  9 15 15  9  9  6  5  90.52 68137.40
551217167613 310 717 3131710 80  2  4  3  6  2  5  6  4  40.10 70133.70
55121816761410 310 7 3 7 3 0 43  4  2  4  3  2  3  2  0  20.00 85130.90
551219167615 0 0172020272320127  0  0  6  7  7 12  9  7  60.31 89129.90
5512201676162333301327231010170  9 18 15  5 12  9  4  4 100.52 92128.50
5512211676171323172030301717167  5  9  6  7 15 15  6  6  90.52105116.70
551222167618102323 71713 7 7107  4  9  9  3  6  5  3  3  50.21 85120.40
5512231676191010 7 3 7 0 3 7 47  4  4  3  2  3  0  2  3  30.00 64115.20
551224167620 3 3101013271030107  2  2  4  4  5 12  4 15  60.31 51113.10
5512251676213747332040333317260 22 39 18  7 27 18 18  6 191.05 53113.20
551226167622 313173333373750223  2  5  6 18 18 22 22 48 181.05 61111.70
5512271676234743303323231323237 39 32 15 18  9  9  5  9 170.94 62120.50
551228167624 3 71717132323 7110  2  3  6  6  5  9  9  3  50.21 65120.50
551229167625 0 0 3 7 0 310 3 27  0  0  2  3  0  2  4  2  20.00 72122.00
55123016762610 710 71017 310 73  4  3  4  3  4  6  2  4  40.10 81132.80
5512311676271327272013272720173  5 12 12  7  5 12 12  7  90.52 70126.70
