5601011677 13727173023434047263 22 12  6 15  9 32 27 39 201.05 54000.00
5601021677 23333202023333737237 18 18  7  7  9 18 22 22 150.94 49125.90
5601031677 33033273317272337227 15 18 12 18  6 12  9 22 140.84 46122.90
5601041677 42733272323235037243 12 18 12  9  9  9 48 22 170.94 41120.90
5601051677 53333272020203717207 18 18 12  7  7  7 22  6 120.73 49114.10
5601061677 64013132040403327227 27  5  5  7 27 27 18 12 160.94 49118.00
5601071677 71313 01723402730163  5  5  0  6  9 27 12 15 100.63 53121.90
5601081677 823131020101020 7113  9  5  4  7  4  4  7  3  50.21 57119.90
5601091677 92337203737332017223  9 22  7 22 22 18  7  6 140.84 52114.00
560110167710 033373737534740283  0 18 22 22 22 56 39 27 261.26 32110.10
5601111677116043476040335320357 80 32 39 80 27 18 56  7 421.57 41114.00
5601121677121023233727375737250  4  9  9 22 12 22 67 22 211.15 65121.90
560113167713403020 7201013 3143 27 15  7  3  7  4  5  2  90.52 85132.70
5601141677141727203720201717173  6 12  7 22  7  7  6  6  90.52 90133.70
560115167715 0 310171710 313 73  0  2  4  6  6  4  2  5  40.10 95153.10
5601161677163013132017 71710127 15  5  5  7  6  3  6  4  60.31118158.00
560117167717 717201723 71330133  3  6  7  6  9  3  5 15  70.31126166.90
5601181677185053434040404757370 48 56 32 27 27 27 39 67 401.57130173.80
5601191677195740433750373727327 67 27 32 22 48 22 22 12 321.36128170.80
5601201677202017201710 7 710107  7  6  7  6  4  3  3  4  50.21120169.80
56012116772120 0 0 7 7332743137  7  0  0  3  3 18 12 32  90.52110170.80
5601221677225757433717104013273 67 67 32 22  6  4 27  5 291.36100177.40
5601231677231027271320304050217  4 12 12  5  7 15 27 48 160.94 93173.50
5601241677243050374747405750357 15 48 22 39 39 27 67 48 381.46 87170.60
5601251677255737371717102717217 67 22 22  6  6  4 12  6 181.05103150.00
560126167726 0 710 7 7 7 713 57  0  3  4  3  3  3  3  5  30.10 69134.40
5601271677271713234043476033277  6  5  9 27 32 39 80 18 271.26 44121.70
5601281678 15063474037334033343 48 94 39 27 22 18 27 18 371.46 48118.80
5601291678 22727273043373723250 12 12 12 15 32 22 22  9 170.94 53107.00
5601301678 33733232027402337240 22 18  9  7 12 27  9 22 160.94 48105.10
5601311678 43033273733332737257 15 18 12 22 18 18 12 22 170.94 46108.00
5602011678 53733372027233333243 22 18 22  7 12  9 18 18 160.94 50111.90
5602021678 63330373323373733263 18 15 22 18  9 22 22 18 181.05 63113.90
5602031678 73037232320173040220 15 22  9  9  7  6 15 27 140.84 60114.00
5602041678 82330232327132723190  9 15  9  9 12  5 12  9 100.63 57114.00
5602051678 91013101317132723127  4  5  4  5  6  5 12  9  60.31 31104.20
56020616781037131327171710 3137 22  5  5 12  6  6  4  2  80.42 32101.20
560207167811101710 7 7 0 320 73  4  6  4  3  3  0  2  7  40.10 29105.30
56020816781213 0 31010 3 3 3 47  5  0  2  4  4  2  2  2  30.00 26107.10
56020916781317 7 310 3 0 3 3 47  6  3  2  4  2  0  2  2  30.00 31113.90
560210167814 0101013 7 71313 73  0  4  4  5  3  3  5  5  40.10 40118.90
5602111678154030172033274747260 27 15  6  7 18 12 39 39 201.05 56130.70
5602121678165047534730202030297 48 39 56 39 15  7  7 15 281.26 80151.50
5602131678172017333327171317177  7  6 18 18 12  6  5  6 100.52 90160.40
56021416781810171317 710 0 3 77  4  6  5  6  3  4  0  2  40.10142182.10
560215167819 3 0172010 71723 97  2  0  6  7  4  3  6  9  50.21168215.40
5602161678202343302733372723243  9 32 15 12 18 22 12  9 160.94224236.10
56021716782120202323 717 7 0117  7  7  9  9  3  6  3  0  60.21237244.10
560218167822 0201323 71313 3 93  0  7  5  9  3  5  5  2  40.21270247.20
5602191678234323304337232323247 32  9 15 32 22  9  9  9 170.94246244.30
560220167824 7 710103320 713107  3  3  4  4 18  7  3  5  60.31260240.50
560221167825 713101320203317133  3  5  4  5  7  7 18  6  70.31208232.70
5602221678264040304333301310240 27 27 15 32 18 15  5  4 181.05186216.80
56022316782713 3101720332010127  5  2  4  6  7 18  7  4  70.31177201.10
5602241679 110 7 72723231323133  4  3  3 12  9  9  5  9  70.31156175.50
5602251679 2 760837367676733457  3 80236154111111111 181031.98149000.00
5602261679 33323304740103327243 18  9 15 39 27  4 18 12 181.05140152.10
5602271679 44033401713175040250 27 18 27  6  5  6 48 27 201.05125140.30
5602281679 54753233020304040283 39 56  9 15  7 15 27 27 241.26132141.30
5602291679 65350504340504047373 56 48 48 32 27 48 27 39 411.57132155.20
5603011679 72733404027173743263 12 18 27 27 12  6 22 32 201.05152151.20
5603021679 83350474333333330303 18 48 39 32 18 18 18 15 261.26120157.30
5603031679 94757637363607370507 39 67 94154 94 801541321021.98115151.30
5603041679105343433340301713273 56 32 32 18 27 15  6  5 241.26100144.50
5603051679111723271017272717163  6  9 12  4  6 12 12  6  80.52112142.60
5603061679122730271737203717210 12 15 12  6 22  7 22  6 130.73110146.70
560307167913 0 0 3231310 7 7 63  0  0  2  9  5  4  3  3  30.10107147.70
560308167914 710 7 7 3 3 0 0 37  3  4  3  3  2  2  0  0  20.00104000.00
560309167915 0 0 3 3 3 3 013 27  0  0  2  2  2  2  0  5  20.00102152.70
5603101679161730272713134060227  6 15 12 12  5  5 27 80 201.05 97156.70
5603111679176037432720202040267 80 22 32 12  7  7  7 27 241.26 87154.80
5603121679182713202023232320170 12  5  7  7  9  9  9  7  80.42 86000.00
5603131679192333302017171030180  9 18 15  7  6  6  4 15 100.63 97161.90
5603141679202723274037331323223 12  9 12 27 22 18  5  9 140.84122174.00
56031516792130202323172317 7160 15  7  9  9  6  9  6  3  80.42140170.90
56031616792210 3202013101027113  4  2  7  7  5  4  4 12  60.31135165.10
560317167923 7101010 7 3 313 63  3  4  4  4  3  2  2  5  30.10138166.20
560318167924 3 317172023 717107  2  2  6  6  7  9  3  6  50.21130168.20
5603191679253027171720202340193 15 12  6  6  7  7  9 27 110.63128170.30
5603201679264030 71320202030180 27 15  3  5  7  7  7 15 110.63122162.50
5603211679274333534333475057360 32 18 56 32 18 39 48 67 391.46122162.60
5603221680 17063503740434363410132 94 48 22 27 32 32 94 601.77118162.40
5603231680 263605020171310 3237 94 80 48  7  6  5  4  2 311.36130168.50
5603241680 32020304340604043297  7  7 15 32 27 80 27 32 281.26136163.60
5603251680 44733273320273747270 39 18 12 18  7 12 22 39 211.15138156.70
5603261680 53027304043303040270 15 12 15 27 32 15 15 27 201.05140153.80
5603271680 63027132020332733203 15 12  5  7  7 18 12 18 120.73115160.90
5603281680 74743232733334750303 39 32  9 12 18 18 39 48 271.26117163.00
5603291680 86347504027404043350 94 39 48 27 12 27 27 32 381.46122168.10
5603301680 9 733271320233343200  3 18 12  5  7  9 18 32 130.73116154.20
5603311680104740302333232317237 39 27 15  9 18  9  9  6 160.94113155.30
5604011680112747401017231020193 12 39 27  4  6  9  4  7 140.84 82000.00
5604021680121710174040374043243  6  4  6 27 27 22 27 32 191.05 69135.30
5604031680133753303033302023257 22 56 15 15 18 15  7  9 201.05 66129.40
5604041680143740303723203010227 22 27 15 22  9  7 15  4 150.94 66136.40
5604051680152330271727333333223  9 15 12  6 12 18 18 18 140.84 50134.50
5604061680162317302743273043240  9  6 15 12 32 12 15 32 170.94 45145.60
5604071680175330373337302023263 56 15 22 18 22 15  7  9 201.05 63000.00
5604081680182323373327172010190  9  9 22 18 12  6  7  4 110.63 86164.90
5604091680191023302330172317173  4  9 15  9 15  6  9  6  90.52103176.00
5604101680201017303737431327213  4  6 15 22 22 32  5 12 150.84145189.30
5604111680212030172030334027217  7 15  6  7 15 18 27 12 130.84145186.30
5604121680223320332733301713207 18  7 18 12 18 15  6  5 120.73160187.50
5604131680232030302320131010157  7 15 15  9  7  5  4  4  80.42178194.60
560414168024 317272323201717147  2  6 12  9  9  7  6  6  70.42164199.70
5604151680251717171317232720150  6  6  6  5  6  9 12  7  70.42152000.00
5604161680261737271717403037220  6 22 12  6  6 27 15 22 140.84155195.70
5604171680275047302733273030273 48 39 15 12 18 12 15 15 221.15172192.80
5604181681 12337403027202337237  9 22 27 15 12  7  9 22 150.94166192.90
5604191681 22037402027302010203  7 22 27  7 12 15  7  4 130.73155180.90
5604201681 33023201713 72727163 15  9  7  6  5  3 12 12  90.52145177.00
5604211681 43333335353477070393 18 18 18 56 56 39132132 591.77145190.20
5604221681 56773707037473740440111154132132 22 39 22 27 801.87130189.30
5604231681 64033232320101320183 27 18  9  9  7  4  5  7 110.63121165.10
5604241681 71723 71017 7 717103  6  9  3  4  6  3  3  6  50.21 96168.20
5604251681 83313102713232020160 18  5  4 12  5  9  7  7  80.52104154.10
5604261681 92033374040234077310  7 18 22 27 27  9 27179 401.46 91158.30
5604271681108787777767677057587300300179179111111132 671722.09 91139.00
5604281681117070402720335370383132132 27 12  7 18 56132 641.77 67000.00
5604291681127763605337332023367179 94 80 56 22 18  7  9 581.77 40127.00
5604301681136063504350504733397 80 94 48 32 48 48 39 18 511.67 70138.20
5605011681143747334040332010260 22 39 18 27 27 18  7  4 201.05 94153.60
560502168115 720201313 3 713 97  3  7  7  5  5  2  3  5  50.21107160.80
5605031681162323172720202723180  9  9  6 12  7  7 12  9  90.52138159.90
5605041681172013133337272327193  7  5  5 18 22 12  9 12 110.63169159.90
5605051681183320333327433723250 18  7 18 18 12 32 22  9 170.94158165.10
5605061681191023233723301323183  4  9  9 22  9 15  5  9 100.63162167.20
5605071681202723202020103317170 12  9  7  7  7  4 18  6  90.52162168.30
560508168121 3131317131010 7 87  2  5  5  6  5  4  4  3  40.10186169.40
560509168122101710 7 310 7 7 70  4  6  4  3  2  4  3  3  40.10180172.60
560510168123131010 7 710 7 3 67  5  4  4  3  3  4  3  2  40.10178182.80
56051116812417 7 3 3 3 0 737 77  6  3  2  2  2  0  3 22  50.21169180.90
5605121681254347434350534343367 32 39 32 32 48 56 32 32 381.46154182.00
5605131681262740675737302030307 12 27111 67 22 15  7 15 341.46142179.00
5605141681272320333730403330247  9  7 18 22 15 27 18 15 160.94133170.90
5605151682 14043434750634343373 27 32 32 39 48 94 32 32 421.57110164.60
5605161682 25373777083777077580 561541791322361791321791562.09122159.60
5605171682 37060575350332320367132 80 67 56 48 18  9  7 521.67132164.80
5605181682 42730332313131317170 12 15 18  9  5  5  5  6  90.52144174.00
5605191682 51720203713171727167  6  7  7 22  5  6  6 12  90.52140172.10
5605201682 62017376357405047330  7  6 22 94 67 27 48 39 391.46127180.30
5605211682 74347331720172713217 32 39 18  6  7  6 12  5 160.94144166.00
5605221682 82327334040204323250  9 12 18 27 27  7 32  9 181.05119159.90
5605231682 923 3103340404067257  9  2  4 18 27 27 27111 281.26 82150.80
5605241682106360576370635770503 94 80 67 94132 94 67132 951.98102150.80
5605251682117070706040332040403132132132 80 27 18  7 27 691.77103157.00
5605261682124723271013133033197 39  9 12  4  5  5 15 18 130.84120163.30
56052716821327171313 7172033147 12  6  5  5  3  6  7 18  80.42115161.30
5605281682143743231723 317 7170 22 32  9  6  9  2  6  3 110.63137169.50
56052916821513 713 320405747200  5  3  5  2  7 27 67 39 191.05136181.90
5605301682163030302727402330237 15 15 15 12 12 27  9 15 150.84146171.70
56053116821713271013 317 723113  5 12  4  5  2  6  3  9  60.31123159.40
5606011682183740374337373327290 22 27 22 32 22 22 18 12 221.15 98159.50
5606021682192330272737332313213  9 15 12 12 22 18  9  5 130.73105152.30
5606031682203017101320231730160 15  6  4  5  7  9  6 15  80.52109152.30
5606041682211717132330272317167  6  6  5  9 15 12  9  6  80.52106153.40
5606051682221320271320373320183  5  7 12  5  7 22 18  7 100.63117153.50
5606061682231323202750372017207  5  9  7 12 48 22  7  6 140.84118151.40
5606071682241320231317232320153  5  7  9  5  6  9  9  7  70.42111150.40
5606081682253720304323273337250 22  7 15 32  9 12 18 22 170.94 90145.30
5606091682262327502733233327243  9 12 48 12 18  9 18 12 170.94 85142.30
5606101682273023272320473040240 15  9 12  9  7 39 15 27 170.94 89138.20
5606111683 14033433340303027277 27 18 32 18 27 15 15 12 201.05 87141.30
5606121683 23327272017131727180 18 12 12  7  6  5  6 12 100.52 97141.30
5606131683 33027202330303043233 15 12  7  9 15 15 15 32 150.84103151.70
5606141683 43327373733304033270 18 12 22 22 18 15 27 18 191.05112151.70
5606151683 54743433337373343317 39 32 32 18 22 22 18 32 271.26119165.10
5606161683 63030332733233327237 15 15 18 12 18  9 18 12 150.84132163.10
5606171683 71017131023332737170  4  6  5  4  9 18 12 22 100.63120164.20
5606181683 83013132013171020137 15  5  5  7  5  6  4  7  70.31130176.60
5606191683 913 7201013202040143  5  3  7  4  5  7  7 27  80.42167184.90
5606201683102013132023172327157  7  5  5  7  9  6  9 12  80.42161193.10
5606211683113320232013172730183 18  7  9  7  5  6 12 15 100.63162193.20
5606221683123020172020232313167 15  7  6  7  7  9  9  5  80.42150188.00
5606231683132313102017204763213  9  5  4  7  6  7 39 94 211.15139175.60
5606241683145050273050604760373 48 48 12 15 48 80 39 80 461.57125178.80
5606251683156367633733474023373 94111 94 22 18 39 27  9 521.67106163.30
5606261683161723333343373333253  6  9 18 18 32 22 18 18 181.05 70142.60
5606271683172747373730373020263 12 39 22 22 15 22 15  7 191.05 71138.50
5606281683182027402330203020210  7 12 27  9 15  7 15  7 120.73122143.70
5606291683191720374727234030240  6  7 22 39 12  9 27 15 170.94135153.00
5606301683201743374043474030297  6 32 22 27 32 39 27 15 251.26162000.00
5607011683212020332733372730227  7  7 18 12 18 22 12 15 140.84164000.00
5607021683222717402727333323227 12  6 27 12 12 18 18  9 140.84155000.00
560703168323303037333723 7 7203 15 15 22 18 22  9  3  3 130.84133162.30
5607041683241327272310101310133  5 12 12  9  4  4  5  4  70.31153157.10
5607051683251313233027201723167  5  5  9 15 12  7  6  9  80.52138163.30
56070616832617171720131713 3117  6  6  6  7  5  6  5  2  50.21139161.30
560707168327 3 7 7 313131313 73  2  3  3  2  5  5  5  5  40.10163171.60
5607081684 13333272017132043207 18 18 12  7  6  5  7 32 130.84158179.90
5607091684 2373033272010 717180 22 15 18 12  7  4  3  6 110.63150177.80
5607101684 3 7171717 7234737170  3  6  6  6  3  9 39 22 120.73157174.70
5607111684 43333301727272730223 18 18 15  6 12 12 12 15 140.84177185.00
5607121684 51730301320132717167  6 15 15  5  7  5 12  6  90.52216198.40
5607131684 63323131730434743250 18  9  5  6 15 32 39 32 201.05192189.10
5607141684 75020131720202330193 48  7  5  6  7  7  9 15 130.73156000.00
5607151684 82020101313173013137  7  7  4  5  5  6 15  5  70.31156166.30
5607161684 92323231323201317157  9  9  9  5  9  7  5  6  70.42144159.10
56071716841010201717 7 31320107  4  7  6  6  3  2  5  7  50.21 98150.80
5607181684111010 3 310172017 90  4  4  2  2  4  6  7  6  40.21 67150.80
5607191684123023231727273043220 15  9  9  6 12 12 15 32 140.84 65148.70
5607201684133720231330272323197 22  7  9  5 15 12  9  9 110.63 71148.70
56072116841413 3 7 313 71313 73  5  2  3  2  5  3  5  5  40.10 78161.00
5607221684151713 7101317 717100  6  5  3  4  5  6  3  6  50.21 86170.30
5607231684162017131733304050220  7  6  5  6 18 15 27 48 160.94113186.80
5607241684173327476033301720267 18 12 39 80 18 15  6  7 241.26 84177.40
5607251684183033405040332743297 15 18 27 48 27 18 12 32 251.26 90175.30
5607261684194740575343434050373 39 27 67 56 32 32 27 48 411.57100164.00
5607271684204037373333203033263 27 22 22 18 18  7 15 18 181.05116165.00
5607281684213030274733304743287 15 15 12 39 18 15 39 32 231.15104159.80
5607291684222717502327532720243 12  6 48  9 12 56 12  7 201.05108162.80
5607301684233323302720132017183 18  9 15 12  7  5  7  6 100.63130166.90
5607311684241013232347301720183  4  5  9  9 39 15  6  7 120.73140173.10
5608011684254017132327201720177 27  6  5  9 12  7  6  7 100.63140179.20
5608021684262313132320131720143  9  5  5  9  7  5  6  7  70.31148181.20
560803168427101023172320 317123  4  4  9  6  9  7  2  6  60.31146180.10
5608041685 11710 3 3 7101320 83  6  4  2  2  3  4  5  7  40.10149189.30
5608051685 2102017 7 3 71010 83  4  7  6  3  2  3  4  4  40.10152189.30
5608061685 31010 31317172017107  4  4  2  5  6  6  7  6  50.21149190.30
5608071685 4 717 7 7 3 71717 80  3  6  3  3  2  3  6  6  40.10151201.70
5608081685 51713272713373723193  6  5 12 12  5 22 22  9 120.73140202.70
5608091685 62023204047434037270  7  9  7 27 39 32 27 22 211.15140209.80
5608101685 73030231323171027173 15 15  9  5  9  6  4 12  90.52136199.50
5608111685 85040404340435333343 48 27 27 32 27 32 56 18 331.36140186.10
5608121685 93033333340273743277 15 18 18 18 27 12 22 32 201.05148186.00
560813168510 713131723131720123  3  5  5  6  9  5  6  7  60.31150183.90
56081416851120201013 7 31020103  7  7  4  5  3  2  4  7  50.21140180.70
560815168512 710 71020102020103  3  4  3  4  7  4  7  7  50.21143175.50
56081616851310 3 31013271723107  4  2  2  4  5 12  6  9  60.21143171.40
5608171685143747474040271317267 22 39 39 27 27 12  5  6 221.15131178.50
5608181685151713131010 71010 90  6  5  5  4  4  3  4  4  40.21173000.00
560819168516 7 3 7 3 7 7 310 47  3  2  3  2  3  3  2  4  30.00192192.70
560820168517101013 7 310 3 7 63  4  4  5  3  2  4  2  3  30.10217208.90
560821168518 320273357473737260  2  7 12 18 67 39 22 22 241.15224233.40
5608221685193017171733232730193 15  6  6  6 18  9 12 15 110.63237217.00
5608231685203027373753333760313 15 12 22 22 56 18 22 80 311.36213228.10
5608241685217057405767775047463132 67 27 67111179 48 39 841.87232223.90
5608251685224037374350574043347 27 22 22 32 48 67 27 32 351.46154000.00
5608261685236343533327334323320 94 32 56 18 12 18 32  9 341.36178224.70
5608271685242737372737271727233 12 22 22 12 22 12  6 12 150.84203217.50
5608281685254333172327332023220 32 18  6  9 12 18  7  9 140.84196211.30
5608291685261720202740302327203  6  7  7 12 27 15  9 12 120.73200218.30
56083016852723233330231717 7173  9  9 18 15  9  6  6  3  90.52212203.00
5608311686 1 7 7135343434027233  3  3  5 56 32 32 27 12 211.15182193.70
5609011686 22720273730233023217 12  7 12 22 15  9 15  9 130.73168184.60
5609021686 35077806747404030430 48179207111 39 27 27 15 821.87158182.50
5609031686 45763605750302320360 67 94 80 67 48 15  9  7 481.67136000.00
5609041686 52020373027101710170  7  7 22 15 12  4  6  4 100.52130185.40
5609051686 63027201710101017140 15 12  7  6  4  4  4  6  70.42142184.30
5609061686 73337374743333333297 18 22 22 39 32 18 18 18 231.15158216.70
5609071686 83023272020201313167 15  9 12  7  7  7  5  5  80.52165212.50
5609081686 91010375383806033367  4  4 22 56236207 80 18 781.87157206.30
5609091686102727434343274033283 12 12 32 32 32 12 27 18 221.15146220.40
5609101686113023201727272313180 15  9  7  6 12 12  9  5  90.52136220.30
5609111686121730232717171717163  6 15  9 12  6  6  6  6  80.42170240.50
5609121686131710 71013133047147  6  4  3  4  5  5 15 39 100.63208250.50
5609131686144353272013272017220 32 56 12  7  5 12  7  6 170.94244264.50
560914168615 31010 7 710 713 67  2  4  4  3  3  4  3  5  40.10251250.20
5609151686162317 313 7 7 733110  9  6  2  5  3  3  3 18  60.31254237.20
5609161686172313131027302027163  9  5  5  4 12 15  7 12  90.52244241.10
5609171686181020131717131710117  4  7  5  6  6  5  6  4  50.21234220.80
56091816861913 0 3 7 3 3 3 3 37  5  0  2  3  2  2  2  2  20.00213212.50
560919168620 7 3 7 7 3 3 713 50  3  2  3  3  2  2  3  5  30.10214199.20
5609201686212043374047533740317  7 32 22 27 39 56 22 27 291.36223197.10
5609211686225060504337373027333 48 80 48 32 22 22 15 12 351.46202191.00
5609221686233750505337474323340 22 48 48 56 22 39 32  9 341.46153180.90
5609231686243727373323201013200 22 12 22 18  9  7  4  5 120.73139174.80
5609241686251717102027 32317133  6  6  4  7 12  2  9  6  60.31125176.70
5609251686263723 7 723232030170 22  9  3  3  9  9  7 15 100.52132177.60
56092616862730373333172013 3187 15 22 18 18  6  7  5  2 120.73136174.50
5609271687 1 3 7172323202317133  2  3  6  9  9  7  9  6  60.31131168.30
5609281687 22337232313231717177  9 22  9  9  5  9  6  6  90.52127167.30
5609291687 313 7 7 717102017 97  5  3  3  3  6  4  7  6  50.21143173.20
5609301687 42727232010 7 720140 12 12  9  7  4  3  3  7  70.42158175.10
5610011687 52330173337302037227  9 15  6 18 22 15  7 22 140.84170192.30
5610021687 64730404047334340320 39 15 27 27 39 18 32 27 281.26183203.20
5610031687 73337333340404037293 18 22 18 18 27 27 27 22 221.15190223.20
5610041687 83017232720272327193 15  6  9 12  7 12  9 12 100.63187220.10
5610051687 91313534017203323213  5  5 56 27  6  7 18  9 170.94180217.00
5610061687103330273743302730257 18 15 12 22 32 15 12 15 181.05145208.70
5610071687113027273027373727240 15 12 12 15 12 22 22 12 150.94145214.70
5610081687123330332717204033233 18 15 18 12  6  7 27 18 150.94170212.80
5610091687133023272730233023213 15  9 12 12 15  9 15  9 120.73180212.70
5610101687142710101013171317117 12  4  4  4  5  6  5  6  60.31176209.50
5610111687151727202020 71013133  6 12  7  7  7  3  4  5  60.31166215.40
561012168716 3 7 71710101320 87  2  3  3  6  4  4  5  7  40.10175207.20
56101316871717 7 710 3 3 3 7 57  6  3  3  4  2  2  2  3  30.10154201.10
561014168718101010 3 3 0 7 3 47  4  4  4  2  2  0  3  2  30.00134186.00
561015168719 3 0 3 3 3 710 7 37  2  0  2  2  2  3  4  3  20.00121168.10
561016168720 3132710 7 3 7 3 73  2  5 12  4  3  2  3  2  40.10110162.90
5610171687211010171310 7 713 87  4  4  6  5  4  3  3  5  40.10 90161.90
56101816872213231013 3 3 7 7 80  5  9  4  5  2  2  3  3  40.10115161.80
5610191687231320172020131010123  5  7  6  7  7  5  4  4  60.31134184.70
561020168724 743534347504350337  3 32 56 32 39 48 32 48 361.46145182.60
5610211687254750434343373733333 39 48 32 32 32 22 22 18 311.36149185.50
561022168726374020 330202320193 22 27  7  2 15  7  9  7 120.73160190.50
5610231687274030302730233033243 27 15 15 12 15  9 15 18 160.94153183.50
5610241688 117332013 7 723 3123  6 18  7  5  3  3  9  2  70.31163190.30
5610251688 2 3171313 3 01013 73  2  6  5  5  2  0  4  5  40.10165193.30
5610261688 33030372037476763330 15 15 22  7 22 39111 94 411.57152198.10
5610271688 45757433737273333323 67 67 32 22 22 12 18 18 321.36140211.90
5610281688 53037474343172323263 15 22 39 32 32  6  9  9 201.05150217.80
5610291688 62720173023232717183 12  7  6 15  9  9 12  6 100.52168227.60
5610301688 710132727333313 7163  4  5 12 12 18 18  5  3 100.52178230.50
5610311688 8 7 0173023201330140  3  0  6 15  9  7  5 15  80.42167232.30
5611011688 9373323 730332023207 22 18  9  3 15 18  7  9 130.73157239.60
5611021688102317172723302330190  9  6  6 12  9 15  9 15 100.63175223.50
5611031688114337334030232720253 32 22 18 27 15  9 12  7 181.05187223.40
5611041688123327302317231720190 18 12 15  9  6  9  6  7 100.63198249.20
56110516881320131313 3101323110  7  5  5  5  2  4  5  9  50.21220271.80
5611061688141333272723272727203  5 18 12 12  9 12 12 12 120.73274298.50
5611071688152723132320101713147 12  9  5  9  7  4  6  5  70.42308299.30
56110816881613172020201313 7123  5  6  7  7  7  5  5  3  60.31312316.40
5611091688171313132020275043200  5  5  5  7  7 12 48 32 150.94260302.40
5611101688186057574350505363433 80 67 67 32 48 48 56 94 621.77236281.40
5611111688196767635343334767440111111 94 56 32 18 39111 721.87243280.20
5611121688206037504357574343390 80 22 48 32 67 67 32 32 481.67262290.00
5611131688215037132733201023213 48 22  5 12 18  7  4  9 160.94230275.10
5611141688224753574337407063410 39 56 67 32 22 27132 94 591.77215266.10
5611151688236763777360373737450111 94179154 80 22 22 22 861.87230248.60
5611161688246367604330274327360 94111 80 32 15 12 32 12 481.67236254.40
5611171688252323303033373030237  9  9 15 15 18 22 15 15 150.84231252.30
5611181688264740472330171710230 39 27 39  9 15  6  6  4 181.05180225.60
561119168827 3 71317201710 7 93  2  3  5  6  7  6  4  3  40.21178220.50
5611201689 1 7 3203037373327193  3  2  7 15 22 22 18 12 130.73180213.50
5611211689 24040474037273343307 27 27 39 27 22 12 18 32 261.26183202.60
5611221689 34033273047374357313 27 18 12 15 39 22 32 67 291.36154227.40
5611231689 45040374747372717300 48 27 22 39 39 22 12  6 271.26138200.60
5611241689 51720102733333027197  6  7  4 12 18 18 15 12 120.73120196.60
5611251689 62317303070403327270  9  6 15 15132 27 18 12 291.36160210.40
5611261689 7371710 7 710 7 7100 22  6  4  3  3  4  3  3  60.31160211.30
5611271689 810201710 3173750163  4  7  6  4  2  6 22 48 120.73125202.30
5611281689 95333333020202320233 56 18 18 15  7  7  9  7 170.94135214.00
5611291689102323232317273337207  9  9  9  9  6 12 18 22 120.73154215.00
5611301689113037233320232027213 15 22  9 18  7  9  7 12 120.73198234.60
5612011689121717172023232723167  6  6  6  7  9  9 12  9  80.42163222.20
5612021689134323203327303023230 32  9  7 18 12 15 15  9 150.84177236.90
5612031689142723273330233020213 12  9 12 18 15  9 15  7 120.73189246.70
5612041689153330232023232320197 18 15  9  7  9  9  9  7 100.63200247.60
56120516891633272013203013 7163 18 12  7  5  7 15  5  3  90.52213257.40
5612061689171027201327302740193  4 12  7  5 12 15 12 27 120.73185251.50
5612071689182327232023301723187  9 12  9  7  9 15  6  9 100.52173247.40
5612081689192023373730102317197  7  9 22 22 15  4  9  6 120.73157241.70
56120916892010 7201720171720127  4  3  7  6  7  6  6  7  60.31185253.50
5612101689213750374340302340300 22 48 22 32 27 15  9 27 251.26216266.20
5612111689222013 7 710 71710 90  7  5  3  3  4  3  6  4  40.21229268.10
561212168923 0 0132023333340163  0  0  5  7  9 18 18 27 100.63212260.20
5612131689243333433340332323263 18 18 32 18 27 18  9  9 191.05202245.30
5612141689253330202713172317180 18 15  7 12  5  6  9  6 100.52210246.20
561215168926101310131310 3 3 77  4  5  4  5  5  4  2  2  40.10198250.40
561216168927 7131310 7 3 3 0 57  3  5  5  4  3  2  2  0  30.10186245.40
5612171690 1 3131713 7 7 0 3 63  2  5  6  5  3  3  0  2  30.10190250.30
5612181690 2 3101717302013 3113  2  4  6  6 15  7  5  2  60.31156226.60
5612191690 3 0 0171310131027 90  0  0  6  5  4  5  4 12  40.21151232.50
5612201690 42317132313101010120  9  6  5  9  5  4  4  4  60.31143226.50
5612211690 51313131710 71013 97  5  5  5  6  4  3  4  5  50.21173238.40
5612221690 610201727301317 3137  4  7  6 12 15  5  6  2  70.42200249.90
5612231690 7 0 3 72310 71020 80  0  2  3  9  4  3  4  7  40.10219253.80
5612241690 83333232013102010163 18 18  9  7  5  4  7  4  90.52219247.90
5612251690 91717304743333343263  6  6 15 39 32 18 18 32 211.15229000.00
561226169010374743331710 7 3197 22 39 32 18  6  4  3  2 160.94229254.70
561227169011 0 3131713404337167  0  2  5  6  5 27 32 22 120.73215267.50
5612281690124033473040373327287 27 18 39 15 27 22 18 12 221.15202222.20
5612291690134330233027232723227 32 15  9 15 12  9 12  9 140.84187230.10
5612301690142017474330232023223  7  6 39 32 15  9  7  9 160.94171239.90
5612311690151710 72327 71010110  6  4  3  9 12  3  4  4  60.31177000.00
