570101169016 3 7 737302017 7127  2  3  3 22 15  7  6  3  80.42160000.00
5701021690172317235027235350267  9  6  9 48 12  9 56 48 251.26189270.40
5701031690183727233023131317183 22 12  9 15  9  5  5  6 100.63211269.50
57010416901913172020 710 710103  5  6  7  7  3  4  3  4  50.21224278.30
57010516902010101017101017 7 90  4  4  4  6  4  4  6  3  40.21226281.30
570106169021 027172320131720137  0 12  6  9  7  5  6  7  60.31252286.10
57010716902220202027272013 3150  7  7  7 12 12  7  5  2  70.42224259.60
5701081690232733203733272730233 12 18  7 22 18 12 12 15 140.84207243.70
5701091690242020171733373037210  7  7  6  6 18 22 15 22 130.73166228.90
5701101690253343504040404347337 18 32 48 27 27 27 32 39 311.36153212.30
5701111690264017403737101720217 27  6 27 22 22  4  6  7 150.94151211.20
57011216902723402013 3 3 313120  9 27  7  5  2  2  2  5  70.42155213.30
5701131691 120 713171010 713 97  7  3  5  6  4  4  3  5  50.21134202.50
5701141691 2 3 317171710 7 3 77  2  2  6  6  6  4  3  2  40.10121193.70
5701151691 31310131727232320147  5  4  5  6 12  9  9  7  70.42 86187.40
5701161691 42320202030131313153  9  7  7  7 15  5  5  5  80.42100180.60
5701171691 52013132020171713133  7  5  5  7  7  6  6  5  60.31112190.40
5701181691 610 3131010 7 3 0 57  4  2  5  4  4  3  2  0  30.10143199.20
5701191691 7 0 3172323332013133  0  2  6  9  9 18  7  5  70.42170211.10
5701201691 81713 7101313 7 3 83  6  5  3  4  5  5  3  2  40.10170228.80
5701211691 91733373747577787390  6 18 22 22 39 67179300 821.87177219.00
5701221691108367634740403023393236111 94 39 27 27 15  9 701.77193221.60
5701231691113037435040374033310 15 22 32 48 27 22 27 18 261.26191228.50
5701241691124047172733275350293 27 39  6 12 18 12 56 48 271.26209247.20
5701251691135037473020202340267 48 22 39 15  7  7  9 27 221.15184227.60
5701261691142330273327271730213  9 15 12 18 12 12  6 15 120.73168236.50
5701271691152027204033272017203  7 12  7 27 18 12  7  6 120.73150232.60
570128169116 723171320172323143  3  9  6  5  7  6  9  9  70.31141203.30
5701291691171323202750504340267  5  9  7 12 48 48 32 27 241.15132193.50
5701301691185057534737333727340 48 67 56 39 22 18 22 12 361.46107184.70
5701311691192030272727302727213  7 15 12 12 12 15 12 12 120.73108172.90
5702011691202020132713172010140  7  7  5 12  5  6  7  4  70.31108193.50
570202169121 720172030273023173  3  7  6  7 15 12 15  9  90.52120178.80
5702031691221723 71020233743180  6  9  3  4  7  9 22 32 120.73102181.70
5702041691234033303750434353330 27 18 15 22 48 32 32 56 311.36110177.90
5702051691245060474750373033353 48 80 39 39 48 22 15 18 391.46110179.90
5702061691253023332723171310177 15  9 18 12  9  6  5  4 100.52123189.80
570207169126 0 7172710131317103  0  3  6 12  4  5  5  6  50.21138182.90
5702081691271720271717171720150  6  7 12  6  6  6  6  7  70.42151196.40
5702091692 12030171310132020143  7 15  6  5  4  5  7  7  70.42157186.70
5702101692 227101327 3 3 3 7 93 12  4  5 12  2  2  2  3  50.21142180.90
5702111692 31723172323372017177  6  9  6  9  9 22  7  6  90.52136186.80
5702121692 42343332720203727230  9 32 18 12  7  7 22 12 150.84132189.80
5702131692 53347375053506333367 18 39 22 48 56 48 94 18 431.57122172.20
5702141692 627273017131013 7143 12 12 15  6  5  4  5  3  80.42130177.20
5702151692 7 010333730301730187  0  4 18 22 15 15  6 15 120.73142185.00
5702161692 8 317232020272320153  2  6  9  7  7 12  9  7  70.42153173.20
5702171692 92013102733272730187  7  5  4 12 18 12 12 15 110.63140178.20
5702181692103330303030303737257 18 15 15 15 15 15 22 22 170.94132185.20
5702191692113730403327334743290 22 15 27 18 12 18 39 32 231.15123170.50
5702201692124340302733232033250 32 27 15 12 18  9  7 18 170.94117169.60
5702211692134040534340473750350 27 27 56 32 27 39 22 48 351.46123181.50
5702221692144343403737373033300 32 32 27 22 22 22 15 18 241.15130183.40
5702231692153737302027306060300 22 22 15  7 12 15 80 80 321.36132201.20
5702241692167070606047272720380132132 80 80 39 12 12  7 621.77134182.60
570225169217302723331710 7 3150 15 12  9 18  6  4  3  2  90.52139181.70
57022616921817 3 71010101013 80  6  2  3  4  4  4  4  5  40.10131177.80
57022716921927301313 0 71310113 12 15  5  5  0  3  5  4  60.31141180.90
570228169220 7 0 31013131010 67  3  0  2  4  5  5  4  4  30.10129178.00
570301169221 710131733404047207  3  4  5  6 18 27 27 39 160.94155183.80
5703021692226083837067536367547 80236236132111 56 941111321.98164180.00
5703031692235053533330433327323 48 56 56 18 15 32 18 12 321.36137177.10
5703041692243740302727 71730213 22 27 15 12 12  3  6 15 140.84128175.20
5703051692253733302733273333253 22 18 15 12 18 12 18 18 170.94124178.30
5703061692264320233033332317223 32  7  9 15 18 18  9  6 140.84147178.40
5703071692271723132323332323180  6  9  5  9  9 18  9  9  90.52147193.30
5703081693 14017302030203040227 27  6 15  7 15  7 15 27 150.84144196.20
5703091693 23343332023333030247 18 32 18  7  9 18 15 15 160.94180195.30
5703101693 34043476770606357447 27 32 39111132 80 94 67 731.87186197.40
5703111693 44027231020131010153 27 12  9  4  7  5  4  4  90.52210214.40
5703121693 5203330271710 3 0140  7 18 15 12  6  4  2  0  80.42224207.50
5703131693 6 313203023372023170  2  5  7 15  9 22  7  9 100.52228212.60
5703141693 710 71323 713 3 7 83  4  3  5  9  3  5  2  3  40.10175198.80
5703151693 82323201713172743183  9  9  7  6  5  6 12 32 110.63156196.70
5703161693 95043432330376053340 48 32 32  9 15 22 80 56 371.46146199.80
5703171693102733332330402327237 12 18 18  9 15 27  9 12 150.84150198.90
5703181693112030233340172327213  7 15  9 18 27  6  9 12 130.73147196.10
5703191693122317272727203030200  9  6 12 12 12  7 15 15 110.63147192.20
5703201693133337372713101733207 18 22 22 12  5  4  6 18 130.84122194.30
5703211693141330131023474350230  5 15  5  4  9 39 32 48 201.05120197.40
5703221693154030373737373347297 27 15 22 22 22 22 18 39 231.15137201.30
5703231693164340304030302723263 32 27 15 27 15 15 12  9 191.05152202.40
5703241693173020231710103737183 15  7  9  6  4  4 22 22 110.63145195.50
5703251693184360474747231710293 32 80 39 39 39  9  6  4 311.36160197.60
5703261693191313133037372337203  5  5  5 15 22 22  9 22 130.84170192.80
5703271693204337304047435370363 32 22 15 27 39 32 56132 441.57155214.80
5703281693217067635733402313367132111 94 67 18 27  9  5 581.77152198.00
5703291693223353434070776360440 18 56 32 27132179 94 80 771.87154209.10
5703301693235747301720272033250 67 39 15  6  7 12  7 18 211.15172195.20
5703311693243033332730404340277 15 18 18 12 15 27 32 27 201.05145201.30
5704011693254043403330333737293 27 32 27 18 15 18 22 22 231.15140219.20
5704021693264317303023233333233 32  6 15 15  9  9 18 18 150.94152203.40
5704031693273020273330304050260 15  7 12 18 15 15 27 48 201.05135183.50
5704041694 14043302330333330263 27 32 15  9 15 18 18 15 191.05160193.60
5704051694 24033335357502750343 27 18 18 56 67 48 12 48 371.46138192.70
5704061694 357504747271710 7260 67 48 39 39 12  6  4  3 271.26108169.70
5704071694 410131710 3 7 310 73  4  5  6  4  2  3  2  4  40.10138171.80
5704081694 52023302730202730207  7  9 15 12 15  7 12 15 120.73160196.00
5704091694 62743403043373747303 12 32 27 15 32 22 22 39 251.26163210.20
5704101694 75367675747533320397 56111111 67 39 56 18  7 581.77150194.20
5704111694 83023174747232030237 15  9  6 39 39  9  7 15 170.94121187.30
5704121694 92027371320303020197  7 12 22  5  7 15 15  7 110.63114181.40
570413169410332737202717 713180 18 12 22  7 12  6  3  5 110.63143187.50
570414169411 710 3 3 0201313 70  3  4  2  2  0  7  5  5  40.10122184.60
570415169412 320203033203357217  2  7  7 15 18  7 18 67 181.05162203.60
5704161694134340232327332733250 32 27  9  9 12 18 12 18 170.94181210.80
5704171694143340334353406077380 18 27 18 32 56 27 80179 551.67202214.00
5704181694156337303723575350350 94 22 15 22  9 67 56 48 421.57205206.00
5704191694166363674347504740420 94 94111 32 39 48 39 27 601.77207209.10
5704201694174040302020272723227 27 27 15  7  7 12 12  9 140.84208211.30
5704211694183337302737402723253 18 22 15 12 22 27 12  9 170.94214206.30
57042216941910 3 3 3 7172010 73  4  2  2  2  3  6  7  4  40.10218219.60
5704231694202730201733132030190 12 15  7  6 18  5  7 15 110.63226216.70
5704241694214030273747473747310 27 15 12 22 39 39 22 39 271.26248217.80
5704251694223017172027302317180 15  6  6  7 12 15  9  6 100.52251227.10
5704261694232030334047474030287  7 15 18 27 39 39 27 15 231.15223236.30
5704271694245040373333232027263 48 27 22 18 18  9  7 12 201.05215217.20
5704281694251717232737473740243  6  6  9 12 22 39 22 27 181.05221202.10
57042916942633402030303020 7210 18 27  7 15 15 15  7  3 130.84177191.00
5704301694272037202020303033210  7 22  7  7  7 15 15 18 120.73155179.90
5705011695 14043403323231310227 27 32 27 18  9  9  5  4 160.94124178.00
5705021695 22030333027101020180  7 15 18 15 12  4  4  7 100.63121179.10
5705031695 31723132720272740193  6  9  5 12  7 12 12 27 110.63118185.30
5705041695 41313232327272727180  5  5  9  9 12 12 12 12 100.52106193.50
5705051695 52720131720201327157 12  7  5  6  7  7  5 12  80.42 92205.80
5705061695 62727234330171723207 12 12  9 32 15  6  6  9 130.73138201.80
5705071695 72737272020272310190 12 22 12  7  7 12  9  4 110.63140208.00
5705081695 8 310272723272740183  2  4 12 12  9 12 12 27 110.63150211.20
5705091695 93747473733303017277 22 39 39 22 18 15 15  6 221.15162232.70
5705101695101723172320133337183  6  9  6  9  7  5 18 22 100.63195231.80
5705111695112320101317132033150  9  7  4  5  6  5  7 18  80.42211239.00
570512169512231013171017 320113  9  4  5  6  4  6  2  7  50.21204233.00
5705131695132727172727273023203 12 12  6 12 12 12 15  9 110.63197247.40
5705141695141723101313102013120  6  9  4  5  5  4  7  5  60.31214253.60
57051516951513 3 71317131323103  5  2  3  5  6  5  5  9  50.21210240.30
570516169516 3 3 7 7 3132310 70  2  2  3  3  2  5  9  4  40.10196244.40
570517169517 720171710302020140  3  7  6  6  4 15  7  7  70.31179216.90
5705181695181713171317102020127  6  5  6  5  6  4  7  7  60.31185219.10
57051916951917 7171733333333190  6  3  6  6 18 18 18 18 120.73173205.80
5705201695203037333033373323257 15 22 18 15 18 22 18  9 170.94182000.00
5705211695212330273733232320217  9 15 12 22 18  9  9  7 130.73205235.70
570522169522172317201320 7 7123  6  9  6  7  5  7  3  3  60.31159217.40
5705231695232317271320232713163  9  6 12  5  7  9 12  5  80.42180212.30
57052416952410 72030171010 3107  4  3  7 15  6  4  4  2  60.31186215.50
5705251695251723303030202333207  6  9 15 15 15  7  9 18 120.73150201.20
5705261695263737435037473337320 22 22 32 48 22 39 18 22 281.26132188.90
5705271695272323302720131017163  9  9 15 12  7  5  4  6  80.52132203.40
5705281696 11710232017231020140  6  4  9  7  6  9  4  7  60.31143186.00
5705291696 21013231013201013113  4  5  9  4  5  7  4  5  50.21162188.10
5705301696 32713305347474730293 12  5 15 56 39 39 39 15 281.26179204.60
5705311696 42737172710102323173 12 22  6 12  4  4  9  9 100.52179217.00
5706011696 5 3 713102720 310 93  2  3  5  4 12  7  2  4  50.21158224.30
5706021696 61023101310101020107  4  9  4  5  4  4  4  7  50.21163235.60
5706031696 71737304743435750323  6 22 15 39 32 32 67 48 331.36180236.70
5706041696 84753374030474757357 39 56 22 27 15 39 39 67 381.46169224.40
5706051696 95737302723404053307 67 22 15 12  9 27 27 56 291.36159228.60
5706061696104350474333274350337 32 48 39 32 18 12 32 48 331.36194232.80
57060716961143201317 7 7 730143 32  7  5  6  3  3  3 15  90.52170227.70
5706081696122730201723101013150 12 15  7  6  9  4  4  5  80.42145229.80
570609169613 71313 3 71017 7 77  3  5  5  2  3  4  6  3  40.10168240.20
57061016961410 0 3 7 3 7 720 57  4  0  2  3  2  3  3  7  30.10158226.80
5706111696151010 7 7 7 7 713 67  4  4  3  3  3  3  3  5  40.10140231.00
570612169616201017 327271017130  7  4  6  2 12 12  4  6  70.31160233.10
5706131696171010173013172733157  4  4  6 15  5  6 12 18  90.52178252.70
5706141696181717131723132717143  6  6  5  6  9  5 12  6  70.31158254.90
5706151696192730272337503723253 12 15 12  9 22 48 22  9 191.05225263.20
57061616962017 7131317131023113  6  3  5  5  6  5  4  9  50.21239272.50
5706171696212040402737232037243  7 27 27 12 22  9  7 22 170.94252276.70
5706181696224747402733203040283 39 39 27 12 18  7 15 27 231.15272297.40
5706191696234747303353332027290 39 39 15 18 56 18  7 12 261.26274301.50
5706201696243033271320373723220 15 18 12  5  7 22 22  9 140.84272304.70
5706211696252330332713234027217  9 15 18 12  5  9 27 12 130.84265304.70
5706221696263317234743202023227 18  6  9 39 32  7  7  9 160.94242302.70
5706231696272013 71723173320150  7  5  3  6  9  6 18  7  80.42232306.90
5706241697 14033373020171723217 27 18 22 15  7  6  6  9 140.84235286.20
5706251697 24737335047475753370 39 22 18 48 39 39 67 56 411.57208261.50
5706261697 35060636770674753477 48 80 94111132111 39 56 841.87212268.70
5706271697 43020303340272343247 15  7 15 18 27 12  9 32 170.94220267.70
5706281697 53030403743332720260 15 15 27 22 32 18 12  7 181.05190269.80
5706291697 61010101320101023107  4  4  4  5  7  4  4  9  50.21180268.80
5706301697 73063537780808083547 15 94 561792072072072361502.09204273.90
5707011697 87373673317477050430154154111 18  6 39132 48 831.87185264.60
5707021697 91710274780635723323  6  4 12 39207 94 67  9 551.67194250.20
5707031697105743374353132330300 67 32 22 32 56  5  9 15 301.36204262.60
57070416971110 7 31310173750147  4  3  2  5  4  6 22 48 120.73235257.40
5707051697124773605733203057377 39154 80 67 18  7 15 67 561.67213246.00
5707061697132327332723233747240  9 12 18 12  9  9 22 39 160.94226231.50
5707071697142327201320133323173  9 12  7  5  7  5 18  9  90.52192218.10
5707081697152723301320231720173 12  9 15  5  7  9  6  7  90.52152207.80
5707091697162710171013171317123 12  4  6  4  5  6  5  6  60.31162204.60
570710169717202310 7 7 7 7 7 87  7  9  4  3  3  3  3  3  40.21135194.30
57071116971813 7 31327 31013 90  5  3  2  5 12  2  4  5  50.21107175.70
5707121697193023271323132320173 15  9 12  5  9  5  9  7  90.52 93181.90
5707131697201310 7 7 710 7 0 60  5  4  3  3  3  4  3  0  30.10 97194.30
570714169721 310 71720131727113  2  4  3  6  7  5  6 12  60.31136193.20
5707151697222710 71310 7 310 87 12  4  3  5  4  3  2  4  50.21156194.20
57071616972313 3303733404030227  5  2 15 22 18 27 27 15 160.94184209.70
5707171697242713 72323132327157 12  5  3  9  9  5  9 12  80.42203224.10
5707181697251720233030373027213  6  7  9 15 15 22 15 12 130.73218234.40
5707191697264030332740434743303 27 15 18 12 27 32 39 32 251.26223227.20
5707201697273030201320202337193 15 15  7  5  7  7  9 22 110.63238237.50
5707211698 12017 71313131723123  7  6  3  5  5  5  6  9  60.31250251.90
5707221698 21733404333335737293  6 18 27 32 18 18 67 22 261.26255243.60
5707231698 337471010 7 7 727150 22 39  4  4  3  3  3 12 110.63265258.00
5707241698 42713272330302727203 12  5 12  9 15 15 12 12 120.73265263.10
5707251698 52313201010231717133  9  5  7  4  4  9  6  6  60.31227253.80
5707261698 61310101013 7 3 7 73  5  4  4  4  5  3  2  3  40.10206238.30
5707271698 7 310 0 710174030117  2  4  0  3  4  6 27 15  80.42173239.20
5707281698 83017171010101313120 15  6  6  4  4  4  5  5  60.31158218.60
5707291698 92033273730201320200  7 18 12 22 15  7  5  7 120.73142207.20
5707301698101020201310 71720117  4  7  7  5  4  3  6  7  50.21159198.90
5707311698111713172017171330143  6  5  6  7  6  6  5 15  70.42150196.80
5708011698121723231020131713137  6  9  9  4  7  5  6  5  60.31144209.10
5708021698133020171723132030170 15  7  6  6  9  5  7 15  90.52148205.90
5708031698142710232020635340257 12  4  9  7  7 94 56 27 271.26162203.80
570804169815532020 710171017153 56  7  7  3  4  6  4  6 120.73163199.60
570805169816171010 7 7273343153  6  4  4  3  3 12 18 32 100.63158192.40
5708061698173043573740374343330 15 32 67 22 27 22 32 32 311.36163192.30
5708071698183020271720101013147 15  7 12  6  7  4  4  5  80.42157190.40
5708081698191020232020 72723150  4  7  9  7  7  3 12  9  70.42141186.20
5708091698204033231347202033230 27 18  9  5 39  7  7 18 160.94121180.00
57081016982140301317 3 71023143 27 15  5  6  2  3  4  9  90.52 89173.80
57081116982217 7 31013131017 90  6  3  2  4  5  5  4  6  40.21 96177.80
5708121698232337333040404023267  9 22 18 15 27 27 27  9 191.05116181.90
5708131698244353574337303730330 32 56 67 32 22 15 22 15 331.36104176.70
570814169825 713101727232723147  3  5  4  6 12  9 12  9  80.42135186.90
5708151698263720171310102730163 22  7  6  5  4  4 12 15  90.52157187.80
5708161698272323 71310101310110  9  9  3  5  4  4  5  4  50.21195202.10
5708171699 1 7 3 3 71720 3 7 67  3  2  2  3  6  7  2  3  40.10197221.50
5708181699 22013 32727131723143  7  5  2 12 12  5  6  9  70.42196221.40
5708191699 3403733331710 310183 27 22 18 18  6  4  2  4 130.73186219.30
5708201699 4 713132033302733177  3  5  5  7 18 15 12 18 100.63170203.90
5708211699 540533327233713 7233 27 56 18 12  9 22  5  3 191.05138198.70
5708221699 6 0 71317 7101013 77  0  3  5  6  3  4  4  5  40.10114189.40
5708231699 7 7 0 31013 3 3 3 43  3  0  2  4  5  2  2  2  20.00108201.60
5708241699 8 0 3 3 710 7 710 47  0  2  2  3  4  3  3  4  30.00110203.50
5708251699 9 310101317203027130  2  4  4  5  6  7 15 12  70.31132214.70
5708261699101710 71323272723147  6  4  3  5  9 12 12  9  80.42164223.80
5708271699113740373327273730267 22 27 22 18 12 12 22 15 191.05181226.70
5708281699121723332327232027193  6  9 18  9 12  9  7 12 100.63204242.90
5708291699132313 71320136760217  9  5  3  5  7  5111 80 281.26236242.80
5708301699146757434320473010317111 67 32 32  7 39 15  4 381.46252268.30
5708311699152027271740507050300  7 12 12  6 27 48132 48 361.46261299.70
5709011699165757433733132023283 67 67 32 22 18  5  7  9 281.26244280.40
5709021699172760635370607777487 12 80 94 56132 801791791021.98225273.20
5709031699186763637380876047540111 94 94154207300 80 391351.98190278.10
5709041699193747232783908083470 22 39  9 122364002072361452.09173251.60
5709051699208387675047405360487236300111 48 39 27 56 801121.98171241.30
5709061699214747234757534323340 39 39  9 39 67 56 32  9 361.46160226.80
5709071699223037203020231720197 15 22  7 15  7  9  6  7 110.63137225.70
57090816992313 7132023231027137  5  3  5  7  9  9  4 12  70.31172230.80
57090916992427373737272020 7210 12 22 22 22 12  7  7  3 130.84215236.70
5709101699251013272013272317150  4  5 12  7  5 12  9  6  80.42240248.80
5709111699261310232013131717127  5  4  9  7  5  5  6  6  60.31245271.90
5709121699271717132020231327150  6  6  5  7  7  9  5 12  70.42253281.00
5709131700 17783878770604040543179236300300132 80 27 271602.09252271.70
5709141700 23033536353372343337 15 18 56 94 56 22  9 32 381.46251262.40
5709151700 33743202020233030223 22 32  7  7  7  9 15 15 140.84247258.50
5709161700 44737131713132717183 39 22  5  6  5  5 12  6 120.73252267.50
5709171700 51720172737373017200  6  7  6 12 22 22 15  6 120.73258274.40
5709181700 63730171020273027197 22 15  6  4  7 12 15 12 120.73273278.30
5709191700 7131313171710 3 3 90  5  5  5  6  6  4  2  2  40.21290304.50
5709201700 817 3131710232320127  6  2  5  6  4  9  9  7  60.31302305.30
5709211700 92717137360676767390 12  6  5154 80111111111 741.87334330.40
5709221700104757574780835070490 39 67 67 39207236 481321041.98302331.60
5709231700118087777777676750580207300179179179111111 481642.09268297.10
5709241700125050434753303320327 48 48 32 39 56 15 18  7 331.36238287.70
5709251700133730474040171013233 22 15 39 27 27  6  4  5 181.05234263.40
57092617001417272027272313 7160  6 12  7 12 12  9  5  3  80.42215272.30
570927170015 3 3171013131017 87  2  2  6  4  5  5  4  6  40.10226261.00
5709281700161337301310133013160  5 22 15  5  4  5 15  5 100.52242260.90
5709291700174053504380878380517 27 56 48 322073002362071391.98242257.70
5709301700186357535750504047417 94 67 56 67 48 48 27 39 561.67224263.60
5710011700194340302037234337273 32 27 15  7 22  9 32 22 211.15236269.80
5710021700203737171727231730203 22 22  6  6 12  9  6 15 120.73234253.60
5710031700212720133337474330250 12  7  5 18 22 39 32 15 191.05242266.40
5710041700223030232723273027217 15 15  9 12  9 12 15 12 120.73217238.20
5710051700233030172320272720193 15 15  6  9  7 12 12  7 100.63219246.00
57100617002417 310 7 0 0 3 3 43  6  2  4  3  0  0  2  2  20.00227250.90
5710071700251020171717 72013120  4  7  6  6  6  3  7  5  60.21234253.80
57100817002617 010 7 3 3 3 3 47  6  0  4  3  2  2  2  2  30.00244262.00
571009170027 317231723232023150  2  6  9  6  9  9  7  9  70.42267275.80
5710101701 13040403023303727257 15 27 27 15  9 15 22 12 181.05264275.60
5710111701 23343334337302323267 18 32 18 32 22 15  9  9 191.05232278.60
5710121701 32330273727271733220  9 15 12 22 12 12  6 18 130.84236284.40
5710131701 45053302327234340290 48 56 15  9 12  9 32 27 261.26244281.20
5710141701 54363575043534050400 32 94 67 48 32 56 27 48 501.67232289.00
5710151701 63320172330273320203 18  7  6  9 15 12 18  7 120.73264277.10
5710161701 713 3 3 7131317 3 73  5  2  2  3  5  5  6  2  40.10268289.00
5710171701 81313133027201013140  5  5  5 15 12  7  4  5  70.42251271.90
5710181701 917131713 7172713123  6  5  6  5  3  6 12  5  60.31222293.70
571019170110 713273317232717163  3  5 12 18  6  9 12  6  90.52217290.50
5710201701112023132020302740193  7  9  5  7  7 15 12 27 110.63230302.30
5710211701123327271727403767273 18 12 12  6 12 27 22111 281.26237281.30
5710221701134330373723332737267 32 15 22 22  9 18 12 22 191.05241273.40
5710231701145027373013204037253 48 12 22 15  5  7 27 22 201.05254294.20
5710241701152017202327173710170  7  6  7  9 12  6 22  4  90.52276279.00
5710251701162017203020132023163  7  6  7 15  7  5  7  9  80.42240258.00
5710261701173020132320131720157 15  7  5  9  7  5  6  7  80.42293264.80
5710271701182020202740332023203  7  7  7 12 27 18  7  9 120.73280294.60
5710281701194020333320302710213 27  7 18 18  7 15 12  4 140.84317321.20
5710291701203730373033273337263 22 15 22 15 18 12 18 22 181.05334339.90
5710301701213037473027202713230 15 22 39 15 12  7 12  5 160.94317341.80
5710311701221013172037101717140  4  5  6  7 22  4  6  6  80.42299315.70
5711011701231333232317201717163  5 18  9  9  6  7  6  6  80.42266298.30
5711021701241317202017101733147  5  6  7  7  6  4  6 18  70.42250287.20
5711031701253313303333302310207 18  5 15 18 18 15  9  4 130.73232264.20
57110417012613 010 7 3171313 77  5  0  4  3  2  6  5  5  40.10214234.30
571105170127 3 7 7 710171310 73  2  3  3  3  4  6  5  4  40.10201238.10
5711061702 1 0 0131320275763193  0  0  5  5  7 12 67 94 241.15182237.00
5711071702 27043333733272310277132 32 18 22 18 12  9  4 311.36177240.80
5711081702 3 727373737303043247  3 12 22 22 22 15 15 32 181.05158233.10
5711091702 44043473343403743327 27 32 39 18 32 27 22 32 291.36192228.00
5711101702 55043403737373330307 48 32 27 22 22 22 18 15 261.26226229.90
5711111702 64037403740272737283 27 22 27 22 27 12 12 22 211.15232243.60
5711121702 73727273740372027250 22 12 12 22 27 22  7 12 170.94231254.40
5711131702 82717232730232330200 12  6  9 12 15  9  9 15 110.63221247.30
5711141702 93727304040403737287 22 12 15 27 27 27 22 22 221.15210245.30
5711151702104040404030332727277 27 27 27 27 15 18 12 12 211.15177239.70
5711161702112723232727272313190 12  9  9 12 12 12  9  5 100.63179239.60
5711171702121717101317 7 730117  6  6  4  5  6  3  3 15  60.31181225.70
5711181702133740404347403023300 22 27 27 32 39 27 15  9 251.26185244.40
5711191702141730272730102020180  6 15 12 12 15  4  7  7 100.52194248.30
5711201702152020132730302723190  7  7  5 12 15 15 12  9 100.63207258.00
571121170216 3 013 313101320 77  2  0  5  2  5  4  5  7  40.10234270.80
57112217021720131010202320 3120  7  5  4  4  7  9  7  2  60.31263290.70
571123170218 3 7171727231330137  2  3  6  6 12  9  5 15  70.42251276.70
5711241702193033232027302723213 15 18  9  7 12 15 12  9 120.73238281.60
5711251702203340534333404043327 18 27 56 32 18 27 27 32 301.36211267.70
5711261702215050503743676763427 48 48 48 22 32111111 94 641.77199255.70
5711271702226363505033403340373 94 94 48 48 18 27 18 27 471.57201254.60
5711281702234043504340333333317 27 32 48 32 27 18 18 18 281.26215251.60
5711291702243740233333332023243 22 27  9 18 18 18  7  9 160.94215243.60
5711301702252730232330232010187 12 15  9  9 15  9  7  4 100.63184274.10
5712011702264757473730272340307 39 67 39 22 15 12  9 27 291.36230291.30
5712021702273037373737302020247 15 22 22 22 22 15  7  7 160.94217266.50
5712031703 12023333337272023217  7  9 18 18 22 12  7  9 130.73230279.30
5712041703 2301730302017 723173 15  6 15 15  7  6  3  9 100.52243274.20
5712051703 34040403333374743313 27 27 27 18 18 22 39 32 261.26266269.30
5712061703 44047374740433727317 27 39 22 39 27 32 22 12 281.26245267.20
5712071703 52727474047272730270 12 12 39 27 39 12 12 15 211.15190230.60
5712081703 63030272720172323197 15 15 12 12  7  6  9  9 110.63197238.70
5712091703 73330273737372340263 18 15 12 22 22 22  9 27 181.05152225.80
5712101703 83737273333433743290 22 22 12 18 18 32 22 32 221.15148207.10
5712111703 93757534343374753370 22 67 56 32 32 22 39 56 411.57151208.00
5712121703104343404733404340330 32 32 27 39 18 27 32 27 291.36157206.00
5712131703113333275033473010263 18 18 12 48 18 39 15  4 221.15161218.80
5712141703123027231717101723163 15 12  9  6  6  4  6  9  80.52167224.60
5712151703132730304347473013267 12 15 15 32 39 39 15  5 221.15174232.60
5712161703143027232327233337223 15 12  9  9 12  9 18 22 130.84187248.40
5712171703153743472320303333267 22 32 39  9  7 15 18 18 201.05205274.00
5712181703163327233027271320200 18 12  9 15 12 12  5  7 110.63225286.70
5712191703172730274037304337270 12 15 12 27 22 15 32 22 201.05249288.70
5712201703183747303030273337270 22 39 15 15 15 12 18 22 201.05284328.10
5712211703192747402320202020217 12 39 27  9  7  7  7  7 140.84299342.80
571222170320232310 7 7 710 0 87  9  9  4  3  3  3  4  0  40.21316359.20
5712231703211313101310 7 7 7 80  5  5  4  5  4  3  3  3  40.10343370.90
571224170322 713 72723172317133  3  5  3 12  9  6  9  6  70.31355364.00
5712251703231333372730233737237  5 18 22 12 15  9 22 22 160.94355000.00
5712261703242743333740303017257 12 32 18 22 27 15 15  6 181.05337350.20
5712271703252017101323132023140  7  6  4  5  9  5  7  9  60.31275336.30
5712281703261013 7 710101313 83  4  5  3  3  4  4  5  5  40.10260311.80
571229170327 3 7 71323131330110  2  3  3  5  9  5  5 15  60.31275277.30
5712301704 13330404740201013233 18 15 27 39 27  7  4  5 181.05274271.40
5712311704 24050575347535757413 27 48 67 56 39 56 67 67 531.67255275.40
