6001011731 413171313 7 3 3 3 73  5  6  5  5  3  2  2  2  40.10136000.00
6001021731 5 7131013201317 7100  3  5  4  5  7  5  6  3  50.21141172.10
6001031731 62027131320201010133  7 12  5  5  7  7  4  4  60.31148179.00
6001041731 72020303030271013180  7  7 15 15 15 12  4  5 100.63160189.80
6001051731 83047403343332740293 15 39 27 18 32 18 12 27 241.15168209.40
6001061731 93733171317172013167 22 18  6  5  6  6  7  5  90.52174211.40
600107173110 717232720171310133  3  6  9 12  7  6  5  4  60.31179220.20
6001081731112020 713 7131717113  7  7  3  5  3  5  6  6  50.21171215.10
60010917311213201310 7 3 710 83  5  7  5  4  3  2  3  4  40.10158197.40
6001101731131323505347575753353  5  9 48 56 39 67 67 56 431.57139190.60
6001111731144033474350403027310 27 18 39 32 48 27 15 12 271.26143196.50
6001121731153323302333332737240 18  9 15  9 18 18 12 22 150.94123180.80
6001131731162027201713133733180  7 12  7  6  5  5 22 18 100.63108174.90
6001141731175343504740305357373 56 32 48 39 27 15 56 67 421.57118173.00
6001151731186353373333332013287 94 56 22 18 18 18  7  5 301.36121179.60
6001161731191023 3 3 7131037107  4  9  2  2  3  5  4 22  60.31119179.60
6001171731203033231740331723217 15 18  9  6 27 18  6  9 140.84117175.60
6001181731212023574743232727267  7  9 67 39 32  9 12 12 231.15103172.80
6001191731223320102023201717160 18  7  4  7  9  7  6  6  80.42 87161.00
6001201731231733304333402723247  6 18 15 32 18 27 12  9 170.94 94154.10
6001211731246043405050505750400 80 32 27 48 48 48 67 48 501.67108159.10
6001221731254033375030302027267 27 18 22 48 15 15  7 12 201.05134168.60
6001231731262333372737333733260  9 18 22 12 22 18 22 18 181.05138184.40
6001241731273337303737332727260 18 22 15 22 22 18 12 12 181.05136205.90
6001251732 12327202023302713183  9 12  7  7  9 15 12  5 100.52152225.60
6001261732 21723202317201020150  6  9  7  9  6  7  4  7  70.31209237.40
6001271732 3303317272013 313157 15 18  6 12  7  5  2  5  90.52203243.40
6001281732 42010101720102713127  7  4  4  6  7  4 12  5  60.31199247.30
6001291732 53030333333171013200 15 15 18 18 18  6  4  5 120.73193232.70
6001301732 6 3 0 313 3 3 3 0 30  2  0  2  5  2  2  2  0  20.00178225.90
6001311732 7 310 7131010 3 3 60  2  4  3  5  4  4  2  2  30.10178220.10
6002011732 8 023233033201010150  0  9  9 15 18  7  4  4  80.42173220.90
6002021732 91020 72733374337213  4  7  3 12 18 22 32 22 150.84181209.10
6002031732102023273740373743263  7  9 12 22 27 22 22 32 191.05177211.20
6002041732113743333327233333263 22 32 18 18 12  9 18 18 181.05156205.40
60020517321213 7275043372733237  5  3 12 48 32 22 12 18 191.05149205.40
6002061732134747402323301320243 39 39 27  9  9 15  5  7 191.05145188.80
6002071732142027201710 3 0 3100  7 12  7  6  4  2  0  2  50.21123184.00
600208173215 310273337271710163  2  4 12 18 22 12  6  4 100.63116179.60
6002091732163013 3 7 7172010107 15  5  2  3  3  6  7  4  60.31143179.70
6002101732171027202317 7 7 0110  4 12  7  9  6  3  3  0  60.21143174.90
600211173218 0 0102313273033137  0  0  4  9  5 12 15 18  80.42128172.00
6002121732193317202017 7 3 0117 18  6  7  7  6  3  2  0  60.31116163.20
600213173220 0 3202317 73050150  0  2  7  9  6  3 15 48 110.63106164.30
6002141732215343373737374730320 56 32 22 22 22 22 39 15 291.36104164.30
60021517322220 310 733372710147  7  2  4  3 18 22 12  4  90.52 94157.40
6002161732233323233757533037293 18  9  9 22 67 56 15 22 271.26 84155.50
6002171732243733433337303347293 22 18 32 18 22 15 18 39 231.15 73150.60
6002181732255347473330334027310 56 39 39 18 15 18 27 12 281.26 60148.70
6002191732262020333730404743270  7  7 18 22 15 27 39 32 211.15 44000.00
6002201732275040302730301727250 48 27 15 12 15 15  6 12 191.05 49139.90
6002211733 13337434730403023283 18 22 32 39 15 27 15  9 221.15 56153.80
6002221733 21013302723203027180  4  5 15 12  9  7 15 12 100.63 64146.80
6002231733 31730232323331713180  6 15  9  9  9 18  6  5 100.52 68141.00
6002241733 4102313 3 7 3 7 3 70  4  9  5  2  3  2  3  2  40.10 74138.10
6002251733 510 01710 7 71017 77  4  0  6  4  3  3  4  6  40.10 89145.00
6002261733 6 3 0102317301713113  2  0  4  9  6 15  6  5  60.31 96145.10
6002271733 73747374033333027283 22 39 22 27 18 18 15 12 221.15 92145.20
6002281733 8202023231317 7 7130  7  7  9  9  5  6  3  3  60.31 87138.40
6002291733 93727333330233033247 22 12 18 18 15  9 15 18 160.94 83138.50
6003011733102733333333304730267 12 18 18 18 18 15 39 15 191.05 63135.40
6003021733114333473740273037293 32 18 39 22 27 12 15 22 231.15 57135.40
6003031733123040404037373030283 15 27 27 27 22 22 15 15 211.15 62136.50
6003041733132323202340433333240  9  9  7  9 27 32 18 18 160.94 66137.50
6003051733142327371733303030227  9 12 22  6 18 15 15 15 140.84 74138.60
6003061733153340233317202720213 18 27  9 18  6  7 12  7 130.73 79133.70
600307173316 713101710 710 0 73  3  5  4  6  4  3  4  0  40.10108137.80
600308173317 727373330272027207  3 12 22 18 15 12  7 12 130.73111139.70
6003091733182020273327302023200  7  7 12 18 12 15  7  9 110.63109141.70
6003101733191723475027403723263  6  9 39 48 12 27 22  9 221.15109131.00
6003111733203343405747474330340 18 32 27 67 39 39 32 15 341.36 82131.00
6003121733212320232327231017167  9  7  9  9 12  9  4  6  80.42 68128.00
600313173322201020 7 7201717117  7  4  7  3  3  7  6  6  50.21 85134.10
600314173323132317271730 713147  5  9  6 12  6 15  3  5  80.42 76133.20
60031517332423 0131330404757223  9  0  5  5 15 27 39 67 211.15 84136.10
6003161733256367573730405043387 94111 67 22 15 27 48 32 521.67 98141.20
6003171733263337434027334027280 18 22 32 27 12 18 27 12 211.15 86139.30
600318173327273740272310 327193 12 22 27 12  9  4  2 12 120.73 85132.30
6003191734 127172033332710 7173 12  6  7 18 18 12  4  3 100.63 95136.40
6003201734 2102013101013 0 7 83  4  7  5  4  4  5  0  3  40.10 97142.50
6003211734 3 31323203720 3 3123  2  5  9  7 22  7  2  2  70.42115144.60
6003221734 4 71313132710 717107  3  5  5  5 12  4  3  6  50.21128149.40
6003231734 52017 717 7 7 320 97  7  6  3  6  3  3  2  7  50.21145153.60
6003241734 64030232317433327237 27 15  9  9  6 32 18 12 160.94123157.70
6003251734 7 713171717 72030127  3  5  6  6  6  3  7 15  60.31128156.80
6003261734 8301323231713 7 7133 15  5  9  9  6  5  3  3  70.31133000.00
6003271734 91330202713 3 3 3113  5 15  7 12  5  2  2  2  60.31138000.00
600328173410 013273727404340227  0  5 12 22 12 27 32 27 170.94139175.00
6003291734114340433310171730233 32 27 32 18  4  6  6 15 181.05142181.10
6003301734123723203027434043263 22  9  7 15 12 32 27 32 201.05151193.30
6003311734134347507767807783523 32 39 481791112071792361291.98132182.30
60040117341487877080838787736533003001322072363003001542412.29154201.30
6004021734157060606353202743397132 80 80 94 56  7 12 32 621.77143184.40
6004031734166773705737334327407111154132 67 22 18 32 12 681.77152179.50
6004041734172743272737403757293 12 32 12 12 22 27 22 67 261.26162188.60
6004051734184357431747603013310 32 67 32  6 39 80 15  5 341.46156182.70
6004061734191023272027474040233  4  9 12  7 12 39 27 27 170.94143169.70
600407173420333720 723475333253 18 22  7  3  9 39 56 18 221.15123165.80
6004081734214037333327332020243 27 22 18 18 12 18  7  7 160.94112147.80
6004091734223343373713131313203 18 32 22 22  5  5  5  5 140.84 98148.90
6004101734232740373337304767317 12 27 22 18 22 15 39111 331.36103157.00
6004111734244347303333332750297 32 39 15 18 18 18 12 48 251.26114160.10
6004121734255757533730302740330 67 67 56 22 15 15 12 27 351.46139169.20
6004131734264353572723273333297 32 56 67 12  9 12 18 18 281.26132180.50
6004141734273733303323202033230 22 18 15 18  9  7  7 18 140.84149184.60
6004151735 13760403327303017273 22 80 27 18 12 15 15  6 241.26156191.60
6004161735 24033232750534343313 27 18  9 12 48 56 32 32 291.36152184.60
6004171735 35747374023334040317 67 39 22 27  9 18 27 27 301.36124179.70
6004181735 45333434323271320257 56 18 32 32  9 12  5  7 211.15116177.80
6004191735 5202317 31310 0 0 87  7  9  6  2  5  4  0  0  40.10121171.80
6004201735 6 0 310 710 3 0 3 37  0  2  4  3  4  2  0  2  20.00116177.00
6004211735 7 0 3 01010131013 60  0  2  0  4  4  5  4  5  30.10123164.90
6004221735 823101317 720 710107  9  4  5  6  3  7  3  4  50.21108162.00
6004231735 91727202013172057190  6 12  7  7  5  6  7 67 150.84106168.20
6004241735106767503750336063427111111 48 22 48 18 80 94 661.77102167.20
6004251735116753535053475047420111 56 56 48 56 39 48 39 571.67 95149.00
6004261735124333372727272340257 32 18 22 12 12 12  9 27 181.05 96145.00
6004271735132717231723205770253 12  6  9  6  9  7 67132 311.36 82142.10
6004281735147067706057536033470132111132 80 67 56 80 18 841.87 91144.20
6004291735156360605047404743410 94 80 80 48 39 27 39 32 551.67 92155.50
6004301735166767575787908070573111111 67 673004002071321742.09100163.70
6005011735176763574340333040373111 94 67 32 27 18 15 27 491.67 97154.60
6005021735182743303027303020237 12 32 15 15 12 15 15  7 150.94 97162.80
60050317351917202730232017 7160  6  7 12 15  9  7  6  3  80.42102160.90
60050417352010 3 71310102327103  4  2  3  5  4  4  9 12  50.21 96158.90
6005051735211720272017133337183  6  7 12  7  6  5 18 22 100.63 87154.90
6005061735223337375040537073393 18 22 22 48 27 56132154 601.77 93159.10
6005071735235760405060504353413 67 80 27 48 80 48 32 56 551.67125165.30
6005081735243363677380836367530 18 94111154207236 941111281.98135171.40
6005091735253037304033302017237 15 22 15 27 18 15  7  6 160.94142173.60
6005101735262320232327233037207  9  7  9  9 12  9 15 22 120.73149173.60
6005111735273767634033303740347 22111 94 27 18 15 22 27 421.57147183.90
6005121736 12037434043371723260  7 22 32 27 32 22  6  9 201.05127183.00
6005131736 22723172023273333203 12  9  6  7  9 12 18 18 110.73135173.90
6005141736 33030403320271317210 15 15 27 18  7 12  5  6 130.84110165.80
6005151736 4 0232737332017 7163  0  9 12 22 18  7  6  3 100.52 91165.60
6005161736 51317202053636357307  5  6  7  7 56 94 94 67 421.57101158.60
6005171736 63020373737271313213 15  7 22 22 22 12  5  5 140.84114154.50
6005181736 71720201010171313120  6  7  7  4  4  6  5  5  60.21106156.60
6005191736 820172317 7 71013113  7  6  9  6  3  3  4  5  50.21108156.70
6005201736 9 723 3 7 710 310 70  3  9  2  3  3  4  2  4  40.10115163.90
60052117361017 71317271313 7113  6  3  5  6 12  5  5  3  60.31109168.10
600522173611 310 3 727171317 97  2  4  2  3 12  6  5  6  50.21118168.20
6005231736121010132057475340250  4  4  5  7 67 39 56 27 261.26125167.20
6005241736133747573737334340330 22 39 67 22 22 18 32 27 311.36147168.30
6005251736144033272733373733267 27 18 12 12 18 22 22 18 191.05148167.30
6005261736154340332723303040267 32 27 18 12  9 15 15 27 191.05124162.20
6005271736165043201320172727217 48 32  7  5  7  6 12 12 160.94148170.50
6005281736172317201310136043200  9  6  7  5  4  5 80 32 181.05142175.70
6005291736187743403350475343387179 32 27 18 48 39 56 32 541.67138174.70
6005301736192723374043401720247 12  9 22 27 32 27  6  7 181.05121174.80
6005311736202023232330303037217  7  9  9  9 15 15 15 22 130.73111163.50
6006011736213760434740202313283 22 80 32 39 27  7  9  5 281.26100170.80
60060217362220 7101320131710110  7  3  4  5  7  5  6  4  50.21 90171.90
600603173623 3 3101313272737133  2  2  4  5  5 12 12 22  80.42109171.90
6006041736244763634747404053400 39 94 94 39 39 27 27 56 521.67113177.10
6006051736255053475040333733343 48 56 39 48 27 18 22 18 341.46104175.10
6006061736264743375040302023290 39 32 22 48 27 15  7  9 251.26109180.30
6006071736273330303730173323233 18 15 15 22 15  6 18  9 150.84123190.60
6006081737 13043403730304047297 15 32 27 22 15 15 27 39 241.26113190.70
6006091737 24043372733274010257 27 32 22 12 18 12 27  4 191.05129186.60
6006101737 31310101313202323127  5  4  4  5  5  7  9  9  60.31147183.50
6006111737 427131710 7 710 7 97 12  5  6  4  3  3  4  3  50.21149176.30
6006121737 510101717102020 7110  4  4  6  6  4  7  7  3  50.21151172.30
6006131737 61717131313301313130  6  6  5  5  5 15  5  5  60.31131167.10
6006141737 72017273747272013207  7  6 12 22 39 12  7  5 140.84138171.30
6006151737 827 7333030232320193 12  3 18 15 15  9  9  7 110.63144171.30
6006161737 9232323 7 713 710113  9  9  9  3  3  5  3  4  60.31138162.10
6006171737102710 3 320332313133 12  4  2  2  7 18  9  5  70.42105158.00
6006181737112723233733303023227 12  9  9 22 18 15 15  9 140.84 91143.50
6006191737123033373730273027250 15 18 22 22 15 12 15 12 160.94 84144.60
600620173713302723132323 717163 15 12  9  5  9  9  3  6  80.52 60137.40
6006211737142743303027303030247 12 32 15 15 12 15 15 15 160.94 56135.30
6006221737152740202720172733210 12 27  7 12  7  6 12 18 130.73 50134.30
6006231737163730201723301723197 22 15  7  6  9 15  6  9 110.63 58140.50
6006241737172023272727234030217  7  9 12 12 12  9 27 15 130.73 68136.40
6006251737183720233033474753290 22  7  9 15 18 39 39 56 261.26 80144.70
6006261737194747432323302733273 39 39 32  9  9 15 12 18 221.15 99160.20
6006271737206767574320536053420111111 67 32  7 56 80 56 651.77116169.50
6006281737214040476043404340353 27 27 39 80 32 27 32 27 361.46140190.20
6006291737223743472320305367320 22 32 39  9  7 15 56111 361.46147196.40
6006301737237063333327536040380132 94 18 18 12 56 80 27 551.67165200.50
6007011737244743473033304330303 39 32 39 15 18 15 32 15 261.26167215.00
6007021737253730403733202017233 22 15 27 22 18  7  7  6 160.94157214.00
6007031737262027233023333333223  7 12  9 15  9 18 18 18 130.84163217.10
6007041737274033433330373030277 27 18 32 18 15 22 15 15 201.05203219.20
6007051738 13327334033203327247 18 12 18 27 18  7 18 12 160.94168216.00
6007061738 23723234030201713203 22  9  9 27 15  7  6  5 120.73139206.70
6007071738 3 7101717 7171013 97  3  4  6  6  3  6  4  5  50.21133193.30
6007081738 41310 710 7 7 3 7 63  5  4  3  4  3  3  2  3  30.10134181.90
6007091738 5 7 71317 7 7 713 77  3  3  5  6  3  3  3  5  40.10123181.90
6007101738 62720201713232723170 12  7  7  6  5  9 12  9  80.52108171.60
6007111738 72723132720302727193 12  9  5 12  7 15 12 12 100.63 95158.10
6007121738 82723302330201720190 12  9 15  9 15  7  6  7 100.63 83146.70
6007131738 92730302023333023217 12 15 15  7  9 18 15  9 120.73 84139.50
6007141738101337334037605063333  5 22 18 27 22 80 48 94 401.46 89143.60
6007151738113037375063737780447 15 22 22 48 94154179207 931.98105150.80
6007161738128367575043534740440236111 67 48 32 56 39 27 771.87132148.80
6007171738135347432720332733283 56 39 32 12  7 18 12 18 241.26136158.00
6007181738143027302733402017223 15 12 15 12 18 27  7  6 140.84140164.20
600719173815 727506040405043317  3 12 48 80 27 27 48 32 351.46141161.10
6007201738164020233750404347300 27  7  9 22 48 27 32 39 261.26137156.90
6007211738172337231330201720183  9 22  9  5 15  7  6  7 100.63139158.00
6007221738182330232027172033193  9 15  9  7 12  6  7 18 100.63135152.80
600723173819472020 710101317143 39  7  7  3  4  4  5  6  90.52127155.80
6007241738202320272327272023190  9  7 12  9 12 12  7  9 100.52105164.10
600725173821 713 7 3 3 71317 70  3  5  3  2  2  3  5  6  40.10110152.70
6007261738221313101323172040150  5  5  4  5  9  6  7 27  80.52 92153.70
60072717382323132313171010 7117  9  5  9  5  6  4  4  3  60.31 90154.70
600728173824 013132027101723123  0  5  5  7 12  4  6  9  60.31 80153.60
6007291738254743402730504737320 39 32 27 12 15 48 39 22 291.36 94158.70
6007301738264743275053303027307 39 32 12 48 56 15 15 12 291.36 82150.40
6007311738275743535037433037350 67 32 56 48 22 32 15 22 371.46 83149.40
6008011739 12730303040171727217 12 15 15 15 27  6  6 12 140.84 75144.20
6008021739 22743302723303340253 12 32 15 12  9 15 18 27 181.05 58138.00
6008031739 32713172020201317147 12  5  6  7  7  7  5  6  70.31 36128.70
6008041739 42323203013 710 7133  9  9  7 15  5  3  4  3  70.31 30125.50
6008051739 5 71010 710 7 7 3 60  3  4  4  3  4  3  3  2  30.10 25129.60
6008061739 6 7 7232313202323140  3  3  9  9  5  7  9  9  70.31 24130.60
6008071739 730201717172713 0140 15  7  6  6  6 12  5  0  70.42 56137.90
6008081739 8 717372733373340230  3  6 22 12 18 22 18 27 160.94 58149.10
6008091739 93750474027232320267 22 48 39 27 12  9  9  7 221.15 76156.40
6008101739102720373030332720223 12  7 22 15 15 18 12  7 140.84 94174.80
6008111739112350334340373723287  9 48 18 32 27 22 22  9 231.15156192.20
6008121739123343504737302023283 18 32 48 39 22 15  7  9 241.15201219.90
6008131739131723172327172017160  6  9  6  9 12  6  7  6  80.42235240.30
6008141739142023171720434033213  7  9  6  6  7 32 27 18 140.84236244.30
6008151739153327232013171310157 18 12  9  7  5  6  5  4  80.42252246.30
60081617391617 7 71763706360303  6  3  3  6 94132 94 80 521.67244247.20
6008171739177777705343676357507179179132 56 32111 94 671061.98253253.30
6008181739183730374727171713223 22 15 22 39 12  6  6  5 160.94257256.30
6008191739192010203327434353250  7  4  7 18 12 32 32 56 211.15228239.80
6008201739202347603030273333283  9 39 80 15 15 12 18 18 261.26204224.30
6008211739214040475030374037320 27 27 39 48 15 22 27 22 281.26177205.80
6008221739224727172317233323210 39 12  6  9  6  9 18  9 140.84168193.50
6008231739232323201710232310150  9  9  7  6  4  9  9  4  70.42130175.00
60082417392417102030 71313 7117  6  4  7 15  3  5  5  3  60.31113165.70
600825173925 7 3 7 3101313 7 63  3  2  3  2  4  5  5  3  30.10131161.60
600826173926 0 31010 7101320 73  0  2  4  4  3  4  5  7  40.10140165.60
6008271739273327202320374733240 18 12  7  9  7 22 39 18 160.94109153.20
6008281740 1274340102730 710193 12 32 27  4 12 15  3  4 140.84 98142.90
6008291740 25067503343433750373 48111 48 18 32 32 22 48 451.57 97131.60
6008301740 35770705040433020380 67132132 48 27 32 15  7 581.77 96131.50
6008311740 43340433027171727233 18 27 32 15 12  6  6 12 160.94100134.50
6009011740 5 3 3 7 710 7 310 50  2  2  3  3  4  3  2  4  30.10103139.80
6009021740 6 720202033304357230  3  7  7  7 18 15 32 67 201.05105155.00
6009031740 75053673033272720307 48 56111 15 18 12 12  7 351.46 80151.80
6009041740 83747676067606780483 22 39111 80111 80111207 951.98 75144.60
6009051740 97377777750576053523154179179179 48 67 80 561181.98 83144.60
6009061740105350472317173050287 56 48 39  9  6  6 15 48 281.26100151.60
6009071740113330303757334340303 18 15 15 22 67 18 32 27 271.26110164.70
6009081740123733473330372710253 22 18 39 18 15 22 12  4 191.05121172.70
6009091740134040332727172730240 27 27 18 12 12  6 12 15 160.94138175.70
6009101740142323233323373030223  9  9  9 18  9 22 15 15 130.84147177.60
6009111740154333271020273033223 32 18 12  4  7 12 15 18 150.84145177.50
6009121740163327332717271313190 18 12 18 12  6 12  5  5 110.63147179.60
6009131740173750433723102737263 22 48 32 22  9  4 12 22 211.15160183.50
600914174018504023231313 3 3170 48 27  9  9  5  5  2  2 130.84161183.40
600915174019 3201313101010 7 87  2  7  5  5  4  4  4  3  40.10151180.40
60091617402013 3 310131010 7 70  5  2  2  4  5  4  4  3  40.10128179.30
6009171740211020 3 717203333143  4  7  2  3  6  7 18 18  80.42122187.40
6009181740224743233723131313213 39 32  9 22  9  5  5  5 160.94153192.30
600919174023131017101310 7 3 83  5  4  6  4  5  4  3  2  40.10166201.30
600920174024 7 31313 7101327 93  3  2  5  5  3  4  5 12  50.21171197.20
60092117402523 7102323202327157  9  3  4  9  9  7  9 12  80.42177191.00
600922174026272317 723233327180 12  9  6  3  9  9 18 12 100.52189186.00
6009231740273330403713131333213 18 15 27 22  5  5  5 18 140.84168176.80
6009241741 15047474723373013293 48 39 39 39  9 22 15  5 271.26157163.50
6009251741 21010 710 3132713 93  4  4  3  4  2  5 12  5  50.21141156.40
6009261741 327132717 7132737167 12  5 12  6  3  5 12 22 100.52114149.30
6009271741 44743402713102313217 39 32 27 12  5  4  9  5 170.94 97143.20
6009281741 51017173313171010127  4  6  6 18  5  6  4  4  70.31 89132.90
6009291741 610 3272047302340200  4  2 12  7 39 15  9 27 140.84 74124.80
6009301741 74740373043374347323 39 27 22 15 32 22 32 39 281.26 44121.80
6010011741 84360535350404353397 32 80 56 56 48 27 32 56 481.67 22115.80
6010021741 94747575060574730393 39 39 67 48 80 67 39 15 491.67 34112.70
6010031741102723275030271720220 12  9 12 48 15 12  6  7 150.94 22120.70
60100417411117 7202733576757283  6  3  7 12 18 67111 67 361.46 53132.70
6010051741124350403033373063327 32 48 27 15 18 22 15 94 341.36 70132.60
6010061741136080738080838387627 802071542072072362363002032.19 92132.50
6010071741149087777773705760590400300179179154132 67 801862.19113144.40
6010081741155340505033304040337 56 27 48 48 18 15 27 27 331.36110143.50
6010091741164057474047404050360 27 67 39 27 39 27 27 48 381.46128151.40
601010174117403717 7 3101330157 27 22  6  3  2  4  5 15 100.63140159.40
6010111741183737473327171723237 22 22 39 18 12  6  6  9 170.94133152.30
601012174119 7101020 7132027113  3  4  4  7  3  5  7 12  60.31116159.30
601013174120 71310 710 7 723 83  3  5  4  3  4  3  3  9  40.10123162.10
60101417412117 7 713 0 3 0 7 53  6  3  3  5  0  2  0  3  30.00106166.00
6010151741221023203037434333240  4  9  7 15 22 32 32 18 170.94 98165.10
6010161741232023171327 7 017123  7  9  6  5 12  3  0  6  60.31 98165.10
6010171741242710171723131717140 12  4  6  6  9  5  6  6  70.31103166.90
6010181741254337373033375340310 32 22 22 15 18 22 56 27 271.26 98153.90
6010191741262037232320201730190  7 22  9  9  7  7  6 15 100.63 96152.80
6010201741271030232720301727183  4 15  9 12  7 15  6 12 100.63 92148.60
6010211742 12710272013 31727143 12  4 12  7  5  2  6 12  80.42 82143.60
6010221742 2 3 713 3 3 3 3 0 37  2  3  5  2  2  2  2  0  20.00 60140.60
6010231742 3 3 0 7 3 3101713 57  2  0  3  2  2  4  6  5  30.10 54133.60
6010241742 4 3 7 71743604320200  2  3  3  6 32 80 32  7 211.15 49128.50
6010251742 52327575757777353423  9 12 67 67 67179154 56 761.87 62129.40
6010261742 66760605757474340430111 80 80 67 67 39 32 27 631.77 72131.40
6010271742 74747305343474353363 39 39 15 56 32 39 32 56 381.46 67131.40
6010281742 84757505350534330383 39 67 48 56 48 56 32 15 451.57 52121.30
6010291742 95037405750504043367 48 22 27 67 48 48 27 32 401.46 72130.10
6010301742104037475347403747347 27 22 39 56 39 27 22 39 341.36 82127.10
6010311742114733404037474733323 39 18 27 27 22 39 39 18 291.36 68126.10
6011011742122730302323231733207 12 15 15  9  9  9  6 18 120.73 76123.20
6011021742133027373033133037237 15 12 22 15 18  5 15 22 160.94 79128.20
6011031742144327273330202747253 32 12 12 18 15  7 12 39 181.05 69129.10
6011041742155757574753533747407 67 67 67 39 56 56 22 39 521.67 67130.00
601105174216374023202710 3 3163 22 27  9  7 12  4  2  2 110.63 77142.80
601106174217 010232317 32320120  0  4  9  9  6  2  9  7  60.31 90146.80
60110717421830272717 7 3 0 0110 15 12 12  6  3  2  0  0  60.31116155.60
601108174219 0 02017 7 7 313 67  0  0  7  6  3  3  2  5  30.10132166.60
6011091742201720202317 3 010110  6  7  7  9  6  2  0  4  50.21127173.40
601110174221 0 02323302310 7117  0  0  9  9 15  9  4  3  60.31137198.20
6011111742222333374733203027250  9 18 22 39 18  7 15 12 181.05134186.20
6011121742232010201750607780333  7  4  7  6 48 80179207 671.77116166.30
6011131742248787909087838063667300300400400300236207 942802.39122178.10
6011141742257347504027435340373154 39 48 27 12 32 56 27 491.67132189.90
6011151742265340433060606077423 56 27 32 15 80 80 80179 691.77133181.30
6011161742278383605357473333450236236 80 56 67 39 18 18 941.98121172.30
6011171743 13730333027374027260 22 15 18 15 12 22 27 12 181.05103162.30
6011181743 233201013 7 7 3 0 93 18  7  4  5  3  3  2  0  50.21 93151.40
6011191743 3 020132730 7 313113  0  7  5 12 15  3  2  5  60.31 83148.30
6011201743 42023232730271017177  7  9  9 12 15 12  4  6  90.52 82145.30
6011211743 51043574750506047363  4 32 67 39 48 48 80 39 451.57 72137.30
6011221743 65753473733272037310 67 56 39 22 18 12  7 22 301.36 66125.60
6011231743 72727372320101720180 12 12 22  9  7  4  6  7 100.63 59114.60
6011241743 83723331020203050223 22  9 18  4  7  7 15 48 160.94 52111.60
6011251743 94047535347434343370 27 39 56 56 39 32 32 32 391.46 42109.70
6011261743102743373337133027247 12 32 22 18 22  5 15 12 170.94 60115.50
6011271743112730333033404737277 12 15 18 15 18 27 39 22 211.15 58117.50
6011281743125047373337201310247 48 39 22 18 22  7  5  4 211.15 57115.40
6011291743133323172717131727173 18  9  6 12  6  5  6 12  90.52 64117.40
6011301743142030171017174057207  7 15  6  4  6  6 27 67 170.94 69129.10
6012011743156380675053605760490 94207111 48 56 80 67 80 931.98 74134.30
6012021743163740374050333337307 22 27 22 27 48 18 18 22 261.26 92143.10
601203174317234020271317 310153  9 27  7 12  5  6  2  4  90.52101150.00
601204174318 7 02017232320 7117  3  0  7  6  9  9  7  3  60.21111160.80
6012051743191030133030233013180  4 15  5 15 15  9 15  5 100.63102156.80
6012061743201027233743404340263  4 12  9 22 32 27 32 27 211.15104158.80
6012071743212037232740175057270  7 22  9 12 27  6 48 67 251.26 94149.80
6012081743224753374027171017247 39 56 22 27 12  6  4  6 221.15 99151.90
6012091743232043333743333727273  7 32 18 22 32 18 22 12 201.05 97147.90
6012101743242727132020233320183 12 12  5  7  7  9 18  7 100.52103148.90
6012111743251013231727272730173  4  5  9  6 12 12 12 15  90.52102141.90
6012121743263030233027304043253 15 15  9 15 12 15 27 32 181.05101138.00
60121317432737373730331010 7200 22 22 22 15 18  4  4  3 140.84 92134.00
6012141744 1 0 720302320 710117  0  3  7 15  9  7  3  4  60.31101130.00
6012151744 22730334060535360357 12 15 18 27 80 56 56 80 431.57108136.10
6012161744 35757504737201323303 67 67 48 39 22  7  5  9 331.36103132.10
6012171744 4 717302017132020143  3  6 15  7  6  5  7  7  70.42 92123.10
6012181744 52740504733404027303 12 27 48 39 18 27 27 12 261.26 82116.30
6012191744 63333333727272740257 18 18 18 22 12 12 12 27 170.94 70113.30
6012201744 74040334027274740293 27 27 18 27 12 12 39 27 241.15 71116.20
6012211744 85030232333434047290 48 15  9  9 18 32 27 39 251.26 63114.30
6012221744 93740403727302737273 22 27 27 22 12 15 12 22 201.05 44104.30
6012231744103333303340202017227 18 18 15 18 27  7  7  6 140.84 35101.40
6012241744112327132337373040230  9 12  5  9 22 22 15 27 150.94 37104.30
6012251744123720172017 72717160 22  7  6  7  6  3 12  6  90.52 57109.20
6012261744134040402733201717233 27 27 27 12 18  7  6  6 160.94 48114.10
6012271744142040505050606350383  7 27 48 48 48 80 94 48 501.67 70122.90
6012281744154027335340373317280 27 12 18 56 27 22 18  6 231.15 86133.70
6012291744164033373323472720260 27 18 22 18  9 39 12  7 191.05 94142.60
6012301744172037332327404027247  7 22 18  9 12 27 27 12 170.94103156.30
6012311744181733373033373020237  6 18 22 15 18 22 15  7 150.94118160.30
