6201011758 6173310 7 7 7 317100  6 18  4  3  3  3  2  6  60.31 29000.00
6201021758 72723303317171010167 12  9 15 18  6  6  4  4  90.52 25000.00
6201031758 8 0 0 0 7 7 310 7 33  0  0  0  3  3  2  4  3  20.00 20081.90
6201041758 9 3 0 3 7 0 0 0 0 13  2  0  2  3  0  0  0  0  10.00 10080.00
620105175810 0 0 0 3 3 0 3 3 13  0  0  0  2  2  0  2  2  10.00 18076.40
620106175811 320 310 31010 0 60  2  7  2  4  2  4  4  0  30.10 13075.40
620107175812 0 0 3 3 7101317 53  0  0  2  2  3  4  5  6  30.00 11075.70
620108175813 7 7 7101017 7 3 67  3  3  3  4  4  6  3  2  40.10 10072.90
6201091758141013 01320232717123  4  5  0  5  7  9 12  6  60.31  8072.60
6201101758153763436053535043403 22 94 32 80 56 56 48 32 521.67 15074.00
6201111758163737302020232317207 22 22 15  7  7  9  9  6 120.73  0074.10
620112175817171713 7 3 3 720 87  6  6  5  3  2  2  3  7  40.10 10076.00
6201131758182023131010 710 3 97  7  9  5  4  4  3  4  2  50.21 20076.80
620114175819 3 3101017373340153  2  2  4  4  6 22 18 27 110.63 31081.00
6201151758202723272017172033183 12  9 12  7  6  6  7 18 100.52 24084.00
6201161758212320302737231727203  9  7 15 12 22  9  6 12 120.73 24082.50
6201171758221717 7 7101010 7 83  6  6  3  3  4  4  4  3  40.10 19085.10
620118175823 0 3 3 7 717 7 0 43  0  2  2  3  3  6  3  0  20.00 25092.40
6201191758242323332037433710227  9  9 18  7 22 32 22  4 150.94 29096.60
620120175825101017 7 3 72010 83  4  4  6  3  2  3  7  4  40.10 34105.40
620121175826201320233310 320143  7  5  7  9 18  4  2  7  70.42 42109.60
620122175827 3 3 7 3 0 0 0 0 17  2  2  3  2  0  0  0  0  10.00 63108.70
6201231759 1 0 0 0 3 3 3 0 3 13  0  0  0  2  2  2  0  2  10.00 82114.10
6201241759 2 0 0 0 0 0 7 3 7 17  0  0  0  0  0  3  2  3  10.00 83111.70
6201251759 3 0 72017 320 720 93  0  3  7  6  2  7  3  7  40.21 88112.80
6201261759 43013132020232320163 15  5  5  7  7  9  9  7  80.42 86113.20
6201271759 52330273317102027187  9 15 12 18  6  4  7 12 100.63 92112.40
6201281759 6 7 71710 0 7 7 7 60  3  3  6  4  0  3  3  3  30.10 85112.60
6201291759 7 72713173013 320130  3 12  5  6 15  5  2  7  70.31 66107.00
6201301759 8272323172020 713150 12  9  9  6  7  7  3  5  70.42 66099.80
6201311759 910 7 3 0 0 0 0 0 20  4  3  2  0  0  0  0  0  10.00 71100.00
620201175910 0 3 0 0 3 3 3 7 20  0  2  0  0  2  2  2  3  10.00 76108.00
620202175911271010 3 3 31313 83 12  4  4  2  2  2  5  5  40.21 59101.30
620203175912101313 3 71710 7 80  4  5  5  2  3  6  4  3  40.10 57099.40
6202041759131317173350433737247  5  6  6 18 48 32 22 22 201.05 48101.90
6202051759142730 3 717171313127 12 15  2  3  6  6  5  5  70.31 43090.80
620206175915 310 710 7 71737 97  2  4  3  4  3  3  6 22  60.31 39084.00
6202071759164333374033402710263 32 18 22 27 18 27 12  4 201.05 36081.10
620208175917 0 7 71717 7 3 7 63  0  3  3  6  6  3  2  3  30.10 27080.40
6202091759183010101020 7 710103 15  4  4  4  7  3  3  4  60.21 15081.20
62021017591917 7 3 310 3 7 0 50  6  3  2  2  4  2  3  0  30.00 14079.20
6202111759202010 32727174043187  7  4  2 12 12  6 27 32 130.73 19080.50
6202121759215327302720274037260 56 12 15 12  7 12 27 22 201.05  8079.70
6202131759222333173327272337220  9 18  6 18 12 12  9 22 130.84  9083.10
6202141759233730201717233743223 22 15  7  6  6  9 22 32 150.84 20082.00
6202151759242033172010374020197  7 18  6  7  4 22 27  7 120.73 22081.50
6202161759252330305750535050343  9 15 15 67 48 56 48 48 381.46 15084.10
6202171759264033433013132313210 27 18 32 15  5  5  9  5 140.84 22085.70
620218175927 3 71320 7103317110  2  3  5  7  3  4 18  6  60.31 28089.70
6202191760 1 0 7171313 3 0 3 57  0  3  6  5  5  2  0  2  30.10 29106.80
6202201760 2 0 0131317 3 313 63  0  0  5  5  6  2  2  5  30.10 53105.80
6202211760 3 3 0201030332013130  2  0  7  4 15 18  7  5  70.42 65112.60
6202221760 437332733332710 7207 22 18 12 18 18 12  4  3 130.84 72119.00
6202231760 51030103033301020173  4 15  4 15 18 15  4  7 100.63108134.10
6202241760 61023232323233013170  4  9  9  9  9  9 15  5  90.52124131.80
6202251760 7101320 717173030143  4  5  7  3  6  6 15 15  80.42103127.40
6202261760 83013132333474033233 15  5  5  9 18 39 27 18 170.94 95127.40
6202271760 930272737403330 7230 15 12 12 22 27 18 15  3 160.94108134.60
620228176010 0 0171310 7 3 0 50  0  0  6  5  4  3  2  0  20.00 95120.20
620301176011 0 0272727271017133  0  0 12 12 12 12  4  6  70.42 85119.50
620302176012172020 727232310147  6  7  7  3 12  9  9  4  70.42 77111.10
62030317601310 3 71033172723130  4  2  3  4 18  6 12  9  70.42 63099.20
6203041760142720131717101013127 12  7  5  6  6  4  4  5  60.31 46087.80
62030517601513 7273353333023220  5  3 12 18 56 18 15  9 170.94 27084.90
6203061760162747434357404023320 12 39 32 32 67 27 27  9 311.36 32080.50
620307176017232730172323 7 0150  9 12 15  6  9  9  3  0  80.42 36079.30
620308176018 71710 0 3 3 0 0 40  3  6  4  0  2  2  0  0  20.00 25075.70
620309176019 0 0 0 0 7 710 7 30  0  0  0  0  3  3  4  3  20.00 19077.00
6203101760202320272730272033207  9  7 12 12 15 12  7 18 120.73 13074.80
62031117602133372330173023 7200 18 22  9 15  6 15  9  3 120.73  7077.10
6203121760222320233330433337243  9  7  9 18 15 32 18 22 160.94  9081.60
6203131760234020132020 7 3 7130 27  7  5  7  7  3  2  3  80.42 13080.70
620314176024 7 31013131323 7 90  3  2  4  5  5  5  9  3  40.21 15081.70
6203151760252333232313101033170  9 18  9  9  5  4  4 18 100.52 27083.90
620316176026 7 7101710101013 83  3  3  4  6  4  4  4  5  40.10 27085.70
620317176027 71713132010 0 3 83  3  6  5  5  7  4  0  2  40.10 29093.90
6203181761 1 310202033202317147  2  4  7  7 18  7  9  6  80.42 36097.80
6203191761 22720202340333323220 12  7  7  9 27 18 18  9 130.84 61116.00
6203201761 31023202330403330210  4  9  7  9 15 27 18 15 130.73 75117.60
6203211761 43023302727273340237 15  9 15 12 12 12 18 27 150.84 86127.10
6203221761 510 7 7 3 3 3 730 70  4  3  3  2  2  2  3 15  40.10 94127.70
6203231761 6 7 0103317 7 3 0 77  3  0  4 18  6  3  2  0  40.21 84129.90
6203241761 73013101317231310130 15  5  4  5  6  9  5  4  70.31 79125.40
6203251761 82333272027131013167  9 18 12  7 12  5  4  5  90.52 74127.40
6203261761 92720 310 3 3 3 3 73 12  7  2  4  2  2  2  2  40.10 71117.40
620327176110131313 71310 7 0 77  5  5  5  3  5  4  3  0  40.10 48116.60
620328176111 0 0 3 317171720 77  0  0  2  2  6  6  6  7  40.10 38108.40
6203291761123327271020 3 7 3130 18 12 12  4  7  2  3  2  80.42 37102.90
62033017611313 7 0 3 3 310 7 47  5  3  0  2  2  2  4  3  30.00 44098.70
620331176114171020 3 3131013 90  6  4  7  2  2  5  4  5  40.21 38092.30
6204011761151030373723131317180  4 15 22 22  9  5  5  6 110.63 37087.50
620402176116 723 31010173043143  3  9  2  4  4  6 15 32  90.52 31082.80
6204031761174027372017272027213 27 12 22  7  6 12  7 12 130.84 30080.50
6204041761182323374017171330200  9  9 22 27  6  6  5 15 120.73 24078.00
6204051761193730 71710 3 7 7117 22 15  3  6  4  2  3  3  70.42 28076.20
6204061761201740374730274753297  6 27 22 39 15 12 39 56 271.26 21078.30
6204071761215357505757535350430 56 67 48 67 67 56 56 48 581.77 23077.30
6204081761224740302737634037320 39 27 15 12 22 94 27 22 321.36 22077.10
6204091761234013301730271720193 27  5 15  6 15 12  6  7 120.73 15078.20
6204101761242337204350475047317  9 22  7 32 48 39 48 39 301.36 10081.80
6204111761254743333737372027280 39 32 18 22 22 22  7 12 221.15 21088.80
6204121761263327 71020231727163 18 12  3  4  7  9  6 12  90.52 35094.00
620413176127301010 3 3131013 93 15  4  4  2  2  5  4  5  50.21 55103.20
6204141762 123 3 0 3 3 3 7 7 50  9  2  0  2  2  2  3  3  30.10 75110.50
6204151762 2132310 317372730160  5  9  4  2  6 22 12 15  90.52 84112.30
6204161762 3332310 7 7132020133 18  9  4  3  3  5  7  7  70.42 90120.30
6204171762 43333171717131310153 18 18  6  6  6  5  5  4  80.52 82115.20
6204181762 5 327232737303320200  2 12  9 12 22 15 18  7 120.73 71110.00
6204191762 6372723 7 3 7 013117 22 12  9  3  2  3  0  5  70.42 71110.10
6204201762 7272713 7 7301740167 12 12  5  3  3 15  6 27 100.63 72110.50
6204211762 83320272710504043250 18  7 12 12  4 48 27 32 201.05 75113.30
6204221762 94350434037473337330 32 48 32 27 22 39 18 22 301.36 78114.60
6204231762103337303027231010200 18 22 15 15 12  9  4  4 120.73 72109.30
620424176211 7 3 7 7232020 0 87  3  2  3  3  9  7  7  0  40.10 46106.40
620425176212 7 0204030403310180  3  0  7 27 15 27 18  4 130.73 39102.50
6204261762132030402327171320190  7 15 27  9 12  6  5  7 110.63 37101.20
6204271762142027171713202310147  7 12  6  6  5  7  9  4  70.42 32101.00
6204281762151723301313232023163  6  9 15  5  5  9  7  9  80.42 41097.50
6204291762162017101323102013127  7  6  4  5  9  4  7  5  60.31 40094.80
62043017621720 7 7 7 3172017 97  7  3  3  3  2  6  7  6  50.21 34092.80
62050117621837171010 7 72730143 22  6  4  4  3  3 12 15  90.52 49095.40
6205021762192023332017271723180  7  9 18  7  6 12  6  9  90.52 48096.50
6205031762203023172013 71710137 15  9  6  7  5  3  6  4  70.31 46096.10
620504176221 7 013 0 0 0 310 33  3  0  5  0  0  0  2  4  20.00 42092.20
620505176222 0 0 7 3 3 71330 63  0  0  3  2  2  3  5 15  40.10 37088.50
6205061762231720133343504743267  6  7  5 18 32 48 39 32 231.15 41088.10
6205071762243323131317 71320140 18  9  5  5  6  3  5  7  70.42 31084.70
620508176225232010 31010 727110  9  7  4  2  4  4  3 12  60.31 34085.80
6205091762261313 010 0 3 3 0 43  5  5  0  4  0  2  2  0  20.00 37089.00
620510176227172313171323 3 3113  6  9  5  6  5  9  2  2  60.21 44092.70
6205111763 1 31713 330333027157  2  6  5  2 15 18 15 12  90.52 44099.90
6205121763 210 71310 3 3 710 63  4  3  5  4  2  2  3  4  30.10 46099.90
6205131763 31323202340202740207  5  9  7  9 27  7 12 27 130.73 39098.40
6205141763 43037303330133033237 15 22 15 18 15  5 15 18 150.94 27096.60
6205151763 530303017273743 7220 15 15 15  6 12 22 32  3 150.84 15093.10
6205161763 61030233317 31717150  4 15  9 18  6  2  6  6  80.42 18091.30
6205171763 7 3 7 710 7101010 63  2  3  3  4  3  4  4  4  30.10 26095.50
6205181763 8 710 3 310 7 0 3 43  3  4  2  2  4  3  0  2  20.00 29096.90
6205191763 9 713373320331317173  3  5 22 18  7 18  5  6 100.63 32099.10
620520176310171713131320 3 3100  6  6  5  5  5  7  2  2  50.21 37105.70
62052117631110 3 3 313 3 3 7 47  4  2  2  2  5  2  2  3  30.00 45108.60
62052217631210 3 3101310 3 3 57  4  2  2  4  5  4  2  2  30.10 59112.50
620523176313 010 7 710 3 3 3 43  0  4  3  3  4  2  2  2  20.00 62113.60
620524176314 710 3 3 0 3 3 3 33  3  4  2  2  0  2  2  2  20.00 62113.70
620525176315 0 0 0 3 3 3 310 23  0  0  0  2  2  2  2  4  20.00 60114.50
620526176316 3 7 7 710 71323 77  2  3  3  3  4  3  5  9  40.10 60113.00
6205271763172030272330372027213  7 15 12  9 15 22  7 12 120.73 57111.40
620528176318 710 71720202723130  3  4  3  6  7  7 12  9  60.31 60105.70
6205291763191320231713101310120  5  7  9  6  5  4  5  4  60.31 63107.30
620530176320 31010 310 0 710 53  2  4  4  2  4  0  3  4  30.10 58108.10
620531176321 320334750372740257  2  7 18 39 48 22 12 27 221.15 48107.40
6206011763222720302720102020173 12  7 15 12  7  4  7  7  90.52 35100.80
6206021763231313 717 7 71717 97  5  5  3  6  3  3  6  6  50.21 34095.10
620603176324 7 0 3 717171327 90  3  0  2  3  6  6  5 12  50.21 26089.00
6206041763253720232723273033220 22  7  9 12  9 12 15 18 130.73 21087.50
6206051763262013232010173337173  7  5  9  7  4  6 18 22 100.52 26087.50
6206061763273323331713132323180 18  9 18  6  5  5  9  9 100.63 33089.90
6206071764 113203727201720 7160  5  7 22 12  7  6  7  3  90.52 35094.40
6206081764 2 0 713 7 7 71010 60  0  3  5  3  3  3  4  4  30.10 38092.30
6206091764 32740333737274047287 12 27 18 22 22 12 27 39 221.15 46094.20
6206101764 44737334030172010233 39 22 18 27 15  6  7  4 170.94 41093.20
6206111764 51020201317 71320120  4  7  7  5  6  3  5  7  60.21 40091.40
6206121764 623 7232327202010153  9  3  9  9 12  7  7  4  80.42 39090.20
6206131764 713132317 7 710 7 97  5  5  9  6  3  3  4  3  50.21 39091.60
6206141764 81027171717132330153  4 12  6  6  6  5  9 15  80.42 40092.10
6206151764 92733202030273010197 12 18  7  7 15 12 15  4 110.63 59095.70
62061617641033101010131310 7107 18  4  4  4  5  5  4  3  60.31 58098.00
620617176411 3 0 0 3 3 7 7 7 30  2  0  0  2  2  3  3  3  20.00 70101.20
62061817641217 7 3 3 3 3 3 0 40  6  3  2  2  2  2  2  0  20.00 68100.50
620619176413 71010 720171310 93  3  4  4  3  7  6  5  4  40.21 62101.20
62062017641413101310 7 71010 80  5  4  5  4  3  3  4  4  40.10 44098.80
6206211764151010 33030374023183  4  4  2 15 15 22 27  9 120.73 35093.40
6206221764162737271713132720180 12 22 12  6  5  5 12  7 100.63 46093.10
6206231764172723332723304327233 12  9 18 12  9 15 32 12 150.84 33089.20
6206241764182013201713172020140  7  5  7  6  5  6  7  7  60.31 30089.90
6206251764192023271313 71310127  7  9 12  5  5  3  5  4  60.31 43092.80
620626176420 7 7201313232330137  3  3  7  5  5  9  9 15  70.42 46095.00
6206271764213033373040274033270 15 18 22 15 27 12 27 18 191.05 36095.80
6206281764222727333737202743250 12 12 18 22 22  7 12 32 170.94 44094.00
6206291764233033302733232727230 15 18 15 12 18  9 12 12 140.84 44000.00
6206301764242337333020371717213  9 22 18 15  7 22  6  6 130.84 49000.00
6207011764252020273023231720180  7  7 12 15  9  9  6  7  90.52 54000.00
62070217642623102020 7172730153  9  4  7  7  3  6 12 15  80.42 42000.00
6207031764272710172020272313157 12  4  6  7  7 12  9  5  80.42 39000.00
6207041765 12037302333204347253  7 22 15  9 18  7 32 39 191.05 30092.60
6207051765 23040403023233323243 15 27 27 15  9  9 18  9 160.94 28090.80
6207061765 33330273720172320207 18 15 12 22  7  6  9  7 120.73 26089.20
6207071765 410 7 72317233033150  4  3  3  9  6  9 15 18  80.52 21090.40
6207081765 52030302320202330197  7 15 15  9  7  7  9 15 100.63 18086.00
6207091765 623202013 7 71317120  9  7  7  5  3  3  5  6  60.31 11082.80
6207101765 7201013 330332020150  7  4  5  2 15 18  7  7  80.42 13083.30
6207111765 82017272027232723183  7  6 12  7 12  9 12  9  90.52 19085.50
6207121765 91030232020201313150  4 15  9  7  7  7  5  5  70.42 17084.40
6207131765103013171327273030187 15  5  6  5 12 12 15 15 110.63 29088.70
6207141765113027271717231020170 15 12 12  6  6  9  4  7  90.52 34089.20
6207151765123010 7 7 7132020113 15  4  3  3  3  5  7  7  60.31 22087.80
6207161765132013 3 310 3 3 0 57  7  5  2  2  4  2  2  0  30.10 28086.50
620717176514 3 3 3 3 7 3 310 37  2  2  2  2  3  2  2  4  20.00 34086.40
62071817651513 7 7 713 72010 83  5  3  3  3  5  3  7  4  40.10 29084.40
6207191765161323203023133327183  5  9  7 15  9  5 18 12 100.63 14082.70
6207201765173340402723272720237 18 27 27 12  9 12 12  7 160.94 14082.70
6207211765183027172720303330213 15 12  6 12  7 15 18 15 120.73 29081.30
62072217651930202317 7131320143 15  7  9  6  3  5  5  7  70.42 29083.00
6207231765201023302013103317157  4  9 15  7  5  4 18  6  80.52 17080.60
620724176521231010 720434740200  9  4  4  3  7 32 39 27 160.94 14080.60
6207251765224743332317 71023203 39 32 18  9  6  3  4  9 150.84 12076.90
6207261765232763575750334343373 12 94 67 67 48 18 32 32 461.57 10078.40
6207271765245037332740532740307 48 22 18 12 27 56 12 27 281.26 11076.50
6207281765253737402730372327257 22 22 27 12 15 22  9 12 181.05 15076.30
6207291765263717301713271317170 22  6 15  6  5 12  5  6 100.52  9075.50
620730176527202720 3 7 7 713103  7 12  7  2  3  3  3  5  50.21  8074.40
6207311766 1 7 71313 7204343153  3  3  5  5  3  7 32 32 110.63  0075.20
6208011766 25053476037303040347 48 56 39 80 22 15 15 27 381.46  0073.00
6208021766 33330102323232320187 18 15  4  9  9  9  9  7 100.63  7075.20
6208031766 42027271727272727197  7 12 12  6 12 12 12 12 110.63  7073.80
6208041766 51020231717172313140  4  7  9  6  6  6  9  5  60.31 10074.80
6208051766 620202730201713 7153  7  7 12 15  7  6  5  3  80.42 14072.40
6208061766 73033403037332733263 15 18 27 15 22 18 12 18 181.05 11073.70
6208071766 84030232330374743273 27 15  9  9 15 22 39 32 211.15  9073.40
6208081766 95040504340402743333 48 27 48 32 27 27 12 32 321.36  8074.40
6208091766104733403330232730263 39 18 27 18 15  9 12 15 191.05  7075.00
6208101766113027332323271010183 15 12 18  9  9 12  4  4 100.63  0077.60
62081117661210 7 3 3 7 3 7 0 40  4  3  2  2  3  2  3  0  20.00  0075.70
620812176613 310 71717 3 310 70  2  4  3  6  6  2  2  4  40.10 15078.30
620813176614 7 71013 7 31033 90  3  3  4  5  3  2  4 18  50.21 24081.20
6208141766152323101723103033170  9  9  4  6  9  4 15 18  90.52 40085.30
6208151766162747503320272740270 12 39 48 18  7 12 12 27 221.15 50093.90
6208161766175033401013173747247 48 18 27  4  5  6 22 39 211.15 50092.70
6208171766184333303033373750293 32 18 15 15 18 22 22 48 241.15 54090.80
6208181766193343472733372333277 18 32 39 12 18 22  9 18 211.15 46086.80
6208191766204343333327232023247 32 32 18 18 12  9  7  9 170.94 46085.40
62082017662117 710131710 717 97  6  3  4  5  6  4  3  6  50.21 39086.50
62082117662220 7 71010171337120  7  3  3  4  4  6  5 22  70.31 37083.80
6208221766235340532327274747317 56 27 56  9 12 12 39 39 311.36 32082.20
6208231766243733303333333027257 22 18 15 18 18 18 15 12 170.94 29081.20
6208241766253330433343332337277 18 15 32 18 32 18  9 22 201.05 36080.30
6208251766264027302320272033220 27 12 15  9  7 12  7 18 130.84 16078.70
6208261766272723232723101010153 12  9  9 12  9  4  4  4  80.42  7076.60
6208271767 1232023 3 3 710 7 97  9  7  9  2  2  3  4  3  50.21  7075.00
6208281767 21320 7171713 3 3 93  5  7  3  6  6  5  2  2  40.21 14073.90
6208291767 31030333727273333230  4 15 18 22 12 12 18 18 150.84 15073.10
6208301767 42330271737273720217  9 15 12  6 22 12 22  7 130.84 25073.80
6208311767 54747533733132720277 39 39 56 22 18  5 12  7 251.26 22076.70
6209011767 63323474040504740320 18  9 39 27 27 48 39 27 291.36 48085.30
6209021767 73047474757404333343 15 39 39 39 67 27 32 18 341.46 57094.60
6209031767 84053375340405763383 27 56 22 56 27 27 67 94 471.57 80100.20
6209041767 94757434740503730350 39 67 32 39 27 48 22 15 361.46 87101.20
6209051767101033403330372730240  4 18 27 18 15 22 12 15 160.94 88099.20
6209061767113740504027203033277 22 27 48 27 12  7 15 18 221.15 80101.90
6209071767123737403027132013217 22 22 27 15 12  5  7  5 140.84 66101.30
6209081767133340403017201017207 18 27 27 15  6  7  4  6 140.84 58098.50
6209091767142730 72023203033190 12 15  3  7  9  7 15 18 110.63 53095.10
6209101767153040273017 7 710167 15 27 12 15  6  3  3  4 110.63 44092.40
62091117671623132337 7 71727153  9  5  9 22  3  3  6 12  90.52 50091.40
6209121767172730735037476757387 12 15154 48 22 39111 67 581.77 60094.70
6209131767184033372730435020280 27 18 22 12 15 32 48  7 231.15 58092.80
6209141767193030401710172023187 15 15 27  6  4  6  7  9 110.63 53096.20
62091517672030374027 7233330227 15 22 27 12  3  9 18 15 150.94 60093.90
6209161767212327 72020173033177  9 12  3  7  7  6 15 18 100.52 42091.70
6209171767222027231320131720153  7 12  9  5  7  5  6  7  70.42 33079.30
62091817672317 7101010101327103  6  3  4  4  4  4  5 12  50.21 35086.50
6209191767243043574033436047353 15 32 67 27 18 32 80 39 391.46 24084.80
6209201767254733233723 710 7187 39 18  9 22  9  3  4  3 130.84 24084.60
6209211767262027271730372727210  7 12 12  6 15 22 12 12 120.73 31083.50
6209221767274037304037373723280 27 22 15 27 22 22 22  9 211.15 32082.00
6209231768 13343303313101323200 18 32 15 18  5  4  5  9 130.84 38082.90
6209241768 2233010 3 7 32017113  9 15  4  2  3  2  7  6  60.31 53083.20
6209251768 3 3 7 71717232330127  2  3  3  6  6  9  9 15  70.31 54085.00
6209261768 45357332033534023313 56 67 18  7 18 56 27  9 321.36 55085.20
6209271768 53023202327201017170 15  9  7  9 12  7  4  6  90.52 51084.40
6209281768 62713 71023271733157 12  5  3  4  9 12  6 18  90.52 44083.30
6209291768 72033303323233353250  7 18 15 18  9  9 18 56 191.05 36086.90
6209301768 84043302727201713217 27 32 15 12 12  7  6  5 140.84 46090.30
6210011768 93343505053475747380 18 32 48 48 56 39 67 39 431.57 51086.60
6210021768104337473737432713283 32 22 39 22 22 32 12  5 231.15 39086.00
6210031768111727372333171727197  6 12 22  9 18  6  6 12 110.73 22083.70
62100417681223333020 7232027183  9 18 15  7  3  9  7 12 100.63 18082.30
6210051768131017131013274733170  4  6  5  4  5 12 39 18 120.73 13085.90
621006176814473743103327 323223 39 22 32  4 18 12  2  9 170.94 25084.00
62100717681523331320 7133343187  9 18  5  7  3  5 18 32 120.73 37085.30
6210081768166337334333474040337 94 22 18 32 18 39 27 27 351.46 40087.30
6210091768175743473743403037333 67 32 39 22 32 27 15 22 321.36 42086.60
6210101768183733273347374327283 22 18 12 18 39 22 32 12 221.15 51092.90
6210111768193750433337303733300 22 48 32 18 22 15 22 18 251.26 62093.50
621012176820302323371713 7 7157 15  9  9 22  6  5  3  3  90.52 64093.50
621013176821 713133337272330183  3  5  5 18 22 12  9 15 110.63 72095.00
6210141768224043474740304737330 27 32 39 39 27 15 39 22 301.36 67095.50
621015176823273323271727 720180 12 18  9 12  6 12  3  7 100.63 61094.20
6210161768242720205740203730250 12  7  7 67 27  7 22 15 201.05 51091.10
62101717682533232720 7 01013133 18  9 12  7  3  0  4  5  70.42 43090.50
6210181768264747171317333013217 39 39  6  5  6 18 15  5 170.94 33088.70
621019176827 3 0505047503737273  2  0 48 48 39 48 22 22 291.36 29087.20
6210201769 12020171027273037187  7  7  6  4 12 12 15 22 110.63 28087.60
6210211769 23733232320373020223 22 18  9  9  7 22 15  7 140.84 32086.80
6210221769 32337304043333347287  9 22 15 27 32 18 18 39 221.15 41084.50
6210231769 45040303733373033290 48 27 15 22 18 22 15 18 231.15 43083.90
6210241769 53037273040504747307 15 22 12 15 27 48 39 39 271.26 41088.80
6210251769 63743434043474750350 22 32 32 27 32 39 39 48 341.36 43086.10
6210261769 73737474343435340343 22 22 39 32 32 32 56 27 331.36 48086.30
6210271769 83740503050472733313 22 27 48 15 48 39 12 18 291.36 40085.80
6210281769 93343333030273330260 18 32 18 15 15 12 18 15 181.05 31081.90
6210291769103027272723272333217 15 12 12 12  9 12  9 18 120.73 15079.10
6210301769113030303323303323233 15 15 15 18  9 15 18  9 140.84 20081.80
6210311769122023232720172327180  7  9  9 12  7  6  9 12  90.52 23080.30
6211011769132320132313132730163  9  7  5  9  5  5 12 15  80.52 22079.70
6211021769143027102033273343223 15 12  4  7 18 12 18 32 150.84 19079.60
6211031769153720233023273337230 22  7  9 15  9 12 18 22 140.84 17079.80
6211041769163027302730373050260 15 12 15 12 15 22 15 48 191.05 16081.10
6211051769171713332010 3 710113  6  5 18  7  4  2  3  4  60.31  7081.10
6211061769183043302027374750283 15 32 15  7 12 22 39 48 241.15 12082.20
6211071769194337 73733 71327203 32 22  3 22 18  3  5 12 150.84 16083.70
6211081769202317172023272017163  9  6  6  7  9 12  7  6  80.42 18084.50
6211091769211710 7 0 3 71030 83  6  4  3  0  2  3  4 15  50.21 16084.70
621110176922201710 0 3 71317 87  7  6  4  0  2  3  5  6  40.10 18000.00
6211111769231327332727302020197  5 12 18 12 12 15  7  7 110.63 25085.90
6211121769242310 7 3 0 31013 70  9  4  3  2  0  2  4  5  40.10 33087.20
62111317692513 0 3 3 310 7 7 47  5  0  2  2  2  4  3  3  30.00 47091.90
62111417692610 3 0 3 3174320100  4  2  0  2  2  6 32  7  70.31 57097.40
6211151769271030374057274343287  4 15 22 27 67 12 32 32 261.26 60094.10
6211161770 15740373737403327307 67 27 22 22 22 27 18 12 271.26 82097.90
6211171770 2303013132323 3 0137 15 15  5  5  9  9  2  0  80.42 67093.00
6211181770 3 0 0 0 0 0 31013 27  0  0  0  0  0  2  4  5  10.00 58087.30
6211191770 4 0 0 0 7 3 73023 70  0  0  0  3  2  3 15  9  40.10 47087.60
6211201770 5 31023 7 710 310 73  2  4  9  3  3  4  2  4  40.10 28085.30
6211211770 62323473033373337263  9  9 39 15 18 22 18 22 191.05 23079.60
6211221770 74347504740434050360 32 39 48 39 27 32 27 48 361.46  8077.90
6211231770 84333334033302733273 32 18 18 27 18 15 12 18 201.05  0075.80
6211241770 92727374030273027243 12 12 22 27 15 12 15 12 160.94 13079.10
6211251770103037374333332030263 15 22 22 32 18 18  7 15 191.05 24076.30
62112617701130171313201713 7130 15  6  5  5  7  6  5  3  60.31 23075.50
6211271770122020231313332723173  7  7  9  5  5 18 12  9  90.52 16074.00
62112817701327232323171710 7147 12  9  9  9  6  6  4  3  70.42 14073.50
62112917701413 0202723173720157  5  0  7 12  9  6 22  7  80.52  8074.20
6211301770155053474740202037313 48 56 39 39 27  7  7 22 311.36 14075.90
6212011770163020 720102027 3137 15  7  3  7  4  7 12  2  70.42 27075.80
621202177017 0 7 710 7131310 67  0  3  3  4  3  5  5  4  30.10 29080.40
621203177018 017 3 3 71027 0 67  0  6  2  2  3  4 12  0  40.10 37081.60
621204177019 033334040403020237  0 18 18 27 27 27 15  7 170.94 44081.10
621205177020371313172317 7 7133 22  5  5  6  9  6  3  3  70.42 46080.80
621206177021171013 3 3 310 3 63  6  4  5  2  2  2  4  2  30.10 49081.70
621207177022 710 7 7 7 71313 70  3  4  3  3  3  3  5  5  40.10 48085.00
62120817702313 3232720171023137  5  2  9 12  7  6  4  9  70.31 29083.30
62120917702423372013 3 3 313117  9 22  7  5  2  2  2  5  70.31 25081.60
621210177025131713 3 7131737120  5  6  5  2  3  5  6 22  70.31 13082.50
6212111770263040302737335343293 15 27 15 12 22 18 56 32 251.26 13076.70
6212121770273030 713 3203337173 15 15  3  5  2  7 18 22 110.63 16075.10
6212131771 14033232333232737240 27 18  9  9 18  9 12 22 160.94 19075.70
6212141771 22733203030272727220 12 18  7 15 15 12 12 12 130.73 24075.20
6212151771 330373717 7 71723173 15 22 22  6  3  3  6  9 110.63 12074.90
6212161771 410 7131317131310 97  4  3  5  5  6  5  5  4  50.21  0074.90
6212171771 52717272723605067297 12  6 12 12  9 80 48111 361.46 14077.20
6212181771 66350303347475050370 94 48 15 18 39 39 48 48 441.57 26082.20
6212191771 75347534740475043380 56 39 56 39 27 39 48 32 421.57 34082.80
6212201771 83750404040474750350 22 48 27 27 27 39 39 48 351.46 45085.00
6212211771 94037373037374333293 27 22 22 15 22 22 32 18 221.15 34083.40
6212221771102727232720272327200 12 12  9 12  7 12  9 12 110.63 28080.50
62122317711120201010 3 3 0 3 70  7  7  4  4  2  2  0  2  40.10 23078.00
621224177112 7 0171020131713 97  3  0  6  4  7  5  6  5  40.21 32077.80
6212251771132010 013 7 7 713 77  7  4  0  5  3  3  3  5  40.10 24000.00
6212261771141713233347372737233  6  5  9 18 39 22 12 22 170.94 14000.00
6212271771152010131017131727127  7  4  5  4  6  5  6 12  60.31  0000.00
621228177116 7 3 0 720202020 97  3  2  0  3  7  7  7  7  40.21  7072.40
621229177117102010101720 710103  4  7  4  4  6  7  3  4  50.21  0000.00
62123017711810 0 310 7 31027 70  4  0  2  4  3  2  4 12  40.10  0000.00
62123117711923 7134037332010183  9  3  5 27 22 18  7  4 120.73  7000.00
