6401011785 710 3171717202317123  4  2  6  6  6  7  9  6  60.31  0000.00
6401021785 81360636753474030373  5 80 94111 56 39 27 15 531.67 14069.40
6401031785 94343273033373337283 32 32 12 15 18 22 18 22 211.15  8071.80
6401041785104343272033333330263 32 32 12  7 18 18 18 15 191.05  7071.50
6401051785112323271320132313157  9  9 12  5  7  5  9  5  80.42 13072.40
6401061785122320101713101010113  9  7  4  6  5  4  4  4  50.21 17073.70
640107178513 010172333201710130  0  4  6  9 18  7  6  4  70.31 20074.00
64010817851413 7 31313102727113  5  3  2  5  5  4 12 12  60.31 16071.80
6401091785154037272720303747263 27 22 12 12  7 15 22 39 201.05 13072.00
6401101785164747402030301737267 39 39 27  7 15 15  6 22 211.15 15072.00
6401111785172727231720172017167 12 12  9  6  7  6  7  6  80.42 19073.20
6401121785183020 3 010131713107 15  7  2  0  4  5  6  5  60.21 20074.90
640113178519232710 710 31017107  9 12  4  3  4  2  4  6  60.21 27074.80
640114178520 7 0 0 3 0 3 3 3 20  3  0  0  2  0  2  2  2  10.00 24074.30
640115178521 0 0 0 0 7 7 310 27  0  0  0  0  3  3  2  4  20.00 22073.20
6401161785222733335040504030303 12 18 18 48 27 48 27 15 271.26 16073.00
6401171785234037433730171713233 27 22 32 22 15  6  6  5 170.94 20070.20
64011817852427231717131327 3140 12  9  6  6  5  5 12  2  70.42  7072.50
640119178525 0 310 323233720120  0  2  4  2  9  9 22  7  70.31 14073.40
640120178526302010171713 710123 15  7  4  6  6  5  3  4  60.31 11074.50
6401211785271310 3 0 0 0 3 3 33  5  4  2  0  0  0  2  2  20.00 11073.50
6401221786 1201310 7 713 3 3 77  7  5  4  3  3  5  2  2  40.10 11073.10
6401231786 2 7 3 3131320 710 77  3  2  2  5  5  7  3  4  40.10 11073.20
6401241786 32030232737231723200  7 15  9 12 22  9  6  9 110.63 18072.80
6401251786 44013301010104347203 27  5 15  4  4  4 32 39 160.94 17071.70
6401261786 533 7131020 72317130 18  3  5  4  7  3  9  6  70.31 10072.30
6401271786 620 3 7 3 3 31717 73  7  2  3  2  2  2  6  6  40.10  9071.90
6401281786 71023231320133333170  4  9  9  5  7  5 18 18  90.52 24075.70
6401291786 83740403340372727280 22 27 27 18 27 22 12 12 211.15 27076.10
6401301786 93320202030231327187 18  7  7  7 15  9  5 12 100.63 22073.60
64013117861013 7135043505037263  5  3  5 48 32 48 48 22 261.26 11072.90
6402011786113027131717172733180 15 12  5  6  6  6 12 18 100.63  0071.60
640202178612331720172727 3 0143 18  6  7  6 12 12  2  0  80.42  0070.20
640203178613 0 3 3 310 3 713 43  0  2  2  2  4  2  3  5  20.00  0069.60
6402041786141023403733201020193  4  9 27 22 18  7  4  7 120.73  0069.90
6402051786151027131313172747167  4 12  5  5  5  6 12 39 110.63  0071.20
6402061786164350534340303037327 32 48 56 32 27 15 15 22 311.36  0071.50
6402071786172737273717372333237 12 22 12 22  6 22  9 18 150.94 10070.70
6402081786184020102013333757230 27  7  4  7  5 18 22 67 201.05 13071.80
6402091786194033272727302327233 27 18 12 12 12 15  9 12 150.84 18070.50
6402101786202720101713202023150 12  7  4  6  5  7  7  9  70.42  9071.40
6402111786211710 7 310 3 3 7 60  6  4  3  2  4  2  2  3  30.10  7070.40
6402121786221320334033332327223  5  7 18 27 18 18  9 12 140.84  0071.50
6402131786234050475037473327330 27 48 39 48 22 39 18 12 321.36  0072.10
6402141786241033272323202027183  4 18 12  9  9  7  7 12 100.52  8071.40
64021517862520102017271327 7140  7  4  7  6 12  5 12  3  70.42 13071.40
640216178626 7 7202013101710103  3  3  7  7  5  4  6  4  50.21 17071.80
64021717862713 71717202723 7130  5  3  6  6  7 12  9  3  60.31 21072.70
6402181787 1 3 3171710231310 97  2  2  6  6  4  9  5  4  50.21 15074.80
6402191787 2 310 7 3 0 0 7 0 30  2  4  3  2  0  0  3  0  20.00 13074.50
6402201787 3 0 7132727434053210  0  3  5 12 12 32 27 56 181.05 23075.10
6402211787 44737273023232710223 39 22 12 15  9  9 12  4 150.94 39077.40
6402221787 51310171020173020137  5  4  6  4  7  6 15  7  70.31 42078.60
6402231787 6201017 7 7333010133  7  4  6  3  3 18 15  4  80.42 54083.10
6402241787 7 017132323171330137  0  6  5  9  9  6  5 15  70.31 44084.00
6402251787 81320203317405730230  5  7  7 18  6 27 67 15 191.05 36083.20
6402261787 9274327434320 730240 12 32 12 32 32  7  3 15 181.05 34085.40
6402271787104027102017404027220 27 12  4  7  6 27 27 12 150.94 34083.80
6402281787113340373730372310247 18 27 22 22 15 22  9  4 170.94 34083.30
6402291787121733271710172023163  6 18 12  6  4  6  7  9  80.52 28079.80
64030117871320 7 7 713 713 7 80  7  3  3  3  5  3  5  3  40.10 27076.50
640302178714 0 0 7 0 0 3 0 7 17  0  0  3  0  0  2  0  3  10.00  8074.30
64030317871510 3131717132037130  4  2  5  6  6  5  7 22  70.42 13073.00
6403041787164757475047605053410 39 67 39 48 39 80 48 56 521.67  7074.20
6403051787175737403043374747337 67 22 27 15 32 22 39 39 331.36  7071.40
6403061787184037233330403017250 27 22  9 18 15 27 15  6 170.94  0072.80
6403071787193723202323203330210 22  9  7  9  9  7 18 15 120.73 15072.20
6403081787203733402733203037257 22 18 27 12 18  7 15 22 181.05  9073.00
64030917872127403323 7 7 3 0140 12 27 18  9  3  3  2  0  90.52  8070.90
640310178722 0 310 710172313 83  0  2  4  3  4  6  9  5  40.10  0072.50
6403111787231020303017131710147  4  7 15 15  6  5  6  4  80.42 14074.50
6403121787243747302730301317230 22 39 15 12 15 15  5  6 160.94 23076.60
6403131787251327173327 71320157  5 12  6 18 12  3  5  7  80.52 40077.60
6403141787262017232023173730187  7  6  9  7  9  6 22 15 100.63 32078.30
6403151787273027201023273323193 15 12  7  4  9 12 18  9 110.63 29078.20
6403161788 13323131717271717163 18  9  5  6  6 12  6  6  80.52 28076.50
6403171788 223203737201310 7167  9  7 22 22  7  5  4  3 100.63 20077.10
6403181788 3 3 31713 7 710 3 63  2  2  6  5  3  3  4  2  30.10  8074.90
6403191788 4 7 317 310 7 710 63  3  2  6  2  4  3  3  4  30.10 10073.90
6403201788 5 713172017173717143  3  5  6  7  6  6 22  6  80.42 11074.00
6403211788 63733231310133327190 22 18  9  5  4  5 18 12 120.73 20074.20
6403221788 72013173050475747280  7  5  6 15 48 39 67 39 281.26 32078.10
6403231788 83347406030404023313 18 39 27 80 15 27 27  9 301.36 30077.10
6403241788 92040333733472717253  7 27 18 22 18 39 12  6 191.05 27076.80
6403251788104033301730273730243 27 18 15  6 15 12 22 15 160.94 23073.90
64032617881133402717271017 7177 18 27 12  6 12  4  6  3 110.63 20074.20
64032717881213 020 3 3 7 310 60  5  0  7  2  2  3  2  4  30.10 16075.10
640328178813 0 0 3 0 0 3 0 0  7  0  0  2  0  0  2  0  0  00.00 14075.70
640329178814 0 0 0 013132023 70  0  0  0  0  5  5  7  9  30.10  7075.00
6403301788152747333737573323293 12 39 18 22 22 67 18  9 261.26  7078.20
640331178816 3 0 710 3 713 7 50  2  0  3  4  2  3  5  3  30.00  7077.00
640401178817 7 0 71333636373260  3  0  3  5 18 94 94154 461.57 10077.40
6404021788185343333027404333303 56 32 18 15 12 27 32 18 261.26  0075.50
6404031788193743233333332730260 22 32  9 18 18 18 12 15 181.05 13076.90
6404041788203730271717201327187 22 15 12  6  6  7  5 12 110.63  0077.00
6404051788212330132713172340187  9 15  5 12  5  6  9 27 110.63 10076.20
6404061788222320 710 7 71330117  9  7  3  4  3  3  5 15  60.31 11075.90
6404071788233020301023233320190 15  7 15  4  9  9 18  7 100.63 15075.80
6404081788242720334030173323223 12  7 18 27 15  6 18  9 140.84 13073.80
640409178825233317232013 7 0137  9 18  6  9  7  5  3  0  70.42 10075.40
640410178826 7 3173313 3 3 7 87  3  2  6 18  5  2  2  3  50.21  9073.20
640411178827 013203047373013190  0  5  7 15 39 22 15  5 140.84  8074.40
6404121789 1 71313 3 3 7 720 73  3  5  5  2  2  3  3  7  40.10  7073.20
6404131789 2171710 3 3131720100  6  6  4  2  2  5  6  7  50.21  7073.50
6404141789 317 7 31720 7 3 7 80  6  3  2  6  7  3  2  3  40.10  7072.20
6404151789 410 7103030231333157  4  3  4 15 15  9  5 18  90.52  7071.90
6404161789 53327231327231313173 18 12  9  5 12  9  5  5  90.52  7071.30
6404171789 64037402723302320240 27 22 27 12  9 15  9  7 160.94 13072.40
6404181789 7 3 7204050473733237  2  3  7 27 48 39 22 18 211.15  7072.40
6404191789 84033234733333737283 27 18  9 39 18 18 22 22 221.15  0071.60
6404201789 93023402013273040223 15  9 27  7  5 12 15 27 150.84  9072.10
6404211789103717132017132323163 22  6  5  7  6  5  9  9  90.52 19072.40
640422178911 3 0 710 3 3 7 7 40  2  0  3  4  2  2  3  3  20.00 17071.50
640423178912131310 3 3 3 710 63  5  5  4  2  2  2  3  4  30.10 16071.10
640424178913 0 7 317 7101313 70  0  3  2  6  3  4  5  5  40.10 23072.50
6404251789141713173333202733193  6  5  6 18 18  7 12 18 110.63 12071.50
6404261789152737302310172017180 12 22 15  9  4  6  7  6 100.63  7070.50
6404271789162327303033535047293  9 12 15 15 18 56 48 39 261.26  0070.50
6404281789175350504737203340330 56 48 48 39 22  7 18 27 331.36  0070.90
6404291789185033232023204010220 48 18  9  7  9  7 27  4 160.94  0069.80
640430178919 7 3 3 710303347140  3  2  2  3  4 15 18 39 110.63  0070.10
6405011789206037333730272023267 80 22 18 22 15 12  7  9 231.15  7070.00
6405021789212327402320131027183  9 12 27  9  7  5  4 12 110.63  0069.50
6405031789222017 713 7 71013 93  7  6  3  5  3  3  4  5  40.21  0071.00
64050417892310 713 7 7 31010 67  4  3  5  3  3  2  4  4  40.10 10071.50
6405051789242330233027 710 3153  9 15  9 15 12  3  4  2  90.52 14073.20
640506178925 0 01310101323 7 77  0  0  5  4  4  5  9  3  40.10 11072.20
640507178926 7171010 3 3 3 0 53  3  6  4  4  2  2  2  0  30.10 11072.20
640508178927 0 0 3 0 0 3 3 3 13  0  0  2  0  0  2  2  2  10.00 10072.90
6405091790 1 3 3 0 3 7 7 3 0 27  2  2  0  2  3  3  2  0  20.00  7072.30
6405101790 23017271333404747253 15  6 12  5 18 27 39 39 201.05  7071.50
6405111790 35350401010131013200 56 48 27  4  4  5  4  5 191.05  7071.60
6405121790 4 7101310 3 0 0 3 47  3  4  5  4  2  0  0  2  20.00  0081.10
6405131790 5 0 0101337475333193  0  0  4  5 22 39 56 18 181.05  0070.00
6405141790 62020403353573330287  7  7 27 18 56 67 18 15 271.26  9069.80
6405151790 72760503327272743293 12 80 48 18 12 12 12 32 281.26 17069.50
6405161790 84030474030234320273 27 15 39 27 15  9 32  7 211.15 17071.60
6405171790 91313233327171323163  5  5  9 18 12  6  5  9  90.52 23071.20
640518179010 720172317 7 7 3100  3  7  6  9  6  3  3  2  50.21 11072.10
64051917901117101313 3101710 93  6  4  5  5  2  4  6  4  40.21  9070.40
640520179012 3 7 7 7131010 0 57  2  3  3  3  5  4  4  0  30.10  7069.40
640521179013 310101717171017100  2  4  4  6  6  6  4  6  50.21  7069.70
640522179014 310101013 71010 73  2  4  4  4  5  3  4  4  40.10 18068.80
640523179015171710 71010 737113  6  6  4  3  4  4  3 22  60.31 13069.00
6405241790163747403733273030280 22 39 27 22 18 12 15 15 211.15 11069.80
6405251790172010536337374033293  7  4 56 94 22 22 27 18 311.36 11069.30
640526179018371017 3201713 7123 22  4  6  2  7  6  5  3  70.31 14070.20
6405271790192023373327201723200  7  9 22 18 12  7  6  9 110.63  8069.50
6405281790202017132017272720160  7  6  5  7  6 12 12  7  80.42  8071.50
640529179021132013 713 31320103  5  7  5  3  5  2  5  7  50.21  8071.00
64053017902213 7 71317171333120  5  3  3  5  6  6  5 18  60.31  9070.10
6405311790231317101010 7 3 3 73  5  6  4  4  4  3  2  2  40.10  9069.60
640601179024 313101020171017100  2  5  4  4  7  6  4  6  50.21  8069.60
640602179025 71010 713131310 83  3  4  4  3  5  5  5  4  40.10  8070.00
6406031790261013 71010 3 310 67  4  5  3  4  4  2  2  4  40.10  8070.20
64060417902717 71313101710 7 93  6  3  5  5  4  6  4  3  40.21  8070.20
6406051791 1 7 7 3 7 71010 3 53  3  3  2  3  3  4  4  2  30.10  0069.80
6406061791 2 310 71720 3 3 7 70  2  4  3  6  7  2  2  3  40.10  0070.50
6406071791 3 3 3 3 310 32730 83  2  2  2  2  4  2 12 15  50.21 14071.70
6406081791 42723302717101713163 12  9 15 12  6  4  6  5  90.52  0071.90
6406091791 51717172027301713157  6  6  6  7 12 15  6  5  80.42  7071.10
6406101791 62767635750303340367 12111 94 67 48 15 18 27 491.67  7072.50
6406111791 74747333733402737300 39 39 18 22 18 27 12 22 251.26 14072.50
6406121791 83027233030302027217 15 12  9 15 15 15  7 12 120.73 22071.10
6406131791 92727233017201720180 12 12  9 15  6  7  6  7  90.52 12072.40
6406141791101323231717101723143  5  9  9  6  6  4  6  9  70.31 18072.80
6406151791113020131010131017123 15  7  5  4  4  5  4  6  60.31 24073.90
6406161791121710 710 3101010 77  6  4  3  4  2  4  4  4  40.10 23072.90
640617179113 313171017 7 3 3 73  2  5  6  4  6  3  2  2  40.10 13073.40
640618179114 7 3 72030132327130  3  2  3  7 15  5  9 12  70.42 22074.00
640619179115 7 3 313 7101727 87  3  2  2  5  3  4  6 12  50.21 24072.40
6406201791162727172750303717230 12 12  6 12 48 15 22  6 170.94 19072.70
64062117911740172733101730 3177 27  6 12 18  4  6 15  2 110.63  9072.00
640622179118 3 7 31017272020107  2  3  2  4  6 12  7  7  50.21  0071.80
6406231791191713131720131323130  6  5  5  6  7  5  5  9  60.31  0069.60
64062417912017 7 7 3 7103020100  6  3  3  2  3  4 15  7  50.21  0070.30
6406251791212333402320101310173  9 18 27  9  7  4  5  4 100.63  0070.00
640626179122101720171713 713113  4  6  7  6  6  5  3  5  50.21  0069.90
640627179123 3 3101023201720107  2  2  4  4  9  7  6  7  50.21  0069.70
640628179124 713132333373313173  3  5  5  9 18 22 18  5 110.63  0069.60
64062917912513131727132313 0120  5  5  6 12  5  9  5  0  60.31  7069.40
640630179126 717 3 7 7 31010 63  3  6  2  3  3  2  4  4  30.10  7069.50
6407011791271710 710 710 7 3 70  6  4  3  4  3  4  3  2  40.10  7069.70
6407021792 1 3 3 0 31013 720 60  2  2  0  2  4  5  3  7  30.10  0069.30
6407031792 22730373033273043257 12 15 22 15 18 12 15 32 181.05  0069.60
6407041792 32727302317101313160 12 12 15  9  6  4  5  5  80.52  8070.40
6407051792 41310 717 7101323100  5  4  3  6  3  4  5  9  50.21 10069.90
6407061792 51710131317101017107  6  4  5  5  6  4  4  6  50.21  8070.10
6407071792 61730232037304047243  6 15  9  7 22 15 27 39 181.05  7069.30
6407081792 74043303040203737277 27 32 15 15 27  7 22 22 211.15  0070.20
6407091792 84030271720273343237 27 15 12  6  7 12 18 32 160.94  0069.40
6407101792 93333373027231310207 18 18 22 15 12  9  5  4 130.73  0068.80
64071117921027 7 71320172310123 12  3  3  5  7  6  9  4  60.31  0069.90
6407121792111013171713102020120  4  5  6  6  5  4  7  7  60.21  0069.10
6407131792122013132723101310130  7  5  5 12  9  4  5  4  60.31  0068.70
640714179213 31713 7 3 7 7 3 60  2  6  5  3  2  3  3  2  30.10 10071.50
640715179214 7 3 7 3 0 3 3 0 27  3  2  3  2  0  2  2  0  20.00 12071.80
6407161792151017 71317232727140  4  6  3  5  6  9 12 12  70.42 11071.50
6407171792163013172343574323250 15  5  6  9 32 67 32  9 221.15  9070.90
6407181792175047304333332330290 48 39 15 32 18 18  9 15 241.26  8070.20
6407191792182730303713132740217 12 15 15 22  5  5 12 27 140.84  0069.60
64072017921937232330201020 7170 22  9  9 15  7  4  7  3 100.52  0068.80
6407211792201710 71313132727127  6  4  3  5  5  5 12 12  60.31  0068.50
6407221792212020302323202723187  7  7 15  9  9  7 12  9  90.52  0068.20
64072317922220 72017101020 7110  7  3  7  6  4  4  7  3  50.21  0068.50
640724179223 7 7 31710 3 713 67  3  3  2  6  4  2  3  5  40.10  0068.20
6407251792241310101717131317110  5  4  4  6  6  5  5  6  50.21  0067.90
640726179225131013101310 7 7 83  5  4  5  4  5  4  3  3  40.10  0066.80
640727179226 3 3 3 7 7 3 3 7 37  2  2  2  3  3  2  2  3  20.00  0067.30
64072817922713 3 0 3 7 3 310 43  5  2  0  2  3  2  2  4  20.00  0067.40
6407291793 11010234033374723223  4  4  9 27 18 22 39  9 160.94  0067.90
6407301793 23030302733232727227 15 15 15 12 18  9 12 12 140.84  0068.20
6407311793 32317272017172017157  9  6 12  7  6  6  7  6  70.42  7068.20
6408011793 4302010 713101013113 15  7  4  3  5  4  4  5  60.31  9068.90
6408021793 5 3 7 7 3 3 71323 67  2  3  3  2  2  3  5  9  40.10 20069.70
6408031793 6171010 713171017100  6  4  4  3  5  6  4  6  50.21 17070.00
6408041793 74763533733332330320 39 94 56 22 18 18  9 15 341.36  9069.90
6408051793 82023173337374033240  7  9  6 18 22 22 27 18 160.94  8071.00
6408061793 930331310 3 3 317113 15 18  5  4  2  2  2  6  70.31  7070.10
6408071793103730273033201717210 22 15 12 15 18  7  6  6 130.73  7069.60
640808179311171010 3 3 71320 83  6  4  4  2  2  3  5  7  40.10  0069.40
6408091793121727 71327203017157  6 12  3  5 12  7 15  6  80.42  0069.80
64081017931310 717 7 3 3 7 7 60  4  3  6  3  2  2  3  3  30.10  7070.70
6408111793143740332743434743313 22 27 18 12 32 32 39 32 271.26  8069.90
6408121793153720373027233023227 22  7 22 15 12  9 15  9 140.84 21071.60
6408131793162720171313102020140 12  7  6  5  5  4  7  7  70.31 23075.90
64081417931710 7 317 7101717 87  4  3  2  6  3  4  6  6  40.10 36078.10
6408151793181310 0 3 0 31013 53  5  4  0  2  0  2  4  5  30.00 30077.30
6408161793192017171010201323130  7  6  6  4  4  7  5  9  60.31 30074.80
6408171793203017 7 7101710 3100 15  6  3  3  4  6  4  2  50.21 19073.30
6408181793211720201717132013137  6  7  7  6  6  5  7  5  60.31  9071.30
640819179322 0 3172020131020103  0  2  6  7  7  5  4  7  50.21  8072.30
64082017932313 7 3 3 7102020 83  5  3  2  2  3  4  7  7  40.10  7071.30
640821179324 3131010131710 7 83  2  5  4  4  5  6  4  3  40.10  7070.80
6408221793252720172320101310140 12  7  6  9  7  4  5  4  70.31  0070.60
64082317932617 7 7131013 7 3 77  6  3  3  5  4  5  3  2  40.10  0070.30
640824179327 3 310 3 3101313 60  2  2  4  2  2  4  5  5  30.10  0069.90
6408251794 1101710 323303027150  4  6  4  2  9 15 15 12  80.52  0069.10
6408261794 23327271023101333177 18 12 12  4  9  4  5 18 100.63  0068.90
6408271794 32327202023201710160  9 12  7  7  9  7  6  4  80.42  0069.60
6408281794 4 7 3 3 3 3 317 7 47  3  2  2  2  2  2  6  3  30.00  0068.50
6408291794 517 3 720 7131317 97  6  2  3  7  3  5  5  6  50.21  0068.40
6408301794 6 7 7 710 710 710 63  3  3  3  4  3  4  3  4  30.10  0069.90
6408311794 72020172330172747200  7  7  6  9 15  6 12 39 130.73  7070.20
6409011794 84743401327332037260 39 32 27  5 12 18  7 22 201.05  7071.40
6409021794 93723232713132320180 22  9  9 12  5  5  9  7 100.52  8070.50
6409031794103023171317233017170 15  9  6  5  6  9 15  6  90.52  8070.90
6409041794111020203020102730167  4  7  7 15  7  4 12 15  90.52  0071.10
6409051794122033131713 3 3 7110  7 18  5  6  5  2  2  3  60.31  0070.90
6409061794131010131727103050167  4  4  5  6 12  4 15 48 120.73  0071.60
6409071794143023334743405047313 15  9 18 39 32 27 48 39 281.26  7071.90
6409081794154037434027403730293 27 22 32 27 12 27 22 15 231.15 20071.90
6409091794163040233330273033247 15 27  9 18 15 12 15 18 160.94 12072.50
6409101794174030 7 710172027157 27 15  3  3  4  6  7 12 100.52 11072.90
640911179418232313 3 3 3 310 83  9  9  5  2  2  2  2  4  40.21 11073.10
6409121794192010 7 310 0 0 0 50  7  4  3  2  4  0  0  0  20.00 20073.30
64091317942010 0 3 7 0 310 7 40  4  0  2  3  0  2  4  3  20.00 18072.90
640914179421 7 0 3 3 3 3 310 33  3  0  2  2  2  2  2  4  20.00 11072.50
640915179422 3 3 7 3 0 7 717 47  2  2  3  2  0  3  3  6  30.00  0072.10
6409161794231023132037333733207  4  9  5  7 22 18 22 18 130.84  0070.40
6409171794243327201730131717173 18 12  7  6 15  5  6  6  90.52  0069.30
6409181794251717101313101017107  6  6  4  5  5  4  4  6  50.21  0069.20
640919179426 3 7 7 310 3 3 7 43  2  3  3  2  4  2  2  3  30.00  0069.60
640920179427 0 0 0 3 3 3 713 30  0  0  0  2  2  2  3  5  20.00  0069.60
6409211795 1 3 71317 7101323 93  2  3  5  6  3  4  5  9  50.21  0069.30
6409221795 26777332323202323290111179 18  9  9  7  9  9 441.57  0069.40
6409231795 320203727 7 31320147  7  7 22 12  3  2  5  7  80.42  0069.10
6409241795 41023203017203313167  4  9  7 15  6  7 18  5  90.52  0068.60
6409251795 5232710 7 0 3 317 90  9 12  4  3  0  2  2  6  50.21  0068.30
6409261795 617 32013 7 0 3 7 70  6  2  7  5  3  0  2  3  40.10  0069.90
6409271795 7 3 313 3 3101340 90  2  2  5  2  2  4  5 27  60.31  0070.20
6409281795 84740474040574730347 39 27 39 27 27 67 39 15 351.46  0070.60
6409291795 91723231313 3 730130  6  9  9  5  5  2  3 15  70.31  0071.10
6409301795102747403037402733280 12 39 27 15 22 27 12 18 221.15  7071.80
641001179511373323171723 3 7160 22 18  9  6  6  9  2  3  90.52 17072.30
64100217951227 7 3 0 71017 7 77 12  3  2  0  3  4  6  3  40.10 12071.90
64100317951317 3101330373027167  6  2  4  5 15 22 15 12 100.63  0072.00
6410041795143747303723505047320 22 39 15 22  9 48 48 39 301.36  0071.10
6410051795154333302737333733273 32 18 15 12 22 18 22 18 201.05  0071.90
6410061795163010231730373030207 15  4  9  6 15 22 15 15 130.73 14072.90
6410071795174037272013132333207 27 22 12  7  5  5  9 18 130.84 20074.30
6410081795182330302030373727233  9 15 15  7 15 22 22 12 150.84 16077.20
6410091795193033433023132317213 15 18 32 15  9  5  9  6 140.84 11073.30
64101017952020 0 3101313 7 3 70  7  0  2  4  5  5  3  2  40.10  0073.00
641011179521 0 0 3 313131313 60  0  0  2  2  5  5  5  5  30.10  0071.90
64101217952217 7274340332327217  6  3 12 32 27 18  9 12 150.84  0070.10
6410131795232327201320131720153  9 12  7  5  7  5  6  7  70.42  0072.30
6410141795243333201710 0 3 7123 18 18  7  6  4  0  2  3  70.42  0070.60
6410151795252310232010171317133  9  4  9  7  4  6  5  6  60.31  0070.50
6410161795261723 7 0 0 31010 70  6  9  3  0  0  2  4  4  40.10  0071.00
641017179527133023131717 310127  5 15  9  5  6  6  2  4  60.31  0070.90
6410181796 11327202027233040200  5 12  7  7 12  9 15 27 120.73 12072.30
6410191796 23740333047473737307 22 27 18 15 39 39 22 22 261.26 11072.70
6410201796 34023132323203330207 27  9  5  9  9  7 18 15 120.73 10072.40
6410211796 43027303023334023237 15 12 15 15  9 18 27  9 150.84  0070.70
6410221796 517171713 3 0 3 0 70  6  6  6  5  2  0  2  0  30.10  0072.20
6410231796 6 0 0 0 0 3 0 3 3 10  0  0  0  0  2  0  2  2  10.00  0072.70
6410241796 7 0 3 3 7 3201730 83  0  2  2  3  2  7  6 15  50.21  7073.50
6410251796 82713 7 7 7 3 313 80 12  5  3  3  3  2  2  5  40.21  8076.00
6410261796 92727534723132313227 12 12 56 39  9  5  9  5 181.05  7076.00
64102717961017171320231317 7127  6  6  5  7  9  5  6  3  60.31  9075.40
6410281796112010 71013 72013100  7  4  3  4  5  3  7  5  50.21  0074.10
641029179612233317 7 7131313127  9 18  6  3  3  5  5  5  70.31  9073.80
6410301796131710 710 7 3 3 3 60  6  4  3  4  3  2  2  2  30.10 16073.60
64103117961410 0 0 3 0 3 310 30  4  0  0  2  0  2  2  4  20.00  9074.60
641101179615 727131327373347203  3 12  5  5 12 22 18 39 140.84  9074.20
64110217961640403320 7131027190 27 27 18  7  3  5  4 12 130.73  8074.00
641103179617302013 3 010 3 0 80 15  7  5  2  0  4  2  0  40.21  8073.40
6411041796181027 31727171027137  4 12  2  6 12  6  4 12  70.42  0072.80
6411051796192717 7 730233320163 12  6  3  3 15  9 18  7  90.52  0072.30
6411061796201010101013101710 90  4  4  4  4  5  4  6  4  40.21  7073.30
64110717962110 0 0 0 0 0 0 7 17  4  0  0  0  0  0  0  3  10.00  7072.10
6411081796222323231020 73027163  9  9  9  4  7  3 15 12  80.52  7071.80
6411091796234047272717333037257 27 39 12 12  6 18 15 22 191.05  0071.00
6411101796244330271717 71713170 32 15 12  6  6  3  6  5 110.63  0070.80
641111179625 7172720 7 71013107  3  6 12  7  3  3  4  5  50.21  0070.80
641112179626233317 717202323163  9 18  6  3  6  7  9  9  80.52  9071.40
641113179627101717131317 3 0 90  4  6  6  5  5  6  2  0  40.10  7071.30
6411141797 1 0 0 3 0 0 3 3 0 10  0  0  2  0  0  2  2  0  10.00 17071.80
6411151797 2 0 3 72037333043173  0  2  3  7 22 18 15 32 120.73  8071.50
6411161797 32723302313202027183 12  9 15  9  5  7  7 12 100.52 16071.20
6411171797 4231317 7101713 7107  9  5  6  3  4  6  5  3  50.21 15074.60
6411181797 520 317 7 0171323100  7  2  6  3  0  6  5  9  50.21 19074.10
6411191797 61710 7 3 0 0 3 3 43  6  4  3  2  0  0  2  2  20.00 12074.00
6411201797 71313 017 3 3 0 7 57  5  5  0  6  2  2  0  3  30.10 19074.90
6411211797 8 3 3 7 3 7 3 717 50  2  2  3  2  3  2  3  6  30.10 21072.80
6411221797 91710102310131327123  6  4  4  9  4  5  5 12  60.31  8072.40
6411231797103037374743332310260 15 22 22 39 32 18  9  4 201.05  0070.80
64112417971113 71010 3 0 0 3 47  5  3  4  4  2  0  0  2  20.00  8070.20
641125179712 0 0 0 0 3 717 7 33  0  0  0  0  2  3  6  3  20.00  9070.50
6411261797131033103033301720183  4 18  4 15 18 15  6  7 110.63  0068.90
6411271797141013 7 0 3 32023 80  4  5  3  0  2  2  7  9  40.10  0070.60
6411281797153023202020333013190 15  9  7  7  7 18 15  5 100.63  7069.70
641129179716 0 0 0 3 0101037 60  0  0  0  2  0  4  4 22  40.10  0072.00
64113017971743332717 7 7 723163 32 18 12  6  3  3  3  9 110.63  0072.50
6412011797182720232723231313170 12  7  9 12  9  9  5  5  80.52  0075.00
64120217971910 713 7 0 0 713 57  4  3  5  3  0  0  3  5  30.10  0075.00
641203179720 010 71317132710 97  0  4  3  5  6  5 12  4  50.21  0075.70
641204179721 7 7 0 7102017 7 73  3  3  0  3  4  7  6  3  40.10  0076.90
64120517972210 7 0 7 0 0 3 7 33  4  3  0  3  0  0  2  3  20.00  7076.50
641206179723 0 0 3 0 3 32320 53  0  0  2  0  2  2  9  7  30.00  0075.70
641207179724 710 72730332333170  3  4  3 12 15 18  9 18 100.63  0075.00
641208179725273017 710 713 7117 12 15  6  3  4  3  5  3  60.31  8076.20
641209179726 3171713 7 7 727 97  2  6  6  5  3  3  3 12  50.21  7076.30
641210179727131313 3 3 0 7 0 53  5  5  5  2  2  0  3  0  30.00 10077.20
6412111798 1 0 3 7 7 7 31013 50  0  2  3  3  3  2  4  5  30.00 12078.30
6412121798 2 0 3 7 3 7 0 7 7 33  0  2  3  2  3  0  3  3  20.00 16075.60
6412131798 3 713 71320373317147  3  5  3  5  7 22 18  6  90.52 10076.70
6412141798 42010202313202020147  7  4  7  9  5  7  7  7  70.31 17076.60
6412151798 530332010171010 3133 15 18  7  4  6  4  4  2  80.42 10077.20
6412161798 62723202753201727213 12  9  7 12 56  7  6 12 150.94 17078.70
6412171798 74737303013172023217 39 22 15 15  5  6  7  9 150.84 27078.40
6412181798 82717171010 31017110 12  6  6  4  4  2  4  6  60.21 28078.70
6412191798 91720131320303320167  6  7  5  5  7 15 18  7  90.52 30079.70
641220179810 3 0 020 7 72020 77  2  0  0  7  3  3  7  7  40.10 29078.30
64122117981110 317101020 7 3 80  4  2  6  4  4  7  3  2  40.10 23076.80
6412221798121310 3 3 710 310 60  5  4  2  2  3  4  2  4  30.10 26076.20
641223179813 72020 710 7 313 87  3  7  7  3  4  3  2  5  40.10 16074.70
641224179814 0 310 0 3131313 57  0  2  4  0  2  5  5  5  30.10 18073.70
641225179815 0 0 3 713131730 83  0  0  2  3  5  5  6 15  40.21 19073.70
64122617981633 7 0 313 7 7 7 77 18  3  0  2  5  3  3  3  50.21 14072.70
641227179817 7 0 0 7 3 3 713 40  3  0  0  3  2  2  3  5  20.00 19075.00
64122817981813 7 0 0 0 32017 60  5  3  0  0  0  2  7  6  30.10 28076.00
64122917981913 727101010 3 0 80  5  3 12  4  4  4  2  0  40.10 38076.40
64123017982013 3 3 3 0 3 0 3 30  5  2  2  2  0  2  0  2  20.00 21075.40
64123117982110 710 3 3 7 7 3 50  4  3  4  2  2  3  3  2  30.10 19077.20
