650101179822 0 7 7 3 3101017 57  0  3  3  2  2  4  4  6  30.10 23084.10
6501021798232320132030302733197  9  7  5  7 15 15 12 18 110.63 26082.80
65010317982440 31310 327 7 7110 27  2  5  4  2 12  3  3  70.42 31080.70
65010417982510 0 71013102017 87  4  0  3  4  5  4  7  6  40.10 31079.30
65010517982613 0 0 3 720 0 7 50  5  0  0  2  3  7  0  3  20.00 26078.60
650106179827 7 0 7 7 7 0 3 7 37  3  0  3  3  3  0  2  3  20.00 19079.00
6501071799 1 013 3 717231020 93  0  5  2  3  6  9  4  7  40.21 18076.90
6501081799 24313232733271727210 32  5  9 12 18 12  6 12 130.84 17076.10
6501091799 3132710 713132033137  5 12  4  3  5  5  7 18  70.42 11075.30
6501101799 4101010 713201723110  4  4  4  3  5  7  6  9  50.21  8074.70
6501111799 51310 0 0 3 3 0 3 33  5  4  0  0  2  2  0  2  20.00  7073.80
6501121799 61017103033332337193  4  6  4 15 18 18  9 22 120.73  0073.80
6501131799 74337272023232013207 32 22 12  7  9  9  7  5 130.73  0073.70
6501141799 8172317232317 7 7133  6  9  6  9  9  6  3  3  60.31  7073.10
6501151799 913231020171717 7123  5  9  4  7  6  6  6  3  60.31  8073.40
650116179910 3 0 7 7 7 7 317 50  2  0  3  3  3  3  2  6  30.00  7072.30
65011717991117 3 72337332727173  6  2  3  9 22 18 12 12 100.63  7072.20
650118179912 7271710 3 71017 97  3 12  6  4  2  3  4  6  50.21 20073.10
650119179913171713 0 3 3 727 87  6  6  5  0  2  2  3 12  40.21 22072.50
65012017991410 3 7 0 0203040110  4  2  3  0  0  7 15 27  70.42 28074.70
650121179915404013 313 71313143 27 27  5  2  5  3  5  5 100.63 23075.20
6501221799162737572727302320247 12 22 67 12 12 15  9  7 201.05 22075.30
6501231799172027232013 71720147  7 12  9  7  5  3  6  7  70.42 13074.20
65012417991810 3 3 0 3 0 3 7 30  4  2  2  0  2  0  2  3  20.00 19074.90
650125179919 713 3 0 0 0 3 7 33  3  5  2  0  0  0  2  3  20.00 18074.10
650126179920 7 013131010 0 3 57  3  0  5  5  4  4  0  2  30.10 18074.50
650127179921132317 713201020123  5  9  6  3  5  7  4  7  60.31 34077.70
65012817992223 7 31317 31717100  9  3  2  5  6  2  6  6  50.21 17076.00
6501291799232710 3 71010 720 93 12  4  2  3  4  4  3  7  50.21 25077.50
6501301799242713 717 7 7 0 7 83 12  5  3  6  3  3  0  3  40.21 22079.50
65013117992510 7 0 7 0 01317 53  4  3  0  3  0  0  5  6  30.00 15078.60
65020117992627201010 0 0 0 3 70 12  7  4  4  0  0  0  2  40.10 14077.00
650202179927 317 7 0 0 3 710 47  2  6  3  0  0  2  3  4  20.00 13077.60
6502031800 1101310 710 3 730 90  4  5  4  3  4  2  3 15  50.21 13077.30
6502041800 23023232720232717190 15  9  9 12  7  9 12  6 100.63 13076.00
6502051800 31713 71013171713107  6  5  3  4  5  6  6  5  50.21 10074.90
6502061800 4301317 330473323197 15  5  6  2 15 39 18  9 140.84 23074.90
6502071800 53753573340433027320 22 56 67 18 27 32 15 12 311.36 23076.00
6502081800 613 71317 7205053180  5  3  5  6  3  7 48 56 170.94 17074.00
6502091800 72720102330332320187 12  7  4  9 15 18  9  7 100.63 23074.00
6502101800 82333273327232023210  9 18 12 18 12  9  7  9 120.73 17074.50
6502111800 92027401013202720177  7 12 27  4  5  7 12  7 100.63 17072.40
6502121800102013101710 3 3 0 77  7  5  4  6  4  2  2  0  40.10 23071.80
650213180011 7 01310 7131717 83  3  0  5  4  3  5  6  6  40.10 25071.20
6502141800121727333723132720197  6 12 18 22  9  5 12  7 110.73 16070.70
6502151800133020101730401730193 15  7  4  6 15 27  6 15 120.73 23071.30
650216180014233010171313 713127  9 15  4  6  5  5  3  5  60.31 15072.00
65021718001517 0 01017 0 0 7 50  6  0  0  4  6  0  0  3  20.00  8072.20
650218180016 0 0 0 313101030 67  0  0  0  2  5  4  4 15  40.10  8071.00
650219180017 317 3 710 7 720 73  2  6  2  3  4  3  3  7  40.10  0071.20
6502201800181710131013201017110  6  4  5  4  5  7  4  6  50.21  0070.30
6502211800192347233333333027250  9 39  9 18 18 18 15 12 170.94  7070.60
65022218002020 710 7 7 71723 97  7  3  4  3  3  3  6  9  50.21  0070.90
6502231800212017172733434737240  7  6  6 12 18 32 39 22 181.05  0072.00
6502241800223030202720131733190 15 15  7 12  7  5  6 18 110.63 13073.50
6502251800235023232717131030193 48  9  9 12  6  5  4 15 140.84 15073.20
6502261800242020271717231713153  7  7 12  6  6  9  6  5  70.42 22072.90
6502271800252313102730271027167  9  5  4 12 15 12  4 12  90.52 23075.20
6502281800262720 71313202013133 12  7  3  5  5  7  7  5  60.31 18075.40
6503011800271013 31323331713127  4  5  2  5  9 18  6  5  70.31 16075.50
6503021801 1 013131320333320147  0  5  5  5  7 18 18  7  80.42  7074.40
6503031801 23337403033474740307 18 22 27 15 18 39 39 27 261.26  0074.10
6503041801 340604033201310 7223 27 80 27 18  7  5  4  3 211.15  8074.20
6503051801 4 0 7203320172017133  0  3  7 18  7  6  7  6  70.31 13075.30
6503061801 51010 3 7 3102023 87  4  4  2  3  2  4  7  9  40.21 26075.90
6503071801 630171717232010 3137 15  6  6  6  9  7  4  2  70.31 26076.30
6503081801 7 3 3 710 7 3 3 0 37  2  2  3  4  3  2  2  0  20.00  7073.70
6503091801 810 717 717 7 313 80  4  3  6  3  6  3  2  5  40.10  0072.30
6503101801 913 0 0 310 0 3 0 30  5  0  0  2  4  0  2  0  20.00 12072.40
650311180110171310 7 3 710 3 70  6  5  4  3  2  3  4  2  40.10  9071.30
650312180111 0 3 3 023132320 87  0  2  2  0  9  5  9  7  40.10 18072.90
65031318011217202333332713 3170  6  7  9 18 18 12  5  2 100.52 16075.00
650314180113 320101023172027130  2  7  4  4  9  6  7 12  60.31 17074.10
6503151801143320332713273310197 18  7 18 12  5 12 18  4 120.73 12072.10
6503161801151320 310 3 3 323 80  5  7  2  4  2  2  2  9  40.10  9070.80
650317180116 7101310172320 3103  3  4  5  4  6  9  7  2  50.21 11071.10
650318180117 3 3 7 0 7 3 0 0 23  2  2  3  0  3  2  0  0  20.00 22074.60
650319180118 0 3171713 3 717 77  0  2  6  6  5  2  3  6  40.10 17076.70
65032018011920 0 32023 71713103  7  0  2  7  9  3  6  5  50.21 19074.10
6503211801202710101727171333153 12  4  4  6 12  6  5 18  80.52  9073.80
650322180121 7 3 7 3 7133040110  3  2  3  2  3  5 15 27  80.42  0072.40
6503231801222037433030435043297  7 22 32 15 15 32 48 32 251.26  0072.80
6503241801231317304037202023200  5  6 15 27 22  7  7  9 120.73  7072.30
6503251801242033504323174023250  7 18 48 32  9  6 27  9 201.05 17073.60
6503261801254330372317172023210 32 15 22  9  6  6  7  9 130.84 10073.20
6503271801262723271713203013170 12  9 12  6  5  7 15  5  90.52 18072.00
650328180127 7202713 713 3 3 93  3  7 12  5  3  5  2  2  50.21 12071.70
6503291802 1201713 720172010123  7  6  5  3  7  6  7  4  60.31  9072.00
6503301802 2 0 0 3 7101010 3 43  0  0  2  3  4  4  4  2  20.00  9071.50
6503311802 313201317 3 3 310 83  5  7  5  6  2  2  2  4  40.10  8071.70
6504011802 4231713 310 7 7 3 83  9  6  5  2  4  3  3  2  40.10  0071.20
6504021802 5 31010 7 0 3 0 7 40  2  4  4  3  0  2  0  3  20.00  0071.70
6504031802 6 010 7 313 7 7 7 53  0  4  3  2  5  3  3  3  30.10  0071.40
6504041802 7 3202720232010 3127  2  7 12  7  9  7  4  2  60.31  0071.20
6504051802 8 327 7 3 3 3 710 63  2 12  3  2  2  2  3  4  40.10  0070.90
6504061802 9132013 723271723143  5  7  5  3  9 12  6  9  70.42  0071.10
650407180210303313132717 710150 15 18  5  5 12  6  3  4  80.52  0071.00
65040818021110 3 3 71010 717 67  4  2  2  3  4  4  3  6  40.10  0070.80
650409180212304030 7 7201727177 15 27 15  3  3  7  6 12 110.63  0072.10
65041018021333201017 3 3 7 7100 18  7  4  6  2  2  3  3  60.31  0073.50
650411180214171010 710303713133  6  4  4  3  4 15 22  5  80.42  0074.20
6504121802152323 7 713102723133  9  9  3  3  5  4 12  9  70.31  9073.80
650413180216272017 71010 3 7100 12  7  6  3  4  4  2  3  50.21  9074.10
6504141802171720 7101713 310 97  6  7  3  4  6  5  2  4  50.21 15075.90
6504151802181320 7 3 717 710 83  5  7  3  2  3  6  3  4  40.10 27075.50
6504161802191713 7 7 7 710 3 70  6  5  3  3  3  3  4  2  40.10 18075.20
650417180220 0 3 7 330434020147  0  2  3  2 15 32 27  7 110.63 17073.80
6504181802214070776353433323403 27132179 94 56 32 18  9 681.77  8073.60
6504191802223017133027372737217 15  6  5 15 12 22 12 22 140.84  7074.80
6504201802233023202737131017177 15  9  7 12 22  5  4  6 100.63  7073.10
65042118022413 0 0 7101310 7 60  5  0  0  3  4  5  4  3  30.10  9073.80
650422180225 713 72010 7 327 93  3  5  3  7  4  3  2 12  50.21 15073.50
650423180226 7101310 717 723 93  3  4  5  4  3  6  3  9  50.21 17074.00
6504241802272010 7202317 3 0100  7  4  3  7  9  6  2  0  50.21 10071.70
6504251803 1 71310 7 7171013 83  3  5  4  3  3  6  4  5  40.10  7070.50
6504261803 230 7101310202013123 15  3  4  5  4  7  7  5  60.31 11070.00
6504271803 313101013131713 7 97  5  4  4  5  5  6  5  3  50.21 10070.10
6504281803 41310 7 3 710 7 0 57  5  4  3  2  3  4  3  0  30.10  8070.50
6504291803 5 0131010 3172710 90  0  5  4  4  2  6 12  4  50.21  0071.20
6504301803 6201720 7 7131010103  7  6  7  3  3  5  4  4  50.21  0071.00
6505011803 713 7 713 7 710 7 70  5  3  3  5  3  3  4  3  40.10  0072.20
6505021803 8 7 0 0 0 3 7 3 7 27  3  0  0  0  2  3  2  3  20.00 14072.00
6505031803 910 7 7 31010 0 3 50  4  3  3  2  4  4  0  2  30.00  8071.90
650504180310 313 7 7 3171320 83  2  5  3  3  2  6  5  7  40.10  8070.90
6505051803114350533323332333293 32 48 56 18  9 18  9 18 261.26  7070.20
65050618031220 7231020101323127  7  3  9  4  7  4  5  9  60.31  0071.70
6505071803133023 71310 313 0100 15  9  3  5  4  2  5  0  50.21 11072.70
6505081803141010131713273343167  4  4  5  6  5 12 18 32 110.63 15073.40
6505091803154337171313 72027177 32 22  6  5  5  3  7 12 120.73  9073.80
65051018031630232717 7 71317140 15  9 12  6  3  3  5  6  70.42  0073.50
650511180317 3 0 0 3 3 7 710 33  2  0  0  2  2  3  3  4  20.00  0072.60
65051218031820231310 7 3 310 90  7  9  5  4  3  2  2  4  40.21 15073.30
650513180319 0 3 7 7 710 710 50  0  2  3  3  3  4  3  4  30.00 21076.00
650514180320 7 7 3 3 7 710 3 47  3  3  2  2  3  3  4  2  30.00 15077.00
65051518032113 3 31010101320 83  5  2  2  4  4  4  5  7  40.10 30082.30
6505161803222327333753231323233  9 12 18 22 56  9  5  9 181.05 36088.30
65051718032317202013101013 3107  6  7  7  5  4  4  5  2  50.21 55093.20
650518180324 720 7 7 3101013 77  3  7  3  3  2  4  4  5  40.10 72092.50
650519180325 7 7 710 3 3 0 7 43  3  3  3  4  2  2  0  3  20.00 75094.60
650520180326 3 7 3 310171017 70  2  3  2  2  4  6  4  6  40.10 72097.00
6505211803271713 3 713172020110  6  5  2  3  5  6  7  7  50.21 70095.10
6505221804 120171010 7202313120  7  6  4  4  3  7  9  5  60.31 62094.50
6505231804 2131023101010 320100  5  4  9  4  4  4  2  7  50.21 50088.40
6505241804 31710231010202310123  6  4  9  4  4  7  9  4  60.31 43087.30
6505251804 4 3 3 7 7 71010 7 53  2  2  3  3  3  4  4  3  30.10 30083.10
6505261804 5 71010 7 3101720 83  3  4  4  3  2  4  6  7  40.10 22080.00
6505271804 62317101310201317123  9  6  4  5  4  7  5  6  60.31  7078.10
6505281804 7 710 320202317 7107  3  4  2  7  7  9  6  3  50.21  0076.50
6505291804 810 3 7 31010 710 60  4  2  3  2  4  4  3  4  30.10  0075.70
6505301804 9 7 7 3 71010 7 3 53  3  3  2  3  4  4  3  2  30.10  0076.10
650531180410 7 71017131010 7 80  3  3  4  6  5  4  4  3  40.10  0073.60
650601180411 7 3101017131720 97  3  2  4  4  6  5  6  7  50.21  9072.80
6506021804121010131017132720120  4  4  5  4  6  5 12  7  60.31 24075.80
650603180413 7 3 3 310204333123  3  2  2  2  4  7 32 18  90.52 36077.40
650604180414 717173030302733190  3  6  6 15 15 15 12 18 110.63 38080.50
6506051804153027171010 71010120 15 12  6  4  4  3  4  4  60.31 34080.60
650606180416 713 71713132010100  3  5  3  6  5  5  7  4  50.21 30080.80
6506071804171710 0101010 3 0 60  6  4  0  4  4  4  2  0  30.10 32079.50
650608180418 7 7231717203337160  3  3  9  6  6  7 18 22  90.52 24080.80
6506091804193337271727302317210 18 22 12  6 12 15  9  6 120.73 23081.40
65061018042013 7 3 3 3 0 0 0 30  5  3  2  2  2  0  0  0  20.00  9080.70
650611180421 0 7 3 710172720 90  0  3  2  3  4  6 12  7  50.21  7078.90
650612180422 710101010 7 3 7 63  3  4  4  4  4  3  2  3  30.10  0078.40
650613180423 3 3 310 0 0 3 3 27  2  2  2  4  0  0  2  2  20.00  0079.20
650614180424 310101717202723127  2  4  4  6  6  7 12  9  60.31 14078.50
6506151804251317133340334743240  5  6  5 18 27 18 39 32 191.05  0079.10
6506161804265047505070636757453 48 39 48 48132 94111 67 731.87  0078.40
6506171804275350473037301757320 56 48 39 15 22 15  6 67 341.36 12078.80
6506181805 143301017 3103323170 32 15  4  6  2  4 18  9 110.63 25080.70
6506191805 2171010 3 3 0 0 0 43  6  4  4  2  2  0  0  0  20.00 16077.30
6506201805 3 3 0 3 3 3 710 0 30  2  0  2  2  2  3  4  0  20.00 21078.50
6506211805 4 3 3 0 3 3 3 0 3 20  2  2  0  2  2  2  0  2  20.00 19078.40
6506221805 5 710 71310 7 713 73  3  4  3  5  4  3  3  5  40.10 14080.80
6506231805 617 3 3 7 710 7 0 53  6  2  2  3  3  4  3  0  30.10  7082.90
6506241805 7 7 3 3 3 71310 3 50  3  2  2  2  3  5  4  2  30.10  7080.70
6506251805 8 310 71033403323160  2  4  3  4 18 27 18  9 110.63  7081.90
6506261805 930272020 7103033177 15 12  7  7  3  4 15 18 100.63  7081.30
650627180510302017171710 7 7123 15  7  6  6  6  4  3  3  60.31  8080.30
650628180511 313 71010 7 7 7 63  2  5  3  4  4  3  3  3  30.10 23079.30
6506291805122023332723272327203  7  9 18 12  9 12  9 12 110.63 18079.00
6506301805131723302730203043220  6  9 15 12 15  7 15 32 140.84 14079.60
6507011805143320303023173330217 18  7 15 15  9  6 18 15 130.73 18078.60
6507021805151717201317101013117  6  6  7  5  6  4  4  5  50.21 20078.10
650703180516231313 7 7 72020110  9  5  5  3  3  3  7  7  50.21 19078.80
65070418051710 710 3 3 71013 63  4  3  4  2  2  3  4  5  30.10 17078.50
65070518051810 7 710 3 3 710 57  4  3  3  4  2  2  3  4  30.10  8077.90
6507061805191747374040331717247  6 39 22 27 27 18  6  6 191.05 17081.10
6507071805202320171710132330153  9  7  6  6  4  5  9 15  80.42 22084.20
6507081805214040172027434043270 27 27  6  7 12 32 27 32 211.15 29083.70
6507091805223737102020232730203 22 22  4  7  7  9 12 15 120.73 33084.10
650710180523304733303013 710200 15 39 18 15 15  5  3  4 140.84 29083.00
650711180524 310 3 0 7 7 3 7 40  2  4  2  0  3  3  2  3  20.00 35082.60
650712180525 3 3 0 3 7203320 90  2  2  0  2  3  7 18  7  50.21 30080.80
65071318052613131020171717 7113  5  5  4  7  6  6  6  3  50.21 23078.80
6507141805271710 7 3 3131017 80  6  4  3  2  2  5  4  6  40.10 12077.20
6507151806 11717233030131330173  6  6  9 15 15  5  5 15 100.52 11077.00
6507161806 220 710 3 7 7 7 7 67  7  3  4  2  3  3  3  3  40.10  8074.50
6507171806 3 3 0 3 7 7 313 0 37  2  0  2  3  3  2  5  0  20.00  7074.30
6507181806 4 0 0 3 3 7373013 93  0  0  2  2  3 22 15  5  60.31  0074.30
6507191806 52323403027272720217  9  9 27 15 12 12 12  7 130.73  0074.90
6507201806 610 3101710172020107  4  2  4  6  4  6  7  7  50.21  0075.40
6507211806 7231310 0 3 3 7 0 60  9  5  4  0  2  2  3  0  30.10  0074.90
6507221806 8 7 710 7 7 71327 83  3  3  4  3  3  3  5 12  40.21  0073.80
6507231806 92327231337303033217  9 12  9  5 22 15 15 18 130.84  0073.20
6507241806101720232723132010153  6  7  9 12  9  5  7  4  70.42  0072.30
65072518061127172310101010 3110 12  6  9  4  4  4  4  2  60.31  7072.20
650726180612 3131010 7 7 710 67  2  5  4  4  3  3  3  4  40.10  0071.60
6507271806131317201720232723160  5  6  7  6  7  9 12  9  80.42  7072.20
6507281806143733472323202323230 22 18 39  9  9  7  9  9 150.94  0072.80
6507291806151730332030273013200  6 15 18  7 15 12 15  5 120.73  0073.30
650730180616171310 3 3 7 723 83  6  5  4  2  2  3  3  9  40.10  9073.30
650731180617 7 7 7 7 3 710 7 53  3  3  3  3  2  3  4  3  30.10  7072.80
650801180618 310 3 3 3132723 87  2  4  2  2  2  5 12  9  50.21  0074.20
6508021806191020232733302723193  4  7  9 12 18 15 12  9 110.63  0075.20
65080318062020201713202317 7137  7  7  6  5  7  9  6  3  60.31 15079.60
650804180621171013 720271327133  6  4  5  3  7 12  5 12  70.31 14080.70
650805180622 7 3 31013131717 83  3  2  2  4  5  5  6  6  40.10  0078.50
65080618062310 710 310 7 7 7 60  4  3  4  2  4  3  3  3  30.10 16081.00
650807180624 7 7172017201723127  3  3  6  7  6  7  6  9  60.31  7081.80
650808180625232010 717132010120  9  7  4  3  6  5  7  4  60.31 31079.40
650809180626 713 31323232327133  3  5  2  5  9  9  9 12  70.31 12079.70
650810180627 71310171710 710 90  3  5  4  6  6  4  3  4  40.21 14078.20
6508111807 1233010 7 7101323123  9 15  4  3  3  4  5  9  60.31 16078.80
6508121807 220202010 7171320127  7  7  7  4  3  6  5  7  60.31 13077.90
6508131807 3 0 3 3 3 3 71313 47  0  2  2  2  2  3  5  5  30.00  8076.80
6508141807 42020202027131723160  7  7  7  7 12  5  6  9  80.42  7075.60
6508151807 510101310 7 72727110  4  4  5  4  3  3 12 12  60.31  0074.30
6508161807 627 717 7 3103027127 12  3  6  3  2  4 15 12  70.42  0075.60
6508171807 72330233330102717193  9 15  9 18 15  4 12  6 110.63  0074.20
6508181807 817 0 01020336347190  6  0  0  4  7 18 94 39 211.15  7075.00
6508191807 93750532040333337303 22 48 56  7 27 18 18 22 271.26  7076.10
6508201807102320333030272750240  9  7 18 15 15 12 12 48 170.94  7075.40
650821180711403730302310 7 3180 27 22 15 15  9  4  3  2 120.73  7075.30
650822180712 3 7102017131323107  2  3  4  7  6  5  5  9  50.21  0074.50
65082318071320 0 3 3 7333040137  7  0  2  2  3 18 15 27  90.52  0074.60
6508241807144030402710 7 733193 27 15 27 12  4  3  3 18 140.84  8074.30
6508251807154030301717272723210 27 15 15  6  6 12 12  9 130.73  0073.70
650826180716331720171713 317137 18  6  7  6  6  5  2  6  70.42  8073.50
65082718071713 7171317102023120  5  3  6  5  6  4  7  9  60.31 14076.00
650828180718201010 3 7 3 7 3 63  7  4  4  2  3  2  3  2  30.10 12074.70
650829180719102013 3 7 73013103  4  7  5  2  3  3 15  5  60.21 16075.60
6508301807203720201310132313150 22  7  7  5  4  5  9  5  80.42 15076.40
6508311807212730333323131320193 12 15 18 18  9  5  5  7 110.63 22076.30
650901180722102323 3 7132017117  4  9  9  2  3  5  7  6  60.31 20076.90
6509021807232017101717101017117  7  6  4  6  6  4  4  6  50.21 20077.30
650903180724 3 3 3 3 3101030 67  2  2  2  2  2  4  4 15  40.10 21078.00
6509041807253027273740273323243 15 12 12 22 27 12 18  9 160.94 22078.10
6509051807263023271723132313170 15  9 12  6  9  5  9  5  90.52 22080.10
6509061807272017131323372723173  7  6  5  5  9 22 12  9  90.52 19078.40
6509071808 11020101320301027140  4  7  4  5  7 15  4 12  70.42 23079.00
6509081808 21713 7 710 7 7 3 70  6  5  3  3  4  3  3  2  40.10 22079.80
6509091808 3 710 3 3 3 7 310 47  3  4  2  2  2  3  2  4  30.00 18077.30
6509101808 4 3 7 310 3 7 710 50  2  3  2  4  2  3  3  4  30.10 15076.70
6509111808 5 3 3 710 7131317 73  2  2  3  4  3  5  5  6  40.10 19076.80
6509121808 64033 71010232327173 27 18  3  4  4  9  9 12 110.63 17076.30
6509131808 73717 7 713 7 710103 22  6  3  3  5  3  3  4  60.31 17076.00
6509141808 813 0 0 7 7 31013 53  5  0  0  3  3  2  4  5  30.00  8076.20
6509151808 91717231317433743210  6  6  9  5  6 32 22 32 150.84  8075.90
6509161808105337534350334333347 56 22 56 32 48 18 32 18 351.46 16074.70
6509171808113333403030373327263 18 18 27 15 15 22 18 12 181.05  8074.70
6509181808123033131330333743233 15 18  5  5 15 18 22 32 160.94  9073.90
6509191808132333402733373720250  9 18 27 12 18 22 22  7 170.94  7073.60
65092018081410 7201713131320113  4  3  7  6  5  5  5  7  50.21  0073.60
650921180815231310 7 3102020107  9  5  4  3  2  4  7  7  50.21  0073.20
65092218081610172010 3101713100  4  6  7  4  2  4  6  5  50.21  0071.90
6509231808171713172030372320177  6  5  6  7 15 22  9  7 100.52 11072.50
6509241808182037302320 31723173  7 22 15  9  7  2  6  9 100.52 17076.80
6509251808193737231030271023197 22 22  9  4 15 12  4  9 120.73 13076.50
6509261808201733232023171330177  6 18  9  7  9  6  5 15  90.52 17077.70
6509271808213713 01717374753220 22  5  0  6  6 22 39 56 201.05 24079.00
6509281808225747433330234027300 67 39 32 18 15  9 27 12 271.26 23081.10
650929180823 710231713271323133  3  4  9  6  5 12  5  9  70.31 37087.90
650930180824102310 3 3 3 0 0 53  4  9  4  2  2  2  0  0  30.10 50089.50
651001180825 0 0 0 3 3 3 313 27  0  0  0  2  2  2  2  5  20.00 52092.60
6510021808263337302023303040243 18 22 15  7  9 15 15 27 160.94 63093.70
651003180827 3101010 3 7 7 7 57  2  4  4  4  2  3  3  3  30.10 60096.50
6510041809 1 3 7 0 0 0 3 0 0 13  2  3  0  0  0  2  0  0  10.00 62097.90
6510051809 2271720103317 710140 12  6  7  4 18  6  3  4  80.42 55091.90
6510061809 3 3 7 3 0 3 3 7 0 27  2  3  2  0  2  2  3  0  20.00 39085.50
6510071809 4 0 0 72720232023120  0  0  3 12  7  9  7  9  60.31 27083.90
6510081809 54730301327132733220 39 15 15  5 12  5 12 18 150.94  7083.10
6510091809 623131310 7 0 7 3 77  9  5  5  4  3  0  3  2  40.10  8083.60
6510101809 7 31010 3 3 313 7 53  2  4  4  2  2  2  5  3  30.10 13080.50
6510111809 8 7 3 310 7101010 60  3  2  2  4  3  4  4  4  30.10  8076.10
6510121809 920231317131720 3127  7  9  5  6  5  6  7  2  60.31  9074.90
6510131809102027201017133010147  7 12  7  4  6  5 15  4  80.42  8075.80
651014180911202710231310 010113  7 12  4  9  5  4  0  4  60.31  7074.70
651015180912 7 7 3 7 0 0 3 0 27  3  3  2  3  0  0  2  0  20.00  0073.80
651016180913 0 0 7 3 3 3 7 7 30  0  0  3  2  2  2  3  3  20.00  7072.30
651017180914 0 0 0 713 3 313 40  0  0  0  3  5  2  2  5  20.00  0072.50
6510181809153017201317 3 7 0107 15  6  7  5  6  2  3  0  60.21  0072.10
651019180916 0 31320171010 3 77  0  2  5  7  6  4  4  2  40.10 10071.70
651020180917 3 0 710 0 01013 43  2  0  3  4  0  0  4  5  20.00 12072.50
651021180918 3 310 7 0 0 0 0 23  2  2  4  3  0  0  0  0  10.00 15073.10
6510221809192010203313404323203  7  4  7 18  5 27 32  9 140.84 26076.00
6510231809202333373340333730267  9 18 22 18 27 18 22 15 191.05 23078.50
6510241809213733231730373023230 22 18  9  6 15 22 15  9 140.84 16076.00
6510251809223033202727271723203 15 18  7 12 12 12  6  9 110.73 24077.60
65102618092340171310 0 7 720113 27  6  5  4  0  3  3  7  70.31 17077.80
6510271809241310131720201327133  5  4  5  6  7  7  5 12  60.31 17077.60
6510281809254027134040132317213 27 12  5 27 27  5  9  6 150.84  9076.80
6510291809262013 7 0 3101027 90  7  5  3  0  2  4  4 12  50.21  8076.20
6510301809272027302310172310160  7 12 15  9  4  6  9  4  80.42  8075.70
6510311810 1231317 3 7232320130  9  5  6  2  3  9  9  7  60.31 14077.50
6511011810 2 7 310 7 7172020 90  3  2  4  3  3  6  7  7  40.21 29078.30
6511021810 323 7 7102020 717110  9  3  3  4  7  7  3  6  50.21 28078.90
6511031810 410 0 3 3 0 0 0 3 20  4  0  2  2  0  0  0  2  10.00 20080.60
6511041810 5302017332017 7 0143 15  7  6 18  7  6  3  0  80.42 13079.20
6511051810 61017 72323333347193  4  6  3  9  9 18 18 39 130.84 13077.30
6511061810 74340272720133040240 32 27 12 12  7  5 15 27 170.94 29080.00
6511071810 837172333 7171317163 22  6  9 18  3  6  5  6  90.52 40084.40
6511081810 910 3 7 7 7132017 83  4  2  3  3  3  5  7  6  40.10 46079.70
6511091810103010101010 3 3 3 80 15  4  4  4  4  2  2  2  50.21 38081.30
651110181011 0 0 0 3 0 0 3 0  7  0  0  0  2  0  0  2  0  00.00 41083.30
651111181012 3 0 0 3 3172013 60  2  0  0  2  2  6  7  5  30.10 40083.40
651112181013 0 0 0 317101020 60  0  0  0  2  6  4  4  7  30.10 26079.90
6511131810141723 71010 73043147  6  9  3  4  4  3 15 32 100.52 17076.40
651114181015 0 313 3 31313 3 53  0  2  5  2  2  5  5  2  30.10 16075.10
6511151810161317 0 0 0 313 0 47  5  6  0  0  0  2  5  0  20.00 10075.70
651116181017 0 7 3 0 0 3 0 3 17  0  3  2  0  0  2  0  2  10.00  9073.20
651117181018 720171010 3 310 80  3  7  6  4  4  2  2  4  40.10  7073.50
6511181810191730 31317102310123  6 15  2  5  6  4  9  4  60.31  0074.10
6511191810201023372727232317187  4  9 22 12 12  9  9  6 100.63  0072.50
6511201810213730373333303023253 22 15 22 18 18 15 15  9 170.94  0071.80
6511211810223330301720201313177 18 15 15  6  7  7  5  5 100.52  0071.30
651122181023172013 7 710 710 90  6  7  5  3  3  4  3  4  40.21  7071.00
651123181024 7 3 0 0 0 0 710 27  3  2  0  0  0  0  3  4  20.00  0070.50
651124181025101017 310 71713 87  4  4  6  2  4  3  6  5  40.10  7070.40
651125181026 7 310 3 3172720 90  3  2  4  2  2  6 12  7  50.21  0069.60
651126181027 7101013 717 7 7 77  3  4  4  5  3  6  3  3  40.10  7070.90
6511271811 113 710 3 3232010 90  5  3  4  2  2  9  7  4  40.21  0073.10
6511281811 210 0 0 0 7 713 3 40  4  0  0  0  3  3  5  2  20.00  8075.90
6511291811 3 313 3 3 3131013 63  2  5  2  2  2  5  4  5  30.10  8072.90
6511301811 4 3 3 72037333340177  2  2  3  7 22 18 18 27 120.73 15074.00
6512011811 52710232343404340250 12  4  9  9 32 27 32 27 191.05 13074.50
6512021811 63033172313202313173 15 18  6  9  5  7  9  5  90.52  8074.00
6512031811 713 0 0 3 3 7 317 47  5  0  0  2  2  3  2  6  20.00  8073.90
6512041811 82013172030333323190  7  5  6  7 15 18 18  9 110.63  8073.40
6512051811 91313 3 7 3 3 0 7 50  5  5  2  3  2  2  0  3  30.00  8074.40
65120618111010 3 7 3 3 71010 53  4  2  3  2  2  3  4  4  30.10  8075.10
65120718111113102310 7 0 0 0 63  5  4  9  4  3  0  0  0  30.10  8074.20
651208181112 3 3 7 0 3202017 73  2  2  3  0  2  7  7  6  40.10 15075.70
6512091811132010102033 31010117  7  4  4  7 18  2  4  4  60.31  7073.90
65121018111417 3 3 717273043147  6  2  2  3  6 12 15 32 100.52  7074.20
6512111811152733231310272330187 12 18  9  5  4 12  9 15 100.63  0074.40
6512121811163027131727203010173 15 12  5  6 12  7 15  4 100.52  0074.70
651213181117232723102017 7 3130  9 12  9  4  7  6  3  2  60.31 14072.90
651214181118 010 0 3 7 7 313 43  0  4  0  2  3  3  2  5  20.00  0073.50
651215181119 7 3 0 3 3 0 0 0 17  3  2  0  2  2  0  0  0  10.00 14075.60
651216181120 7 0 0 3 3 0 0 0 13  3  0  0  2  2  0  0  0  10.00 22076.50
651217181121 0 0 0 7 310 0 7 27  0  0  0  3  2  4  0  3  20.00 21077.30
651218181122 0 7272327373727183  0  3 12  9 12 22 22 12 120.73 20077.30
65121918112343 717 3 0 71717110 32  3  6  2  0  3  6  6  70.42 18075.60
65122018112427 3 3 0 3102020 87 12  2  2  0  2  4  7  7  40.21 15073.40
651221181125 310 7 3 317 0 0 43  2  4  3  2  2  6  0  0  20.00 10073.00
651222181126 71713232320 720130  3  6  5  9  9  7  3  7  60.31 11071.10
65122318112727 7 3 3 0 0 3 0 43 12  3  2  2  0  0  2  0  30.00  9071.50
6512241812 11310 3 713102747130  5  4  2  3  5  4 12 39  90.52  8070.00
6512251812 2374327171723 720190 22 32 12  6  6  9  3  7 120.73 12070.90
6512261812 31717374740332337250  6  6 22 39 27 18  9 22 191.05 23075.60
6512271812 41723203023172730187  6  9  7 15  9  6 12 15 100.63 29082.30
6512281812 53030332330403030247 15 15 18  9 15 27 15 15 160.94 64082.40
6512291812 61317102017332023153  5  6  4  7  6 18  7  9  80.42 64083.30
6512301812 71727 717231710 0117  6 12  3  6  9  6  4  0  60.31 44080.40
6512311812 8 0131013 7 710 3 63  0  5  4  5  3  3  4  2  30.10 38079.40
