6601011812 9 313 3 0 3 0 7 7 37  2  5  2  0  2  0  3  3  20.00 22079.30
6601021812103723131313172023160 22  9  5  5  5  6  7  9  80.52 21076.30
6601031812113013 3 3 7171717107 15  5  2  2  3  6  6  6  60.31 20075.90
660104181212 3171017 7304730160  2  6  4  6  3 15 39 15 110.63 17077.80
6601051812132310 7 3 3 7 313 70  9  4  3  2  2  3  2  5  40.10 11077.30
66010618121410 0 0 0 3 3 317 37  4  0  0  0  2  2  2  6  20.00  0077.10
66010718121513171010 3232727130  5  6  4  4  2  9 12 12  70.31  7078.20
6601081812163320231717171013150 18  7  9  6  6  6  4  5  80.42 13077.90
66010918121730 0 3 0 7232040123 15  0  2  0  3  9  7 27  80.42 13077.50
6601101812181727231710172013143  6 12  9  6  4  6  7  5  70.31  0077.20
66011118121917 3 0 3 010 3 7 43  6  2  0  2  0  4  2  3  20.00  0078.20
6601121812201010 3 7 0 3 3 0 37  4  4  2  3  0  2  2  0  20.00  0081.30
66011318122110 0 0 3 0 710 3 33  4  0  0  2  0  3  4  2  20.00 17084.40
660114181222 7 010 7 713 717 67  3  0  4  3  3  5  3  6  30.10 30090.20
660115181223202010 71017 7 7 97  7  7  4  3  4  6  3  3  50.21 40098.60
660116181224 0 3 0 0 0 0 0 3  7  0  2  0  0  0  0  0  2  00.00 58102.60
660117181225 017 7 0 7 7 3 0 40  0  6  3  0  3  3  2  0  20.00 51098.40
660118181226 3 31310132323 3 93  2  2  5  4  5  9  9  2  50.21 64101.50
660119181227 0 713201013 3 0 67  0  3  5  7  4  5  2  0  30.10 68105.20
6601201813 12323272337374027237  9  9 12  9 22 22 27 12 150.94 64099.10
6601211813 23730333340335033290 22 15 18 18 27 18 48 18 231.15 58095.80
6601221813 33033473753373737310 15 18 39 22 56 22 22 22 271.26 52091.70
6601231813 44020273033272720223 27  7 12 15 18 12 12  7 140.84 42090.60
6601241813 52330273023402327223  9 15 12 15  9 27  9 12 140.84 44089.00
6601251813 62723271727372013190 12  9 12  6 12 22  7  5 110.63 37085.40
6601261813 7 717302733373037217  3  6 15 12 18 22 15 22 140.84 23082.80
6601271813 82323 7 0 0 0 0 0 53  9  9  3  0  0  0  0  0  30.00 17079.90
6601281813 9 0 0 71310132340107  0  0  3  5  4  5  9 27  70.31 16078.10
66012918131017201720132010 3120  6  7  6  7  5  7  4  2  60.21 21078.30
660130181311 0 0 3 3171710 0 50  0  0  2  2  6  6  4  0  20.00 28076.40
660131181312 0 0 710 3 31010 43  0  0  3  4  2  2  4  4  20.00 19075.40
660201181313131010 710 0 3 3 57  5  4  4  3  4  0  2  2  30.10  7077.60
660202181314 0 3101010101010 63  0  2  4  4  4  4  4  4  30.10 11076.90
66020318131510 3201737203733177  4  2  7  6 22  7 22 18 110.63 21077.50
6602041813162723272723203337217 12  9 12 12  9  7 18 22 130.73 17079.00
6602051813173733273737273733267 22 18 12 22 22 12 22 18 181.05 19080.60
6602061813182733271020 31717153 12 18 12  4  7  2  6  6  80.52 17082.20
66020718131917171010 3 71317 93  6  6  4  4  2  3  5  6  40.21 17082.80
660208181320 3 3 3 3271713 7 77  2  2  2  2 12  6  5  3  40.10 14082.30
6602091813211010 7 3 7 3 713 60  4  4  3  2  3  2  3  5  30.10 12083.00
6602101813221317171717172030147  5  6  6  6  6  6  7 15  70.42 12083.80
6602111813232723232033272730210 12  9  9  7 18 12 12 15 120.73 14083.60
66021218132430231313 3 0 0 3 87 15  9  5  5  2  0  0  2  50.21 11083.20
66021318132527231310102010 3117 12  9  5  4  4  7  4  2  60.31 18084.00
660214181326 0 3 310 713 3 0 40  0  2  2  4  3  5  2  0  20.00 14084.00
660215181327 3 0 01017 32320 77  2  0  0  4  6  2  9  7  40.10 16083.30
6602161814 1202020 7 7 3 713 97  7  7  7  3  3  2  3  5  50.21 13082.70
6602171814 2 3 3 7 720102017 87  2  2  3  3  7  4  7  6  40.10 19082.20
6602181814 313171310 0 3 7 3 67  5  6  5  4  0  2  3  2  30.10 24082.20
6602191814 41313231727434330210  5  5  9  6 12 32 32 15 140.84 29081.10
6602201814 53740373733272010240 22 27 22 22 18 12  7  4 170.94 39082.80
6602211814 61010201710 7 310 87  4  4  7  6  4  3  2  4  40.10 42085.70
6602221814 710 0102037403043190  4  0  4  7 22 27 15 32 140.84 50086.10
6602231814 82750504727334333310 12 48 48 39 12 18 32 18 281.26 55082.80
6602241814 93040403330234327267 15 27 27 18 15  9 32 12 191.05 45082.00
6602251814103727201023301720183 22 12  7  4  9 15  6  7 100.63 39079.30
660226181411 7 0 7 710 310 7 50  3  0  3  3  4  2  4  3  30.00 40083.20
66022718141210171017 7 3 3 3 70  4  6  4  6  3  2  2  2  40.10 36083.20
660228181413 3 0 3 7 0 7 3 0 23  2  0  2  3  0  3  2  0  20.00 33084.10
660301181414 317 313 7 3 3 3 53  2  6  2  5  3  2  2  2  30.10 25079.70
660302181415 7 0 0 7 3131010 50  3  0  0  3  2  5  4  4  30.00 11076.60
6603031814162010103727132030167  7  4  4 22 12  5  7 15 100.52 14075.80
6603041814173320101010131337147 18  7  4  4  4  5  5 22  90.52 20075.40
66030518141817231010 3 31313 93  6  9  4  4  2  2  5  5  50.21 15074.80
66030618141917 3 32013 71010 83  6  2  2  7  5  3  4  4  40.10 15075.40
66030718142017 7 0 710 3 3 0 47  6  3  0  3  4  2  2  0  20.00 12076.20
660308181421 3102013 7 310 0 67  2  4  7  5  3  2  4  0  30.10 11076.40
660309181422 0 0 013 7 71730 73  0  0  0  5  3  3  6 15  40.10 15078.50
6603101814234023132027171020170 27  9  5  7 12  6  4  7 100.52 14078.50
6603111814242723 3 0 3 31730107 12  9  2  0  2  2  6 15  60.31 10078.00
66031218142527 31320201310 7113 12  2  5  7  7  5  4  3  60.31  0078.30
66031318142617 713 313233357167  6  3  5  2  5  9 18 67 140.84  7080.10
6603141814276073675750472317393 80154111 67 48 39  9  6 641.77  0081.40
6603151815 12027101713231723150  7 12  4  6  5  9  6  9  70.42 10087.20
6603161815 23027101313 71017127 15 12  4  5  5  3  4  6  70.31 26092.90
6603171815 313 710 713132333120  5  3  4  3  5  5  9 18  60.31 44105.20
6603181815 42317 0 7 3 3 7 7 67  9  6  0  3  2  2  3  3  40.10 53109.60
6603191815 52033233733274747267  7 18  9 22 18 12 39 39 201.05 60114.50
6603201815 64023172020232017180 27  9  6  7  7  9  7  6 100.52 54111.00
6603211815 7273017 717101730153 12 15  6  3  6  4  6 15  80.52 50120.30
6603221815 8301717 7 7171327133 15  6  6  3  3  6  5 12  70.42 52105.10
6603231815 93327506767607037410 18 12 48111111 80132 22 671.77 40096.20
66032418151010 7 0 0 3 3 023 47  4  3  0  0  2  2  0  9  20.00 31093.00
6603251815113017132733373333223 15  6  5 12 18 22 18 18 140.84 24091.10
6603261815122023203357403323250  7  9  7 18 67 27 18  9 201.05 18084.60
6603271815133327302030272727220 18 12 15  7 15 12 12 12 130.73 10083.10
6603281815143017374347507047340 15  6 22 32 39 48132 39 421.57 12087.60
6603291815154047271713 7 713170 27 39 12  6  5  3  3  5 120.73 35096.10
6603301815161727 71323131013123  6 12  3  5  9  5  4  5  60.31 44099.00
66033118151720 31010 7 3 3 3 60  7  2  4  4  3  2  2  2  30.10 52110.40
660401181518 0 7 71740403753200  0  3  3  6 27 27 22 56 181.05 64106.80
66040218151940473017 3 31710167 27 39 15  6  2  2  6  4 130.73 58106.30
660403181520202710 713171727137  7 12  4  3  5  6  6 12  70.31 74102.10
6604041815212727201013171323150 12 12  7  4  5  6  5  9  80.42 74102.60
66040518152213132313 3 72023117  5  5  9  5  2  3  7  9  60.31 59102.00
6604061815232323201720201720160  9  9  7  6  7  7  6  7  70.42 63104.20
66040718152447331310 7 71713147 39 18  5  4  3  3  6  5 100.63 70102.80
6604081815253033202020131730183 15 18  7  7  7  5  6 15 100.63 65107.30
6604091815262020 713131710 7107  7  7  3  5  5  6  4  3  50.21 49100.40
66041018152710 7131010172710103  4  3  5  4  4  6 12  4  50.21 37094.80
6604111816 1 0 3 3 310 3 3 3 30  0  2  2  2  4  2  2  2  20.00 29093.90
6604121816 2 7 31317 3 7 3 7 60  3  2  5  6  2  3  2  3  30.10 27094.90
6604131816 31730203340303330233  6 15  7 18 27 15 18 15 150.94 24093.10
6604141816 42310172727201327163  9  4  6 12 12  7  5 12  80.52 29091.10
6604151816 5301320 7 3 3 3 0 80 15  5  7  3  2  2  2  0  40.21 29096.40
6604161816 6 3 3 3 31010 713 53  2  2  2  2  4  4  3  5  30.10 35093.30
6604171816 7 310171310 7 717 83  2  4  6  5  4  3  3  6  40.10 40095.30
6604181816 81710 3 3 7 7 0 3 50  6  4  2  2  3  3  0  2  30.00 40092.90
6604191816 9 3 0 7 3 7 7 0 0 27  2  0  3  2  3  3  0  0  20.00 30089.00
660420181610 0 0202327171010107  0  0  7  9 12  6  4  4  50.21 41093.50
66042118161123131010 7 71720107  9  5  4  4  3  3  6  7  50.21 44091.70
6604221816123727302037331710210 22 12 15  7 22 18  6  4 130.84 56093.40
660423181613204037101723 713167  7 27 22  4  6  9  3  5 100.63 69098.90
6604241816142317131710102713130  9  6  5  6  4  4 12  5  60.31 58103.70
66042518161510 0 3 7 3 710 7 47  4  0  2  3  2  3  4  3  30.00 61103.90
660426181616 310 7 3 7 71010 57  2  4  3  2  3  3  4  4  30.10 54101.30
660427181617 3 0 0 3 0 0 7 7 20  2  0  0  2  0  0  3  3  10.00 40096.90
66042818161810171317 31013 7 90  4  6  5  6  2  4  5  3  40.21 40094.90
660429181619131317 717103013120  5  5  6  3  6  4 15  5  60.31 48094.50
6604301816202323201327302727190  9  9  7  5 12 15 12 12 100.63 53093.30
6605011816212033271310201717157  7 18 12  5  4  7  6  6  80.42 50091.70
6605021816222323302323273327210  9  9 15  9  9 12 18 12 120.73 52094.00
660503181623101710 3 7101327 97  4  6  4  2  3  4  5 12  50.21 57093.90
6605041816243330273020132330207 18 15 12 15  7  5  9 15 120.73 61092.50
6605051816251713131013102317117  6  5  5  4  5  4  9  6  60.21 43088.50
66050618162620303017 3 71013130  7 15 15  6  2  3  4  5  70.42 32087.50
66050718162710 3 313 3 7 723 70  4  2  2  5  2  3  3  9  40.10 29089.80
6605081817 1 7 3 01323231717103  3  2  0  5  9  9  6  6  50.21 17087.80
6605091817 21023271010 7 3 3 93  4  9 12  4  4  3  2  2  50.21  8087.60
6605101817 3 0 0 317 3 7 7 3 40  0  0  2  6  2  3  3  2  20.00  0086.60
6605111817 4 3 3 71333133040143  2  2  3  5 18  5 15 27 100.52 14088.40
6605121817 52017171313132320137  7  6  6  5  5  5  9  7  60.31 14092.60
6605131817 6271723231027 7 3137 12  6  9  9  4 12  3  2  70.42 23092.90
6605141817 710 310 0 3 3 7 3 40  4  2  4  0  2  2  3  2  20.00 50097.20
6605151817 8 7 0 3 3 7 3 7 3 33  3  0  2  2  3  2  3  2  20.00 46099.30
6605161817 9 7 7 3 317172317 93  3  3  2  2  6  6  9  6  50.21 47100.10
6605171817102723131710131320137 12  9  5  6  4  5  5  7  70.31 35098.90
6605181817112717101010 7 710 97 12  6  4  4  4  3  3  4  50.21 28098.70
66051918171213 7 3 3 3 71313 63  5  3  2  2  2  3  5  5  30.10 35107.10
66052018171310 7131717203030143  4  3  5  6  6  7 15 15  80.42 58115.50
66052118171420 710101010 710 83  7  3  4  4  4  4  3  4  40.10 80123.60
660522181715 3 7 7 717201013 83  2  3  3  3  6  7  4  5  40.10 72121.10
660523181716 7 3 3 3 7 7 7 3 40  3  2  2  2  3  3  3  2  20.00 68113.90
660524181717 0 0 7 3 3 31010 37  0  0  3  2  2  2  4  4  20.00 68117.70
660525181718 7 7 7 71010 730 83  3  3  3  3  4  4  3 15  50.21 64115.10
6605261817191720407070607067413  6  7 27132132 80132111 781.87 70112.30
660527181720371013 3 3 3 310 83 22  4  5  2  2  2  2  4  50.21 66108.40
660528181721 7 717 313131727103  3  3  6  2  5  5  6 12  50.21 60107.50
660529181722 3 7 7 7 7101710 67  2  3  3  3  3  4  6  4  40.10 42106.00
660530181723 7 0101717132730120  3  0  4  6  6  5 12 15  60.31 56101.50
6605311817243347504340576353387 18 39 48 32 27 67 94 56 481.67 58105.60
66060118172553273010 3 010 7140 56 12 15  4  2  0  4  3 120.73 71104.80
66060218172613 7133333332017170  5  3  5 18 18 18  7  6 100.63 74103.90
6606031817271310101010332713127  5  4  4  4  4 18 12  5  70.42 41102.60
6606041818 11720 3 3 317 720 90  6  7  2  2  2  6  3  7  40.21 60102.00
6606051818 22317131717 310 7107  9  6  5  6  6  2  4  3  50.21 48101.60
6606061818 31713 7 71710 310 83  6  5  3  3  6  4  2  4  40.10 47101.90
6606071818 41330103023232017167  5 15  4 15  9  9  7  6  90.52 40096.90
6606081818 5 71013201310 3 0 77  3  4  5  7  5  4  2  0  40.10 35099.50
6606091818 6 0 0 0131010 713 53  0  0  0  5  4  4  3  5  30.00 33098.80
6606101818 7 7 7 7 3 3 3 3 3 37  3  3  3  2  2  2  2  2  20.00 25096.80
6606111818 8 3 3 7 7 3 720 7 57  2  2  3  3  2  3  7  3  30.10 43096.10
6606121818 91023171330131023140  4  9  6  5 15  5  4  9  70.42 34095.90
660613181810131020101013 713 97  5  4  7  4  4  5  3  5  50.21 34096.00
66061418181113 71713 7 71313 90  5  3  6  5  3  3  5  5  40.21 31096.90
660615181812 710 71310 72730110  3  4  3  5  4  3 12 15  60.31 22094.70
6606161818133017101010131317120 15  6  4  4  4  5  5  6  60.31 40097.90
6606171818141013 0 3 7 71320 73  4  5  0  2  3  3  5  7  40.10 46099.50
660618181815 713 3 3 3 310 7 50  3  5  2  2  2  2  4  3  30.10 40098.20
660619181816 3 3 3 727172713100  2  2  2  3 12  6 12  5  60.21 36096.90
66062018181710232013172027 7137  4  9  7  5  6  7 12  3  70.31 42094.30
660621181818201710101310 7 7 93  7  6  4  4  5  4  3  3  40.21 33093.50
660622181819 7 7 7 7 7 3 310 50  3  3  3  3  3  2  2  4  30.10 35096.10
66062318182020 7103733334040220  7  3  4 22 18 18 27 27 160.94 62099.20
660624181821 7 7132023305343197  3  3  5  7  9 15 56 32 160.94 66103.50
6606251818224733302720302727240 39 18 15 12  7 15 12 12 160.94 80104.90
660626181823 710 31723271717120  3  4  2  6  9 12  6  6  60.31 82105.50
660627181824 3 3 3 713101313 67  2  2  2  3  5  4  5  5  40.10 76100.80
66062818182510 7 3 3 3232320 93  4  3  2  2  2  9  9  7  50.21 52101.40
6606291818261713 7 317102323113  6  5  3  2  6  4  9  9  60.21 47099.70
6606301818272013171310101323120  7  5  6  5  4  4  5  9  60.31 55100.70
6607011819 12017131713131310117  7  6  5  6  5  5  5  4  50.21 49100.00
6607021819 213 313 3 3101323 83  5  2  5  2  2  4  5  9  40.10 49098.20
6607031819 31720 71013 71010 93  6  7  3  4  5  3  4  4  40.21 54099.20
6607041819 410 7 72030433737190  4  3  3  7 15 32 22 22 140.84 53104.80
6607051819 523231310 71020 3110  9  9  5  4  3  4  7  2  50.21 48105.00
6607061819 61313131713 71310100  5  5  5  6  5  3  5  4  50.21 46109.70
6607071819 717 7 3 7 3 31017 67  6  3  2  3  2  2  4  6  40.10 58112.60
6607081819 82027433723303057267  7 12 32 22  9 15 15 67 221.15 68114.30
6607091819 94760603730373027327 39 80 80 22 15 22 15 12 361.46 60107.80
6607101819103743505037202323283 22 32 48 48 22  7  9  9 251.26 65108.10
66071118191127272310 7131333153 12 12  9  4  3  5  5 18  80.52 52108.90
6607121819123043403330101710213 15 32 27 18 15  4  6  4 150.94 62102.70
6607131819131010 7 3 7 7 7 7 57  4  4  3  2  3  3  3  3  30.10 56100.40
660714181914 7 71313 71017 3 77  3  3  5  5  3  4  6  2  40.10 42099.80
660715181915 3 3 3 710202343113  2  2  2  3  4  7  9 32  80.42 34101.10
660716181916131313 7 7172027117  5  5  5  3  3  6  7 12  60.31 48102.80
6607171819173333302710172020190 18 18 15 12  4  6  7  7 110.63 42101.20
660718181918 3131317101313 3 87  2  5  5  6  4  5  5  2  40.10 49101.30
660719181919 3132010102013 7 97  2  5  7  4  4  7  5  3  50.21 38101.50
66072018192013132713 3 71023110  5  5 12  5  2  3  4  9  60.31 65101.80
6607211819213733272323273723230 22 18 12  9  9 12 22  9 140.84 55103.70
6607221819224017 7 710202317140 27  6  3  3  4  7  9  6  80.42 66106.50
6607231819231317132017231310127  5  6  5  7  6  9  5  4  60.31 56114.90
6607241819243020 7131710 310110 15  7  3  5  6  4  2  4  60.31 70120.60
66072518192510 7 7 710 71010 67  4  3  3  3  4  3  4  4  40.10 67126.00
6607261819261713131313172023130  6  5  5  5  5  6  7  9  60.31 74127.60
660727181927201030204037 710173  7  4 15  7 27 22  3  4 110.63 65123.80
6607281820 12733272023201317180 12 18 12  7  9  7  5  6 100.52 70124.20
6607291820 230131313 3 713 7100 15  5  5  5  2  3  5  3  50.21 76132.80
6607301820 3 7232710 7 71313107  3  9 12  4  3  3  5  5  60.21 59128.00
6607311820 410 7171310201317107  4  3  6  5  4  7  5  6  50.21 62124.60
6608011820 5302010 713101017117 15  7  4  3  5  4  4  6  60.31 78125.90
6608021820 6 7 3 0 0 0 0 0 3 13  3  2  0  0  0  0  0  2  10.00 74119.50
6608031820 71020172327231010140  4  7  6  9 12  9  4  4  70.31 72118.20
6608041820 8 7 7172723271330150  3  3  6 12  9 12  5 15  80.42 68116.00
6608051820 91313372333271020177  5  5 22  9 18 12  4  7 100.63 60110.50
6608061820102317171710171717133  9  6  6  6  4  6  6  6  60.31 50105.90
6608071820112320 710 7 3 717 93  9  7  3  4  3  2  3  6  50.21 33101.50
660808182012 7 3131310 72027100  3  2  5  5  4  3  7 12  50.21 13097.70
6608091820132313201013233723163  9  5  7  4  5  9 22  9  90.52 13096.40
6608101820143723133040231320200 22  9  5 15 27  9  5  7 120.73  0094.30
6608111820151027332333332737223  4 12 18  9 18 18 12 22 140.84 16092.50
6608121820163733333327132720223 22 18 18 18 12  5 12  7 140.84 36092.80
66081318201723271010 7101013110  9 12  4  4  3  4  4  5  60.31 30093.20
66081418201830303023101020 3157 15 15 15  9  4  4  7  2  90.52 37092.80
660815182019 713171713 71017100  3  5  6  6  5  3  4  6  50.21 41093.60
66081618202020 717 7 7 3 3 7 70  7  3  6  3  3  2  2  3  40.10 40095.10
660817182021 710 0 0 71013 0 47  3  4  0  0  3  4  5  0  20.00 41096.70
660818182022 7 3133033333310163  3  2  5 15 18 18 18  4 100.63 39097.40
6608191820233037204047303727267 15 22  7 27 39 15 22 12 201.05 33100.00
66082018202427172710 7131020130 12  6 12  4  3  5  4  7  70.31 28101.50
660821182025231310 7 7131317103  9  5  4  3  3  5  5  6  50.21 22102.70
66082218202610 7 0 0 7201323 80  4  3  0  0  3  7  5  9  40.10 38105.40
6608231820273327274040374340287 18 12 12 27 27 22 32 27 221.15 65114.70
6608241821 14017233737233033240 27  6  9 22 22  9 15 18 160.94 71122.00
6608251821 22717172020172727170 12  6  6  7  7  6 12 12  80.52 89126.20
6608261821 320271710 7 31317113  7 12  6  4  3  2  5  6  60.31 95130.20
6608271821 4172013201313 7 7110  6  7  5  7  5  5  3  3  50.21 90133.40
6608281821 5 7 010 710171720 87  3  0  4  3  4  6  6  7  40.10 84132.60
6608291821 6 7 3 31040202750160  3  2  2  4 27  7 12 48 130.84 89129.80
6608301821 76750305053577373453111 48 15 48 56 67154154 821.87 76126.20
6608311821 85327302043373730277 56 12 15  7 32 22 22 15 231.15 66120.90
6609011821 91727275033304740270  6 12 12 48 18 15 39 27 221.15 44116.60
6609021821103023171727404330227 15  9  6  6 12 27 32 15 150.94 44106.20
6609031821113033375760607387437 15 18 22 67 80 80154300 921.98 25103.20
6609041821128783736057403330463300236154 80 67 27 18 151121.98 18101.90
6609051821132013103043372023197  7  5  4 15 32 22  7  9 130.73 26100.50
6609061821143347434740401720287 18 39 32 39 27 27  6  7 241.26 30097.90
6609071821152337272033333327233  9 22 12  7 18 18 18 12 140.84 36095.80
6609081821164053475750473747377 27 56 39 67 48 39 22 39 421.57 38096.20
6609091821173333333033402343270 18 18 18 15 18 27  9 32 191.05 39095.30
6609101821184043273030333333270 27 32 12 15 15 18 18 18 191.05 37093.90
660911182119332323171010 310130 18  9  9  6  4  4  2  4  70.42 42096.70
660912182120 3 313271320 713100  2  2  5 12  5  7  3  5  50.21 38100.80
6609131821211717 7 71310 7 7 83  6  6  3  3  5  4  3  3  40.10 33102.30
660914182122 7 3101010333043147  3  2  4  4  4 18 15 32 100.63 35107.20
6609151821234740303020204337267 39 27 15 15  7  7 32 22 201.05 38112.00
6609161821243717 72320202727177 22  6  3  9  7  7 12 12 100.52 57124.60
660917182125333327171317 7 7153 18 18 12  6  5  6  3  3  90.52 76129.10
660918182126 3 0 71310 71013 63  2  0  3  5  4  3  4  5  30.10 83142.60
6609191821273340271027303340240 18 27 12  4 12 15 18 27 170.94 76146.60
6609201822 13733373343373333287 22 18 22 18 32 22 18 18 211.15 78146.10
6609211822 23333132033 71310163 18 18  5  7 18  3  5  4 100.52 89137.10
6609221822 320171010 7133020127  7  6  4  4  3  5 15  7  60.31 86131.50
6609231822 41320303333404327240  5  7 15 18 18 27 32 12 170.94 71127.40
6609241822 53020232730303013203 15  7  9 12 15 15 15  5 120.73 67126.00
6609251822 640403710 3101327180 27 27 22  4  2  4  5 12 130.73 68118.80
6609261822 74323273337434333283 32  9 12 18 22 32 32 18 221.15 54109.40
6609271822 83740274033302333263 22 27 12 27 18 15  9 18 181.05 48102.90
6609281822 9375020273037 740247 22 48  7 12 15 22  3 27 201.05 42097.90
6609291822103340372017403717240 18 27 22  7  6 27 22  6 170.94 45098.60
6609301822111743372330301040230  6 32 22  9 15 15  4 27 160.94 42095.60
6610011822123020201010 3 7 7107 15  7  7  4  4  2  3  3  60.31 57101.40
661002182213 0 713 7 7 3 3 7 47  0  3  5  3  3  2  2  3  30.00 55102.00
661003182214 01017 7 7 3 720 70  0  4  6  3  3  2  3  7  40.10 50103.20
6610041822152030202330375360273  7 15  7  9 15 22 56 80 261.26 36100.60
6610051822165050435330474727347 48 48 32 56 15 39 39 12 361.46 40100.00
6610061822172753433340232330273 12 56 32 18 27  9  9 15 221.15 44101.90
6610071822182317 7 310301733140  9  6  3  2  4 15  6 18  80.42 53103.00
6610081822192313231710 3 710107  9  5  9  6  4  2  3  4  50.21 48099.40
6610091822202327202023331020177  9 12  7  7  9 18  4  7  90.52 44103.50
661010182221 3 0 713 3 320 3 53  2  0  3  5  2  2  7  2  30.10 65106.50
661011182222 0 0 3 3 3 010 3 23  0  0  2  2  2  0  4  2  20.00 66109.90
6610121822232013232317133333177  7  5  9  9  6  5 18 18 100.52 64114.80
66101318222423 7172317201730153  9  3  6  9  6  7  6 15  80.42 72122.80
661014182225132017 710 3 7 7 83  5  7  6  3  4  2  3  3  40.10 64120.20
6610151822261020103020374337207  4  7  4 15  7 22 32 22 140.84 60120.60
6610161822273340604353373027323 18 27 80 32 56 22 15 12 331.36 70120.40
6610171823 12720 7 7 7231313117 12  7  3  3  3  9  5  5  60.31 70120.50
6610181823 230 3 310 7 7 710 77 15  2  2  4  3  3  3  4  40.21 70118.60
6610191823 310101310 3 71713 83  4  4  5  4  2  3  6  5  40.10 76115.50
6610201823 41310 710 71310 7 77  5  4  3  4  3  5  4  3  40.10 96124.10
6610211823 5 0 0 01010 3 3 0 27  0  0  0  4  4  2  2  0  20.00 91120.90
6610221823 6 0 0 0 3 3 0 317 27  0  0  0  2  2  0  2  6  20.00 83119.80
6610231823 717 0 0 0 3 71013 50  6  0  0  0  2  3  4  5  20.00 75111.00
6610241823 81013172327373030187  4  5  6  9 12 22 15 15 110.63 64106.10
6610251823 94030404037204040287 27 15 27 27 22  7 27 27 221.15 50100.80
6610261823103743172327372320227 22 32  6  9 12 22  9  7 150.84 47097.70
6610271823112310 71010231727127  9  4  3  4  4  9  6 12  60.31 39092.00
66102818231230 710 7 3 31713 90 15  3  4  3  2  2  6  5  50.21 36094.10
661029182313101317 3 7 710 3 70  4  5  6  2  3  3  4  2  40.10 27099.70
6610301823142017101317373047190  7  6  4  5  6 22 15 39 130.73 27095.70
6610311823154747404347434740353 39 39 27 32 39 32 39 27 341.46 35097.10
6611011823163740474747503033330 22 27 39 39 39 48 15 18 311.36 43094.50
6611021823173720202330333327223 22  7  7  9 15 18 18 12 140.84 42096.70
6611031823182730373730402727253 12 15 22 22 15 27 12 12 170.94 38093.10
661104182319273023 7 7 73317150 12 15  9  3  3  3 18  6  90.52 38091.70
6611051823202023272020302310173  7  9 12  7  7 15  9  4  90.52 20097.90
6611061823211027202017202010143  4 12  7  7  6  7  7  4  70.31 32104.70
66110718232217131710 3 31333110  6  5  6  4  2  2  5 18  60.31 48113.40
66110818232333271310101320 0127 18 12  5  4  4  5  7  0  70.31 55117.00
6611091823241010 7 7 3 3 3 7 50  4  4  3  3  2  2  2  3  30.10 59117.20
661110182325 320273027202020167  2  7 12 15 12  7  7  7  90.52 63122.00
66111118232620271733 7 7 3 0113  7 12  6 18  3  3  2  0  60.31 72126.10
66111218232720271320131733 7150  7 12  5  7  5  6 18  3  80.42 80126.30
6611131824 11713133317 72023143  6  5  5 18  6  3  7  9  70.42 68126.40
6611141824 210 0 7 7 0 0 010 33  4  0  3  3  0  0  0  4  20.00 66124.00
6611151824 317 31013 7101013 83  6  2  4  5  3  4  4  5  40.10 66122.70
6611161824 417132017 7 710 3 93  6  5  7  6  3  3  4  2  40.21 52121.10
6611171824 530302710 7333313183 15 15 12  4  3 18 18  5 110.63 59113.30
6611181824 6 3 0 01727403340160  2  0  0  6 12 27 18 27 120.73 57113.40
6611191824 73033332027172027207 15 18 18  7 12  6  7 12 120.73 65111.00
6611201824 83317131013132327150 18  6  5  4  5  5  9 12  80.42 74110.90
6611211824 913232713 7 31027123  5  9 12  5  3  2  4 12  60.31 77110.60
6611221824101313 310 3 3 0 3 50  5  5  2  4  2  2  0  2  30.00 78116.50
66112318241113 3 0 3 3 7 3 7 40  5  2  0  2  2  3  2  3  20.00 76114.60
6611241824121030231317 310 7113  4 15  9  5  6  2  4  3  60.31 72113.80
66112518241310 7 3 717101013 77  4  3  2  3  6  4  4  5  40.10 74110.80
66112618241437332323232310 3177 22 18  9  9  9  9  4  2 100.63 67107.30
661127182415 323131010232710120  2  9  5  4  4  9 12  4  60.31 59111.20
6611281824162317173030435033243  9  6  6 15 15 32 48 18 191.05 41104.10
6611291824175030332320301710213 48 15 18  9  7 15  6  4 150.94 37098.00
6611301824181730534043473340303  6 15 56 27 32 39 18 27 281.26 37094.60
6612011824193743372327173723243 22 32 22  9 12  6 22  9 170.94 35092.30
6612021824202323131013131023130  9  9  5  4  5  5  4  9  60.31 33095.00
66120318242113 7 713 3 3 713 67  5  3  3  5  2  2  3  5  40.10 30098.70
6612041824222323473733273337260  9  9 39 22 18 12 18 22 191.05 57104.80
6612051824233740372713334727260 22 27 22 12  5 18 39 12 201.05 69110.90
6612061824243023231310101313137 15  9  9  5  4  4  5  5  70.42 68115.60
661207182425 713 7 7 3 31313 67  3  5  3  3  2  2  5  5  40.10 64117.70
661208182426 7 7 7 7 0 3 327 60  3  3  3  3  0  2  2 12  40.10 88123.70
66120918242717 3 7 3 3 710 0 50  6  2  3  2  2  3  4  0  30.00 86146.20
6612101825 1 0 72013 0 71710 73  0  3  7  5  0  3  6  4  40.10112157.30
6612111825 21310 3 0 3 710 3 50  5  4  2  0  2  3  4  2  30.00125162.90
6612121825 3 3 3 3 3 0 3 3 7 27  2  2  2  2  0  2  2  3  20.00130157.70
6612131825 42737433037471723260 12 22 32 15 22 39  6  9 201.05118155.50
6612141825 52037302760705353350  7 22 15 12 80132 56 56 481.67113149.50
6612151825 65033203027402720247 48 18  7 15 12 27 12  7 181.05107144.80
6612161825 72327171723232020170  9 12  6  6  9  9  7  7  80.42116135.20
6612171825 82320101320171340157  9  7  4  5  7  6  5 27  90.52 88124.90
6612181825 913172317 7101010107  5  6  9  6  3  4  4  4  50.21 76111.20
66121918251013 710 3 0 71313 67  5  3  4  2  0  3  5  5  30.10 57112.30
661220182511 3 0 3 320233330117  2  0  2  2  7  9 18 15  70.31 46107.60
6612211825122737232010333023203 12 22  9  7  4 18 15  9 120.73 37106.40
6612221825132033232327303337227  7 18  9  9 12 15 18 22 140.84 34105.50
6612231825142313131313233027157  9  5  5  5  5  9 15 12  80.42 38110.70
6612241825152330433310132013187  9 15 32 18  4  5  7  5 120.73 45110.60
6612251825162723303330203037230 12  9 15 18 15  7 15 22 140.84 60111.60
6612261825173727334037473743300 22 12 18 27 22 39 22 32 241.26 65110.90
6612271825184747434050433743350 39 39 32 27 48 32 22 32 341.36 48109.60
6612281825193317232740233027220 18  6  9 12 27  9 15 12 140.84 48107.50
6612291825202317232713131317147  9  6  9 12  5  5  5  6  70.42 51109.30
661230182521101310131730 310107  4  5  4  5  6 15  2  4  60.31 70115.10
661231182522 7 010 71013 3 7 57  3  0  4  3  4  5  2  3  30.10 68120.50
