6801011839104747473737372723300 39 39 39 22 22 22 12  9 261.26119171.40
6801021839112037576047433330327  7 22 67 80 39 32 18 15 351.46123171.80
6801031839123327271310 71027153 18 12 12  5  4  3  4 12  90.52128179.30
68010418391317101017 7102037127  6  4  4  6  3  4  7 22  70.42137183.80
6801051839142323172027272030187  9  9  6  7 12 12  7 15 100.52152191.20
6801061839153733202337373023240 22 18  7  9 22 22 15  9 160.94150209.70
6801071839162730232013171020160 12 15  9  7  5  6  4  7  80.42164223.80
68010818391717101017132713 3110  6  4  4  6  5 12  5  2  60.21182230.20
680109183918 0 3 3 3 317 710 47  0  2  2  2  2  6  3  4  30.00200222.00
680110183919132020 717101010107  5  7  7  3  6  4  4  4  50.21198208.30
6801111839201010 7 733333330163  4  4  3  3 18 18 18 15 100.63154202.50
6801121839212727272323333330223 12 12 12  9  9 18 18 15 130.84144198.90
6801131839222330232717171723177  9 15  9 12  6  6  6  9  90.52139197.20
6801141839233033231713173033197 15 18  9  6  5  6 15 18 120.73107187.10
6801151839242323131720202737180  9  9  5  6  7  7 12 22 100.52 94176.70
6801161839253020131317374030200 15  7  5  5  6 22 27 15 130.73 78160.70
6801171839261733402323233027217  6 18 27  9  9  9 15 12 130.84 68157.40
68011818392740233020232010 7173 27  9 15  7  9  7  4  3 100.63 60148.50
6801191840 1 323302717372740203  2  9 15 12  6 22 12 27 130.84 58141.60
6801201840 240303033332327 7223 27 15 15 18 18  9 12  3 150.84 55137.30
6801211840 31023272720271717167  4  9 12 12  7 12  6  6  80.52 55132.60
6801221840 41327201723302320173  5 12  7  6  9 15  9  7  90.52 69135.70
6801231840 52023271013203333180  7  9 12  4  5  7 18 18 100.63 75137.90
6801241840 62013202730203023183  7  5  7 12 15  7 15  9 100.52 93148.70
6801251840 720 710 713131013 93  7  3  4  3  5  5  4  5  40.21 90160.10
6801261840 81720201737432723203  6  7  7  6 22 32 12  9 130.73 87174.10
6801271840 91723231020202037170  6  9  9  4  7  7  7 22  90.52 88184.90
6801281840104327 3 720233737197 32 12  2  3  7  9 22 22 140.84140213.00
6801291840114047171713172740217 27 39  6  6  5  6 12 27 160.94175220.70
6801301840123737232313201717187 22 22  9  9  5  7  6  6 110.63185229.20
680131184013273723201020 310150 12 22  9  7  4  7  2  4  80.52209239.00
680201184014 720272327202730180  3  7 12  9 12  7 12 15 100.52208254.10
6802021840153727233330403343267 22 12  9 18 15 27 18 32 191.05211253.10
6802031840164720272733372327240 39  7 12 12 18 22  9 12 160.94199244.40
6802041840173340404327231313233 18 27 27 32 12  9  5  5 170.94170220.30
680205184018 0 3102317203330137  0  2  4  9  6  7 18 15  80.42137191.40
68020618401913 7 3 7 0 3 3 3 40  5  3  2  3  0  2  2  2  20.00114172.30
680207184020 0 0 3 3 0202030 77  0  0  2  2  0  7  7 15  40.10 86164.20
6802081840213333272323303033233 18 18 12  9  9 15 15 18 140.84 97151.50
6802091840224340402733102337253 32 27 27 12 18  4  9 22 191.05 95151.80
6802101840233330303330505763327 18 15 15 18 15 48 67 94 361.46 92155.70
6802111840245360606050333740393 56 80 80 80 48 18 22 27 511.67 89155.80
68021218402543403023232323 3210 32 27 15  9  9  9  9  2 140.84 76159.20
680213184026 323433747431313223  2  9 32 22 39 32  5  5 181.05 67149.10
6802141840272010101317 3 723103  7  4  4  5  6  2  3  9  50.21 69145.70
6802151841 11023334743534030280  4  9 18 39 32 56 27 15 251.26 87141.90
6802161841 22023273333333033233  7  9 12 18 18 18 15 18 140.84 85142.50
6802171841 33317303743232743253 18  6 15 22 32  9 12 32 181.05 94138.70
6802181841 43020434040434730293 15  7 32 27 27 32 39 15 241.26 78135.20
6802191841 54040332017 7 3 7167 27 27 18  7  6  3  2  3 120.73 65137.50
6802201841 62013536053373743317  7  5 56 80 56 22 22 32 351.46 72138.50
6802211841 75040333727303740293 48 27 18 22 12 15 22 27 241.26 79148.50
6802221841 827333030172710 3177 12 18 15 15  6 12  4  2 100.63 82151.90
6802231841 9 01720 710202320117  0  6  7  3  4  7  9  7  50.21 93156.60
680224184110102730171713 7 3123  4 12 15  6  6  5  3  2  70.31119164.70
680225184111 7 320 3101320 7 83  3  2  7  2  4  5  7  3  40.10161177.40
6802261841121013 3 3 3102023 87  4  5  2  2  2  4  7  9  40.21150184.00
68022718411323 710 710173730140  9  3  4  3  4  6 22 15  80.42126175.70
6802281841144333133040475053310 32 18  5 15 27 39 48 56 301.36124170.80
6802291841154740372727272720250 39 27 22 12 12 12 12  7 181.05120167.40
68030118411630232323273313 0173 15  9  9  9 12 18  5  0 100.52108162.90
6803021841171333232717202323180  5 18  9 12  6  7  9  9  90.52110164.40
6803031841182313272723334037223  9  5 12 12  9 18 27 22 140.84 92150.90
6803041841192727303023273343240 12 12 15 15  9 12 18 32 160.94 86144.50
6803051841203033303343273027253 15 18 15 18 32 12 15 12 170.94 77137.80
6803061841212310131710132327137  9  4  5  6  4  5  9 12  70.31 67136.00
6803071841221320171010101013103  5  7  6  4  4  4  4  5  50.21 58131.60
6803081841232010 7 7 3 7 720 80  7  4  3  3  2  3  3  7  40.10 67124.10
6803091841241013 7 7 3 31023 77  4  5  3  3  2  2  4  9  40.10 65122.90
680310184125333733 733372320223 18 22 18  3 18 22  9  7 150.84 74124.10
68031118412620273027 7 31323150  7 12 15 12  3  2  5  9  80.42 85128.40
68031218412710 7 72723272323147  4  3  3 12  9 12  9  9  80.42 87130.40
6803131842 120201713 7 3 717103  7  7  6  5  3  2  3  6  50.21 89127.90
6803141842 23030333040374050290 15 15 18 15 27 22 27 48 231.15 67127.90
6803151842 33737503743334343323 22 22 48 22 32 18 32 32 281.26 59126.00
6803161842 43343373357203040293 18 32 22 18 67  7 15 27 261.26 46128.20
6803171842 53737272020101330193 22 22 12  7  7  4  5 15 120.73 59135.30
6803181842 63730272717301717200 22 15 12 12  6 15  6  6 120.73 59132.20
6803191842 717233333233027 7193  6  9 18 18  9 15 12  3 110.63 53130.10
6803201842 84047134040132040253 27 39  5 27 27  5  7 27 201.05 60129.60
6803211842 927201717171723 7143 12  7  6  6  6  6  9  3  70.31 70140.00
68032218421017101720201310 3110  6  4  6  7  7  5  4  2  50.21 91142.30
680323184211 710131323173040153  3  4  5  5  9  6 15 27  90.52113145.50
6803241842122337403740373740290  9 22 27 22 27 22 22 27 221.15132154.50
6803251842133337402737333327267 18 22 27 12 22 18 18 12 191.05143156.10
6803261842141317274027303727217  5  6 12 27 12 15 22 12 140.84141156.70
6803271842153733333020303030243 22 18 18 15  7 15 15 15 160.94146159.20
6803281842162337302027202727210  9 22 15  7 12  7 12 12 120.73138157.10
6803291842173330332330232337233 18 15 18  9 15  9  9 22 140.84127156.30
6803301842184343472727474330307 32 32 39 12 12 39 32 15 271.26154160.30
6803311842191723331723334047233  6  9 18  6  9 18 27 39 160.94134155.90
6804011842204050404037303737310 27 48 27 27 22 15 22 22 261.26122143.90
6804021842214023232327202730213 27  9  9  9 12  7 12 15 120.73108144.20
680403184222333717233027 333203 18 22  6  9 15 12  2 18 130.73 98137.20
680404184223332727 713201720163 18 12 12  3  5  7  6  7  90.52 96131.70
6804051842242017101327406070257  7  6  4  5 12 27 80132 341.36 89129.20
6804061842253347605043434030347 18 39 80 48 32 32 27 15 361.46 85125.20
680407184226232737332717 713183  9 12 22 18 12  6  3  5 110.63 79124.80
680408184227132010 710 3 0 0 63  5  7  4  3  4  2  0  0  30.10 82130.70
6804091843 1 0 0 0 3 3 31020 40  0  0  0  2  2  2  4  7  20.00 94141.20
6804101843 220231310 7172320133  7  9  5  4  3  6  9  7  60.31104142.80
6804111843 31730202720272717183  6 15  7 12  7 12 12  6 100.52 95138.40
6804121843 41717171713273343183  6  6  6  6  5 12 18 32 110.73 83142.80
6804131843 53047173733373747283 15 39  6 22 18 22 22 39 231.15 60142.00
6804141843 63737205050403727297 22 22  7 48 48 27 22 12 261.26 96138.40
6804151843 72720273330333033233 12  7 12 18 15 18 15 18 140.84110140.00
6804161843 83027302723133337220 15 12 15 12  9  5 18 22 140.84114141.10
6804171843 92020233323232030193  7  7  9 18  9  9  7 15 100.63 91132.30
6804181843103023232313201720170 15  9  9  9  5  7  6  7  80.52 63127.70
680419184311131010 3 3 7 3 3 53  5  4  4  2  2  3  2  2  30.10 53125.40
680420184312 3 7 3 3 3 3 3 0 27  2  3  2  2  2  2  2  0  20.00 63122.40
680421184313 0 7101013 71713 77  0  3  4  4  5  3  6  5  40.10 64123.50
6804221843141320272020202030170  5  7 12  7  7  7  7 15  80.52 68115.70
6804231843153733272317233020210 22 18 12  9  6  9 15  7 120.73 50111.80
68042418431633331717131710 7147 18 18  6  6  5  6  4  3  80.42 48117.50
680425184317 0 713 7 7131733 97  0  3  5  3  3  5  6 18  50.21 64120.00
6804261843183033333030374757297 15 18 18 15 15 22 39 67 261.26 50114.30
6804271843194030434023234320263 27 15 32 27  9  9 32  7 201.05 57119.10
6804281843203740332723232333240 22 27 18 12  9  9  9 18 160.94 82128.40
6804291843212730332327273030227 12 15 18  9 12 12 15 15 140.84 71128.00
6804301843223013201713201323150 15  5  7  6  5  7  5  9  70.42 96132.80
6805011843232017131030303343197  7  6  5  4 15 15 18 32 130.73126144.80
6805021843244733273313201320207 39 18 12 18  5  7  5  7 140.84144148.30
680503184325304330202313 313177 15 32 15  7  9  5  2  5 110.63143156.30
68050418432627171310 7131013110 12  6  5  4  3  5  4  5  60.21138154.50
680505184327 7101013 71310 7 77  3  4  4  5  3  5  4  3  40.10127155.90
6805061844 1 713 3 3 0131310 63  3  5  2  2  0  5  5  4  30.10142148.60
6805071844 23060674367503030377 15 80111 32111 48 15 15 531.67135145.40
6805081844 33020171710101317133 15  7  6  6  4  4  5  6  70.31128141.70
6805091844 44033334030334030280 27 18 18 27 15 18 27 15 211.15122139.90
6805101844 52030 72020272730180  7 15  3  7  7 12 12 15 100.52117139.80
6805111844 63733403330273027257 22 18 27 18 15 12 15 12 170.94106133.60
6805121844 75357403723203030290 56 67 27 22  9  7 15 15 271.26 82127.30
6805131844 84020233723333023230 27  7  9 22  9 18 15  9 140.84 91128.40
6805141844 93730232323232717203 22 15  9  9  9  9 12  6 110.73 80138.20
68051518441023233720 7171727170  9  9 22  7  3  6  6 12  90.52 95141.90
6805161844113027173030272013193 15 12  6 15 15 12  7  5 110.63103150.70
6805171844121027201733373740220  4 12  7  6 18 22 22 27 150.84114166.60
6805181844132320302037473333243  9  7 15  7 22 39 18 18 170.94136178.30
6805191844141320232023333333200  5  7  9  7  9 18 18 18 110.73138185.40
6805201844154340332730272340263 32 27 18 12 15 12  9 27 191.05140193.70
6805211844163727372340504040293 22 12 22  9 27 48 27 27 241.26142194.60
6805221844173747372017271733233 22 39 22  7  6 12  6 18 160.94143190.40
6805231844183013101327303043197 15  5  4  5 12 15 15 32 130.73149185.70
6805241844195040332727203023250 48 27 18 12 12  7 15  9 181.05165182.60
68052518442020 7131713232013127  7  3  5  6  5  9  7  5  60.31146181.10
6805261844211320 31010 7 3 7 73  5  7  2  4  4  3  2  3  40.10121177.00
680527184422 3 7131010101720 90  2  3  5  4  4  4  6  7  40.21139170.90
680528184423201710 313233010127  7  6  4  2  5  9 15  4  60.31133158.10
6805291844242017232317272327177  7  6  9  9  6 12  9 12  90.52135150.90
6805301844252730231020272330190 12 15  9  4  7 12  9 15 100.63126151.30
6805311844263023201323272720183 15  9  7  5  9 12 12  7 100.52136148.90
6806011844272313174040303340237  9  5  6 27 27 15 18 27 170.94139151.90
6806021845 13340332030273333250 18 27 18  7 15 12 18 18 170.94134145.40
6806031845 24017203027372730227 27  6  7 15 12 22 12 15 140.84121143.90
6806041845 32720231713232730180 12  7  9  6  5  9 12 15  90.52114144.00
6806051845 41317131310132010110  5  6  5  5  4  5  7  4  50.21115138.30
6806061845 5 313 71017171023100  2  5  3  4  6  6  4  9  50.21129145.60
6806071845 61317272727372710183  5  6 12 12 12 22 12  4 110.63138152.30
6806081845 71723131323404323197  6  9  5  5  9 27 32  9 130.73119154.70
6806091845 81730171310202730163  6 15  6  5  4  7 12 15  90.52103149.00
6806101845 93740534350302760340 22 27 56 32 48 15 12 80 361.46 99148.00
6806111845107080706367505743500132207132 94111 48 67 321031.98 87146.50
6806121845114750434050504340363 39 48 32 27 48 48 32 27 381.46105143.50
6806131845124053605357474733390 27 56 80 56 67 39 39 18 481.67108143.40
6806141845133023534743403330300 15  9 56 39 32 27 18 15 261.26114139.50
6806151845141717272013173023163  6  6 12  7  5  6 15  9  80.42107139.70
6806161845151310 72730173347183  5  4  3 12 15  6 18 39 130.73103138.20
6806171845163040533720132020233 15 27 56 22  7  5  7  7 181.05113139.70
6806181845171713272327304323203  6  5 12  9 12 15 32  9 120.73121143.10
6806191845183030332327233030227 15 15 18  9 12  9 15 15 140.84107147.50
68062018451923231310 7172713133  9  9  5  4  3  6 12  5  70.31103151.50
68062118452010 7 3 710 710 3 57  4  3  2  3  4  3  4  2  30.10108157.20
680622184521 720272733202723183  3  7 12 12 18  7 12  9 100.63 94154.70
6806231845221720271710131320137  6  7 12  6  4  5  5  7  60.31101163.90
680624184523 3 3 3 0 3 310 7 33  2  2  2  0  2  2  4  3  20.00113157.60
680625184524 3 310 3 3231023 80  2  2  4  2  2  9  4  9  40.10111154.10
6806261845254320172330332033220 32  7  6  9 15 18  7 18 140.84107146.10
6806271845262020203030233327203  7  7  7 15 15  9 18 12 110.63102147.50
68062818452730 3101017201317120 15  2  4  4  6  7  5  6  60.31111142.70
6806291846 1131717 717304740187  5  6  6  3  6 15 39 27 130.84 94139.00
6806301846 23727232017173027197 22 12  9  7  6  6 15 12 110.63 88135.80
6807011846 33033271720101727180 15 18 12  6  7  4  6 12 100.63 55128.30
6807021846 43317172320202323177 18  6  6  9  7  7  9  9  90.52 37120.20
6807031846 53330473723302017237 18 15 39 22  9 15  7  6 160.94 30117.10
6807041846 61327302727203017190  5 12 15 12 12  7 15  6 100.63 26116.00
6807051846 72323172717271713163  9  9  6 12  6 12  6  5  80.42 28119.40
6807061846 820202023202010 7140  7  7  7  9  7  7  4  3  60.31 41120.10
6807071846 91017302310231710140  4  6 15  9  4  9  6  4  70.42 54135.00
68070818461013201720 7231310123  5  7  6  7  3  9  5  4  60.31 89147.10
680709184611 3101310 713 723 87  2  4  5  4  3  5  3  9  40.21 91153.60
6807101846124350333753234753340 32 48 18 22 56  9 39 56 351.46 99156.90
6807111846133333201010173027180 18 18  7  4  4  6 15 12 100.63124162.70
6807121846143023 71013231310130 15  9  3  4  5  9  5  4  70.31152166.20
680713184615172717 7 3506037217  6 12  6  3  2 48 80 22 221.15147155.60
6807141846165747232330233323260 67 39  9  9 15  9 18  9 221.15138155.90
6807151846172320132010132317140  9  7  5  7  4  5  9  6  60.31123147.90
6807161846182020201017402713167  7  7  7  4  6 27 12  5  90.52129149.50
680717184619 710101320132320117  3  4  4  5  7  5  9  7  60.21117143.60
6807181846202330171333331010170  9 15  6  5 18 18  4  4 100.63 96135.20
6807191846211320232313231330160  5  7  9  9  5  9  5 15  80.42102135.30
6807201846222713 3 3 7101310 87 12  5  2  2  3  4  5  4  50.21 93133.80
68072118462317 7101323303027157  6  3  4  5  9 15 15 12  90.52 93133.10
6807221846244027374043272720260 27 12 22 27 32 12 12  7 191.05 86139.00
6807231846252023372733271317197  7  9 22 12 18 12  5  6 110.73 93146.10
680724184626 7 710 7 710 7 7 60  3  3  4  3  3  4  3  3  30.10101152.70
680725184627 710131330301717137  3  4  5  5 15 15  6  6  70.42124158.10
6807261847 11323203730303340227  5  9  7 22 15 15 18 27 150.84130154.30
6807271847 23333302727131313190 18 18 15 12 12  5  5  5 110.63127146.80
6807281847 31720 71317273017147  6  7  3  5  6 12 15  6  80.42118143.60
6807291847 41717171013131010107  6  6  6  4  5  5  4  4  50.21129144.30
6807301847 51313101020233020140  5  5  4  4  7  9 15  7  70.42115138.50
6807311847 62013202010131010117  7  5  7  7  4  5  4  4  50.21 93134.70
6808011847 7 7 7131310 7 7 7 70  3  3  5  5  4  3  3  3  40.10 98134.20
6808021847 8 7101013 710 713 77  3  4  4  5  3  4  3  5  40.10 91134.20
6808031847 91740332023332013200  6 27 18  7  9 18  7  5 120.73 92140.80
68080418471030201710 3 3 317103 15  7  6  4  2  2  2  6  60.21 94135.60
6808051847111327 73030332733200  5 12  3 15 15 18 12 18 120.73 94135.90
6808061847123340303020233727240 18 27 15 15  7  9 22 12 160.94 95147.90
6808071847133330303330201723217 18 15 15 18 15  7  6  9 130.73100139.80
6808081847144333371327171727213 32 18 22  5 12  6  6 12 140.84113141.70
6808091847153323231723303733220 18  9  9  6  9 15 22 18 130.84 98146.60
6808101847162717202310231020150 12  6  7  9  4  9  4  7  70.42 90146.60
68081118471727202310 71010 7113 12  7  9  4  3  4  4  3  60.31104150.60
6808121847182013171313132313127  7  5  6  5  5  5  9  5  60.31116161.60
680813184719 713 3 720234737157  3  5  2  3  7  9 39 22 110.63142170.80
6808141847204730404047334040317 39 15 27 27 39 18 27 27 271.26165185.00
6808151847213040404340333033290 15 27 27 32 27 18 15 18 221.15172185.60
6808161847224343372340535760357 32 32 22  9 27 56 67 80 411.57170179.00
6808171847235053474340573337360 48 56 39 32 27 67 18 22 391.46160169.20
6808181847243040403033273037267 15 27 27 15 18 12 15 22 191.05148164.70
6808191847253027303023201710187 15 12 15 15  9  7  6  4 100.63136159.80
6808201847261713131720201320133  6  5  5  6  7  7  5  7  60.31122159.90
68082118472710131710 7 71310 87  4  5  6  4  3  3  5  4  40.10138158.60
6808221848 1 7 3 31313131727 97  3  2  2  5  5  5  6 12  50.21143153.70
6808231848 22037231313233727193  7 22  9  5  5  9 22 12 110.73126137.70
6808241848 33747473027172723253 22 39 39 15 12  6 12  9 191.05108130.80
6808251848 413 3 3 3 3 73013 77  5  2  2  2  2  3 15  5  40.21 86124.10
6808261848 5 3 7 7131713 710 77  2  3  3  5  6  5  3  4  40.10 77118.00
6808271848 620231013 71017 7107  7  9  4  5  3  4  6  3  50.21 67114.40
6808281848 71010 7 7 7101310 73  4  4  3  3  3  4  5  4  40.10 49119.40
6808291848 8 7 0 3 3 3 7 7 7 37  3  0  2  2  2  3  3  3  20.00 64121.60
6808301848 910 3 3 3 3 3 710 43  4  2  2  2  2  2  3  4  30.00 68125.50
6808311848101723203033433320220  6  9  7 15 18 32 18  7 140.84 63123.40
6809011848113720233317131010163 22  7  9 18  6  5  4  4  90.52 78129.50
68090218481217 7173733172030177  6  3  6 22 18  6  7 15 100.63 82134.10
6809031848133027233727374040260 15 12  9 22 12 22 27 27 181.05119142.80
6809041848143027273733301327223 15 12 12 22 18 15  5 12 140.84118143.10
6809051848151730332733171730203  6 15 18 12 18  6  6 15 120.73111139.60
6809061848163037331030373743257 15 22 18  4 15 22 22 32 191.05 96136.00
6809071848173323232723273053240 18  9  9 12  9 12 15 56 181.05 90141.10
6809081848185757535740574017377 67 67 56 67 27 67 27  6 481.67106149.30
6809091848193730203337132720217 22 15  7 18 22  5 12  7 140.84128149.30
68091018482017201023202310 7130  6  7  4  9  7  9  4  3  60.31138156.00
68091118482120231710 3 3 3 3 83  7  9  6  4  2  2  2  2  40.10145152.40
6809121848221327302747403337253  5 12 15 12 39 27 18 22 191.05150155.90
6809131848235357404750474740380 56 67 27 39 48 39 39 27 431.57153150.40
6809141848244743434040433337327 39 32 32 27 27 32 18 22 291.36113146.40
6809151848254747403037504330323 39 39 27 15 22 48 32 15 301.36 88135.60
6809161848263037202020132320183 15 22  7  7  7  5  9  7 100.63 84131.90
68091718482723202717101310 3123  9  7 12  6  4  5  4  2  60.31 81131.40
6809181849 1 310 7 7 7 7 320 63  2  4  3  3  3  3  2  7  30.10 85128.80
6809191849 2274330302017 7 7180 12 32 15 15  7  6  3  3 120.73 88127.30
6809201849 32337 3 7 7 71717117  9 22  2  3  3  3  6  6  70.31 84127.40
6809211849 41333371033372310197  5 18 22  4 18 22  9  4 130.73 90133.50
6809221849 52710172327202740190 12  4  6  9 12  7 12 27 110.63 99127.50
6809231849 6404727404343 710257 27 39 12 27 32 32  3  4 221.15118126.70
6809241849 7 7 3 3 7 7 72310 67  3  2  2  3  3  3  9  4  40.10149142.90
6809251849 8 7 0 0 7 713 7 7 47  3  0  0  3  3  5  3  3  20.00187158.10
6809261849 9171013101717 7 3 93  6  4  5  4  6  6  3  2  40.21184159.90
680927184910 01710 7 7 3 310 57  0  6  4  3  3  2  2  4  30.10176157.80
6809281849112010202023203027170  7  4  7  7  9  7 15 12  80.52149158.70
6809291849123023171310232723167 15  9  6  5  4  9 12  9  90.52137153.90
68093018491310 7 3 317203030120  4  3  2  2  6  7 15 15  70.31 91144.20
6810011849144743132723202333230 39 32  5 12  9  7  9 18 160.94 75136.40
6810021849155757475757403340387 67 67 39 67 67 27 18 27 471.57 73136.30
681003184916575347532010 7 0247 67 56 39 56  7  4  3  0 291.36108145.20
681004184917 3 710 31020 7 3 63  2  3  4  2  4  7  3  2  30.10119146.10
681005184918 3 0102010 7 0 0 50  2  0  4  7  4  3  0  0  20.00118147.80
681006184919 7 0302317132017127  3  0 15  9  6  5  7  6  60.31126145.20
681007184920302727 717304340220 15 12 12  3  6 15 32 27 150.94135146.70
68100818492133171013 7202017137 18  6  4  5  3  7  7  6  70.42112141.60
6810091849223330 7 720301320160 18 15  3  3  7 15  5  7  90.52 87137.30
68101018492337 71717 7 3 3 7 97 22  3  6  6  3  2  2  3  60.31 70134.50
681011184924 0 010 7 3 71010 47  0  0  4  3  2  3  4  4  20.00 95133.80
6810121849254357504743576343403 32 67 48 39 32 67 94 32 511.67 99136.70
6810131849265343434340373337330 56 32 32 32 27 22 18 22 301.36 70127.10
6810141849273337232723272337230 18 22  9 12  9 12  9 22 140.84 76132.00
6810151850 1 71313201313 710 97  3  5  5  7  5  5  3  4  50.21 90136.90
6810161850 2 31317 720231310107  2  5  6  3  7  9  5  4  50.21 88137.20
6810171850 32727171323232023173 12 12  6  5  9  9  7  9  90.52 82142.40
6810181850 42730232010101013143 12 15  9  7  4  4  4  5  80.42108149.60
6810191850 513 7132727104037173  5  3  5 12 12  4 27 22 110.63112153.60
6810201850 6231327271717 7 3133  9  5 12 12  6  6  3  2  70.31114155.50
6810211850 7 0 0 3 7 310 3 3 30  0  0  2  3  2  4  2  2  20.00122163.20
6810221850 8 0 0 0 0 7 3 3 3 17  0  0  0  0  3  2  2  2  10.00134164.80
6810231850 9 0 0 3 3 7131710 53  0  0  2  2  3  5  6  4  30.00136166.90
6810241850101010 31013273713123  4  4  2  4  5 12 22  5  70.42139173.20
681025185011 320202720101720137  2  7  7 12  7  4  6  7  60.31138171.70
681026185012 7 31017 7 72723100  3  2  4  6  3  3 12  9  50.21133172.40
681027185013271327102010 710123 12  5 12  4  7  4  3  4  60.31138172.80
68102818501413 020 310 7 733 93  5  0  7  2  4  3  3 18  50.21118171.00
6810291850153333273350605743337 18 18 12 18 48 80 67 32 371.46114191.10
6810301850162723133740272737230 12  9  5 22 27 12 12 22 150.94112163.80
6810311850174743507380807060503 39 32 48154207207132 801121.98 99159.50
6811011850185330276083807083487 56 15 12 802362071322361221.98 89153.30
6811021850197773574750504063457179154 67 39 48 48 27 94 821.87 76151.50
6811031850206743432747432727323111 32 32 12 39 32 12 12 351.46 76146.00
6811041850213040434047305027307 15 27 32 27 39 15 48 12 271.26 81140.30
681105185022 323201323 32020127  2  9  7  5  9  2  7  7  60.31 97132.80
681106185023 710 71010132337117  3  4  3  4  4  5  9 22  70.31 92131.40
681107185024404743233713 7 3213 27 39 32  9 22  5  3  2 170.94 92129.10
681108185025 0 7272037302027167  0  3 12  7 22 15  7 12 100.52 89133.10
6811091850264340404040372710277 32 27 27 27 27 22 12  4 221.15105135.30
6811101850271033132737332323200  4 18  5 12 22 18  9  9 120.73111135.20
6811111851 1333733233317 313193 18 22 18  9 18  6  2  5 120.73106132.50
6811121851 223 7 7 7 3 3 0 3 53  9  3  3  3  2  2  0  2  30.10 94129.30
6811131851 3 3 7102013132323113  2  3  4  7  5  5  9  9  60.21 94131.40
6811141851 4 3 3 7 310101720 73  2  2  3  2  4  4  6  7  40.10 85131.20
6811151851 5 71310 7 0 3 3 7 50  3  5  4  3  0  2  2  3  30.00 84133.50
6811161851 61310 73047433333217  5  4  3 15 39 32 18 18 170.94 84127.60
6811171851 73320372030404337260 18  7 22  7 15 27 32 22 191.05 82140.50
6811181851 84747403713302733273 39 39 27 22  5 15 12 18 221.15 77148.00
6811191851 9232017232013 0 7123  9  7  6  9  7  5  0  3  60.31 80141.40
681120185110 710104347403317207  3  4  4 32 39 27 18  6 170.94 92139.10
6811211851111710 7 7 7232330123  6  4  3  3  3  9  9 15  60.31 84133.70
68112218511217 7 71313 71727107  6  3  3  5  5  3  6 12  50.21 81131.00
681123185113233717 310 3 310107  9 22  6  2  4  2  2  4  60.31 76132.30
68112418511420 7 7 7 7271313100  7  3  3  3  3 12  5  5  50.21 67134.30
68112518511527201717231727 7153 12  7  6  6  9  6 12  3  80.42 80135.30
6811261851161310102023271723143  5  4  4  7  9 12  6  9  70.42 89135.10
6811271851173333171713171730177 18 18  6  6  5  6  6 15 100.63 87134.10
6811281851181320132017132723147  5  7  5  7  6  5 12  9  70.42 73129.60
68112918511923 7 7101320 0 0 80  9  3  3  4  5  7  0  0  40.10 73128.20
681130185120 0 0 0 3 3 31313 37  0  0  0  2  2  2  5  5  20.00 83128.60
68120118512117272020303317 3167  6 12  7  7 15 18  6  2  90.52104140.10
681202185122 7 3172017231717120  3  2  6  7  6  9  6  6  60.31109149.80
6812031851231743302340332740253  6 32 15  9 27 18 12 27 181.05113149.70
6812041851244710403733403723267 39  4 27 22 18 27 22  9 211.15116147.90
6812051851252730535040273327287 12 15 56 48 27 12 18 12 251.26118146.60
6812061851263733172310 31317153 22 18  6  9  4  2  5  6  90.52117142.80
68120718512713 3 3 710271310 87  5  2  2  3  4 12  5  4  50.21116140.20
6812081852 12030301727172330193  7 15 15  6 12  6  9 15 110.63122141.80
6812091852 21310 71010172027113  5  4  3  4  4  6  7 12  60.31130145.60
6812101852 33733333327 71327210 22 18 18 18 12  3  5 12 140.84117147.90
6812111852 4201310 310272713123  7  5  4  2  4 12 12  5  60.31101143.60
6812121852 537301010101320 7137 22 15  4  4  4  5  7  3  80.42 68139.00
6812131852 62013 0 710232710110  7  5  0  3  4  9 12  4  60.21 75131.50
6812141852 7 7 3101013 7 3 7 60  3  2  4  4  5  3  2  3  30.10 81134.30
6812151852 8172017 320131723130  6  7  6  2  7  5  6  9  60.31 84134.00
6812161852 92033131320131727157  7 18  5  5  7  5  6 12  80.42 67127.00
681217185210271710 7 7 3 3 3 77 12  6  4  3  3  2  2  2  40.10 77130.20
6812181852112023101320202323153  7  9  4  5  7  7  9  9  70.42 93133.90
6812191852123323272027272730213 18  9 12  7 12 12 12 15 120.73101141.90
68122018521320 717 7 7 3 3 0 63  7  3  6  3  3  2  2  0  30.10102144.70
6812211852142720202723302343213 12  7  7 12  9 15  9 32 130.73107147.10
68122218521540332317273027 7203 27 18  9  6 12 15 12  3 130.73114147.30
6812231852161717232737333333220  6  6  9 12 22 18 18 18 140.84114146.40
6812241852172720201020231037167 12  7  7  4  7  9  4 22  90.52125154.10
6812251852183750473717201330250 22 48 39 22  6  7  5 15 201.05131155.30
68122618521913 7 710 7 713 7 70  5  3  3  4  3  3  5  3  40.10140154.10
6812271852202030403733171013200  7 15 27 22 18  6  4  5 130.73148163.50
6812281852211010101717201317113  4  4  4  6  6  7  5  6  50.21139150.70
6812291852221710 31723332333160  6  4  2  6  9 18  9 18  90.52139142.70
6812301852232023202023132717163  7  9  7  7  9  5 12  6  80.42119144.20
6812311852243313101010233040170 18  5  4  4  4  9 15 27 110.63117139.60
