71010118792630171013 71717 3113 15  6  4  5  3  6  6  2  60.31 68130.50
7101021879272737403740303027267 12 22 27 22 27 15 15 12 191.05 67134.80
7101031880 13743404740435343347 22 32 27 39 27 32 56 32 331.36 65134.70
7101041880 24033372733302720247 27 18 22 12 18 15 12  7 160.94 69140.20
7101051880 32023272027202327187  7  9 12  7 12  7  9 12  90.52 63146.10
7101061880 4201017 710 71310 93  7  4  6  3  4  3  5  4  40.21 64146.90
7101071880 5 3 0 3 3 3 3 0 0 17  2  0  2  2  2  2  0  0  10.00 67150.20
7101081880 6 0 0 0 0 0 3 0 0  3  0  0  0  0  0  2  0  0  00.00 79149.10
7101091880 7 0 0 0 0 0 3 7 0 10  0  0  0  0  0  2  3  0  10.00 89152.90
7101101880 8 7 3101013103320107  3  2  4  4  5  4 18  7  60.31 80152.10
7101111880 9131323171730 727147  5  5  9  6  6 15  3 12  80.42 76149.00
71011218801017 3 3 7 313 7 3 57  6  2  2  3  2  5  3  2  30.10 91150.50
7101131880111317132023101020127  5  6  5  7  9  4  4  7  60.31 82148.20
710114188012202727202727 313163  7 12 12  7 12 12  2  5  90.52 78154.00
7101151880132020332020171320163  7  7 18  7  7  6  5  7  80.42 64153.70
710116188014271027201713 720140 12  4 12  7  6  5  3  7  70.42 67156.40
710117188015 310132327171717127  2  4  5  9 12  6  6  6  60.31 76155.20
7101181880162013173347372727220  7  5  6 18 39 22 12 12 150.94102160.30
7101191880172720131727303340207 12  7  5  6 12 15 18 27 130.73109165.80
7101201880184353404737402730317 32 56 27 39 22 27 12 15 291.36120169.30
7101211880192727372727302020213 12 12 22 12 12 15  7  7 120.73131178.80
71012218802030303017 3 31730160 15 15 15  6  2  2  6 15 100.52125180.60
71012318802127232010 7131713130 12  9  7  4  3  5  6  5  60.31120182.90
7101241880221723102323 73337173  6  9  4  9  9  3 18 22 100.63120177.10
71012518802340272017132017 7160 27 12  7  6  5  7  6  3  90.52112168.70
710126188024 7 0 0 0 3 7 3 3 23  3  0  0  0  2  3  2  2  20.00109165.00
710127188025 347604347504040330  2 39 80 32 39 48 27 27 371.46121166.70
7101281880264747404037504060360 39 39 27 27 22 48 27 80 391.46109166.20
7101291880275040173023201720217 48 27  6 15  9  7  6  7 160.94108160.80
7101301881 13350335030203743297 18 48 18 48 15  7 22 32 261.26 95163.00
7101311881 23027472730273727250 15 12 39 12 15 12 22 12 170.94103170.10
7102011881 33027403330401713230 15 12 27 18 15 27  6  5 160.94 90165.60
7102021881 43020 71717203027167 15  7  3  6  6  7 15 12  90.52 85160.60
7102031881 5231713 7 7 7 7 3 83  9  6  5  3  3  3  3  2  40.10 81154.80
7102041881 6 3 3 31010201317 80  2  2  2  4  4  7  5  6  40.10 80148.60
7102051881 71313 717 7 3 710 77  5  5  3  6  3  2  3  4  40.10 73144.80
7102061881 82310231717171313133  9  4  9  6  6  6  5  5  60.31 78143.70
7102071881 91323201310171323133  5  9  7  5  4  6  5  9  60.31 82133.40
7102081881102727132317233030190 12 12  5  9  6  9 15 15 100.63 64123.20
710209188111203030233030 317183  7 15 15  9 15 15  2  6 100.63 45110.50
71021018811220 3131323333327167  7  2  5  5  9 18 18 12 100.52 40109.50
71021118811313 0 320 3231727107  5  0  2  7  2  9  6 12  50.21 62109.70
7102121881141313201023232017140  5  5  7  4  9  9  7  6  60.31 57110.60
7102131881152710 7 7 0 3 3 3 60 12  4  3  3  0  2  2  2  40.10 65113.20
710214188116 310233343404027220  2  4  9 18 32 27 27 12 160.94 64114.80
7102151881173330373333504753317 18 15 22 18 18 48 39 56 291.36 69117.20
7102161881186043333327373737307 80 32 18 18 12 22 22 22 281.26 69129.80
7102171881193727302727232033223 22 12 15 12 12  9  7 18 130.84 71132.70
7102181881202330272027272337213  9 15 12  7 12 12  9 22 120.73 81130.40
710219188121273727201013 717157 12 22 12  7  4  5  3  6  90.52 96138.60
7102201881222730132013132720163 12 15  5  7  5  5 12  7  80.52 97136.20
710221188123172027172320 710140  6  7 12  6  9  7  3  4  70.31101136.20
71022218812417 72317 0 0 3 0 67  6  3  9  6  0  0  2  0  30.10104143.70
7102231881251020201017334340193  4  7  7  4  6 18 32 27 130.84102143.30
71022418812620 7131723232353180  7  3  5  6  9  9  9 56 130.73101147.60
7102251881275030333757536047367 48 15 18 22 67 56 80 39 431.57 98146.40
7102261882 15363374030332323303 56 94 22 27 15 18  9  9 311.36 87143.30
7102271882 23323101027232333183 18  9  4  4 12  9  9 18 100.63 85140.00
7102281882 32033171010 7 7 3107  7 18  6  4  4  3  3  2  60.31 84136.60
7103011882 417202010 710 3 7 93  6  7  7  4  3  4  2  3  40.21 83129.20
7103021882 5 323 7 0 7101317 80  2  9  3  0  3  4  5  6  40.10 93125.80
7103031882 62320231313203723173  9  7  9  5  5  7 22  9  90.52 84121.70
7103041882 74033273327232710220 27 18 12 18 12  9 12  4 140.84 72115.90
7103051882 8232017101713 3 3107  9  7  6  4  6  5  2  2  50.21 63113.60
7103061882 91017 31710 71313 90  4  6  2  6  4  3  5  5  40.21 52109.10
71030718821017 7 7 3 7171310 80  6  3  3  2  3  6  5  4  40.10 48105.20
7103081882114040173030302323233 27 27  6 15 15 15  9  9 150.94 44104.00
71030918821210232727 71013 7123  4  9 12 12  3  4  5  3  60.31 37104.50
7103101882133020373337371717227 15  7 22 18 22 22  6  6 150.84 41106.90
710311188214 73017272313 0 7123  3 15  6 12  9  5  0  3  70.31 49109.50
7103121882151013102033334060220  4  5  4  7 18 18 27 80 201.05 68115.20
7103131882163337435047575343363 18 22 32 48 39 67 56 32 391.46 76112.50
7103141882173333435037334050320 18 18 32 48 22 18 27 48 291.36 71111.60
7103151882185047432327372320270 48 39 32  9 12 22  9  7 221.15 72110.30
7103161882194030202323332730227 27 15  7  9  9 18 12 15 140.84 79114.50
7103171882203020272310272023180 15  7 12  9  4 12  7  9  90.52 79116.20
71031818822127201013 7132020130 12  7  4  5  3  5  7  7  60.31 76114.10
7103191882221727103037302747223  6 12  4 15 22 15 12 39 160.94 64109.10
710320188223374040231013 720190 22 27 27  9  4  5  3  7 130.73 53106.30
71032118822410 01010 3 31010 57  4  0  4  4  2  2  4  4  30.10 58112.60
710322188225 710 3 0 7 313 3 47  3  4  2  0  3  2  5  2  30.00 55112.40
710323188226 0 0 3 3 7172013 63  0  0  2  2  3  6  7  5  30.10 51108.20
7103241882271320373017233737213  5  7 22 15  6  9 22 22 140.84 51107.90
7103251883 12720403717232020203 12  7 27 22  6  9  7  7 120.73 48108.20
7103261883 23323433027302713227 18  9 32 15 12 15 12  5 150.84 50107.70
7103271883 32023272030172020177  7  9 12  7 15  6  7  7  90.52 55108.50
7103281883 413 3 0 0 3 310 7 40  5  2  0  0  2  2  4  3  20.00 52106.10
7103291883 5 3 013 3 3 0 7 7 37  2  0  5  2  2  0  3  3  20.00 49103.40
7103301883 61313 31020173737150  5  5  2  4  7  6 22 22  90.52 54100.90
7103311883 74743402343434317300 39 32 27  9 32 32 32  6 261.26 54102.90
7104011883 83330472310131710183 18 15 39  9  4  5  6  4 120.73 58100.50
7104021883 9 3 7132327271317130  2  3  5  9 12 12  5  6  70.31 57107.60
7104031883103723273713173343230 22  9 12 22  5  6 18 32 160.94 59109.00
7104041883115340332033474337307 56 27 18  7 18 39 32 22 271.26 56107.70
7104051883122013102017304330183  7  5  4  7  6 15 32 15 110.73 62108.30
7104061883133337333317202327223 18 22 18 18  6  7  9 12 140.84 58107.30
710407188314203020 7 3 7 720113  7 15  7  3  2  3  3  7  60.31 59113.20
71040818831510 7131320132023120  4  3  5  5  7  5  7  9  60.31 61110.10
7104091883162040575760576040390  7 27 67 67 80 67 80 27 531.67 47109.00
7104101883174353403340374340330 32 56 27 18 27 22 32 27 301.36 54109.80
7104111883183050434733403727307 15 48 32 39 18 27 22 12 271.26 51124.10
7104121883193723171727173020187 22  9  6  6 12  6 15  7 100.63 85129.80
7104131883201720232727201313160  6  7  9 12 12  7  5  5  80.42103139.60
7104141883213320101343404777283 18  7  4  5 32 27 39179 391.46125141.10
7104151883226747274347273340330111 39 12 32 39 12 18 27 361.46123139.10
7104161883234037302330202330233 27 22 15  9 15  7  9 15 150.84109139.60
71041718832420302723 3 3 730143  7 15 12  9  2  2  3 15  80.42102139.90
7104181883253023131717302037187 15  9  5  6  6 15  7 22 110.63102137.20
7104191883263030231710131317153 15 15  9  6  4  5  5  6  80.42110138.40
710420188327 7201313 7 720 3 90  3  7  5  5  3  3  7  2  40.21106136.70
7104211884 1 0 7172027374363213  0  3  6  7 12 22 32 94 221.15 98128.90
7104221884 24730172027233323220 39 15  6  7 12  9 18  9 140.84 82120.50
7104231884 3 723203013173730177  3  9  7 15  5  6 22 15 100.63 55117.50
7104241884 41310 3 3 7 3 3 3 47  5  4  2  2  3  2  2  2  30.00 50109.10
7104251884 5 0 3 0 0 3 3 7 0 17  0  2  0  0  2  2  3  0  10.00 48106.00
7104261884 6 7 3 3 323231020 93  3  2  2  2  9  9  4  7  50.21 53104.80
7104271884 71323272313132023157  5  9 12  9  5  5  7  9  80.42 51101.60
7104281884 82737302350501717250 12 22 15  9 48 48  6  6 211.15 49097.50
7104291884 93020171720171333167 15  7  6  6  7  6  5 18  90.52 45095.80
710430188410372723131720 7 3147 22 12  9  5  6  7  3  2  80.42 36094.80
710501188411132713 713132720133  5 12  5  3  5  5 12  7  70.31 47095.20
7105021884124747432017131713217 39 39 32  7  6  5  6  5 170.94 49099.60
710503188413132310 320232337153  5  9  4  2  7  9  9 22  80.52 54106.10
7105041884143733 7 7131010 7123 22 18  3  3  5  4  4  3  80.42 61112.60
7105051884152010 01010303323137  7  4  0  4  4 15 18  9  80.42 66117.80
7105061884163733476353535750393 22 18 39 94 56 56 67 48 501.67 66125.60
7105071884175057434033474040350 48 67 32 27 18 39 27 27 361.46 72131.10
7105081884182023333323303327223  7  9 18 18  9 15 18 12 130.84 70132.70
7105091884193030232317302727207 15 15  9  9  6 15 12 12 120.73 69138.30
7105101884203733301717172313187 22 18 15  6  6  6  9  5 110.63 73135.70
710511188421172710 3 7 3 310 80  6 12  4  2  3  2  2  4  40.21 71135.30
71051218842210 7 7 010 3 723 67  4  3  3  0  4  2  3  9  40.10 74130.10
7105131884232010 7 010131310 83  7  4  3  0  4  5  5  4  40.10 78125.00
7105141884242727103027373333223 12 12  4 15 12 22 18 18 140.84 78122.30
7105151884254330271317271323193 32 15 12  5  6 12  5  9 120.73 76118.00
71051618842610 7 3 3 3102330 90  4  3  2  2  2  4  9 15  50.21 74116.10
7105171884275037606063676353453 48 22 80 80 94111 94 56 731.87 65112.80
7105181885 16053474743473717350 80 56 39 39 32 39 22  6 391.46 56111.10
7105191885 23020272323232023190 15  7 12  9  9  9  7  9 100.52 48109.80
7105201885 320 3133013 7 310100  7  2  5 15  5  3  2  4  50.21 45106.00
7105211885 417 3 020202710 3100  6  2  0  7  7 12  4  2  50.21 43102.00
7105221885 520171313 7101013103  7  6  5  5  3  4  4  5  50.21 35093.40
7105231885 637232317 7233323187 22  9  9  6  3  9 18  9 110.63 20089.60
7105241885 71713101313233023143  6  5  4  5  5  9 15  9  70.42 20088.80
7105251885 81317171317172323140  5  6  6  5  6  6  9  9  60.31 27092.40
7105261885 93027271717201720173 15 12 12  6  6  7  6  7  90.52 36093.60
710527188510 7 0 3 7 3 3 3 7 33  3  0  2  3  2  2  2  3  20.00 49103.90
710528188511 0 3 3 313102310 67  0  2  2  2  5  4  9  4  40.10 64107.00
7105291885122010 7 310132027110  7  4  3  2  4  5  7 12  60.21 67108.40
7105301885132720334350302723253 12  7 18 32 48 15 12  9 191.05 68110.30
7105311885141710131010 710 3 80  6  4  5  4  4  3  4  2  40.10 63111.70
710601188515 710434040434040263  3  4 32 27 27 32 27 27 221.15 49110.00
7106021885164043374340375340333 27 32 22 32 27 22 56 27 311.36 61108.20
7106031885175047472030333723287 48 39 39  7 15 18 22  9 251.26 60107.80
7106041885182323331713201727173  9  9 18  6  5  7  6 12  90.52 55107.40
7106051885192323131310132317137  9  9  5  5  4  5  9  6  60.31 43106.30
71060618852017202313131310 3113  6  7  9  5  5  5  4  2  50.21 28105.00
710607188521 310 3 3 710 717 60  2  4  2  2  3  4  3  6  30.10 29101.60
7106081885222327231713131710143  9 12  9  6  5  5  6  4  70.42 38101.90
710609188523 3 3 7 7 71710 7 60  2  2  3  3  3  6  4  3  30.10 28100.90
710610188524 0 3 72017131310 83  0  2  3  7  6  5  5  4  40.10 24097.50
710611188525132017201713 713120  5  7  6  7  6  5  3  5  60.21 26096.00
710612188526 7131013 3 3 7 7 63  3  5  4  5  2  2  3  3  30.10 30093.30
710613188527 3 313 337332713133  2  2  5  2 22 18 12  5  80.52 23093.70
7106141886 1132317101713 710110  5  9  6  4  6  5  3  4  50.21 32094.00
7106151886 2 7132313 7 71320103  3  5  9  5  3  3  5  7  50.21 20091.30
7106161886 313 7101720131323117  5  3  4  6  7  5  5  9  60.21 36090.80
7106171886 4131730373023 710167  5  6 15 22 15  9  3  4 100.63 40093.10
7106181886 51717301713 71017127  6  6 15  6  5  3  4  6  60.31 40095.40
7106191886 61010 7 3 3 3 3 0 40  4  4  3  2  2  2  2  0  20.00 28094.60
7106201886 7 7101317 3 3 7 7 67  3  4  5  6  2  2  3  3  40.10 35094.20
7106211886 8 0 7131317131317 93  0  3  5  5  6  5  5  6  40.21 35095.20
7106221886 91020 01023201317113  4  7  0  4  9  7  5  6  50.21 38098.50
710623188610202023272320 7 3143  7  7  9 12  9  7  3  2  70.42 49095.00
710624188611 7 710 313 72720 93  3  3  4  2  5  3 12  7  50.21 58105.30
7106251886122733374050534050330 12 18 22 27 48 56 27 48 321.36 69110.20
7106261886133330333723131013193 18 15 18 22  9  5  4  5 120.73 88115.90
710627188614171010101310 710 87  6  4  4  4  5  4  3  4  40.10103122.50
710628188615 3 7101730273030153  2  3  4  6 15 12 15 15  90.52106131.10
7106291886162033233340405043283  7 18  9 18 27 27 48 32 231.15110141.10
7106301886173317201727232030187 18  6  7  6 12  9  7 15 100.63112148.70
7107011886183033232323132323193 15 18  9  9  9  5  9  9 100.63 95145.00
7107021886193730273037231730230 22 15 12 15 22  9  6 15 140.84 97139.30
7107031886202313171320171327143  9  5  6  5  7  6  5 12  70.31 98130.50
710704188621302013 713131727140 15  7  5  3  5  5  6 12  70.42 95134.70
7107051886221717171713132723143  6  6  6  6  5  5 12  9  70.31 84134.60
710706188623371710 710232723153 22  6  4  3  4  9 12  9  90.52 79126.90
710707188624 7 7 3 7 7 71010 57  3  3  2  3  3  3  4  4  30.10 74122.50
71070818862510302013 7232330157  4 15  7  5  3  9  9 15  80.52 68116.70
710709188626332320 3 3 31313113 18  9  7  2  2  2  5  5  60.31 58107.70
71071018862713 7 0 0 3 710 3 43  5  3  0  0  2  3  4  2  20.00 45108.40
7107111887 11017 71013271713113  4  6  3  4  5 12  6  5  60.31 48108.60
7107121887 22310101313203023143  9  4  4  5  5  7 15  9  70.42 58109.70
7107131887 32717301717232713170 12  6 15  6  6  9 12  5  90.52 54111.20
7107141887 41720232727201313160  6  7  9 12 12  7  5  5  80.42 61114.00
7107151887 52033202020131313153  7 18  7  7  7  5  5  5  80.42 82125.60
7107161887 61713171720171317130  6  5  6  6  7  6  5  6  60.31 93125.30
7107171887 7231310 317 7 3 3 80  9  5  4  2  6  3  2  2  40.10 87121.50
7107181887 8 323131730201313133  2  9  5  6 15  7  5  5  70.31 78121.00
7107191887 9302713 713131317133 15 12  5  3  5  5  5  6  70.42104126.80
710720188710 7 3 0 72020 7 7 70  3  2  0  3  7  7  3  3  40.10 91118.80
7107211887111717132737534737247  6  6  5 12 22 56 39 22 211.15 97113.70
710722188712433013 3 7 713 7123 32 15  5  2  3  3  5  3  80.52116115.70
7107231887131010132023202333153  4  4  5  7  9  7  9 18  80.42 83121.30
7107241887143010 7 71313 7 7 93 15  4  3  3  5  5  3  3  50.21112134.50
710725188715 7 7 3 31710 7 7 60  3  3  2  2  6  4  3  3  30.10112121.30
710726188716 0 0 31013375747167  0  0  2  4  5 22 67 39 170.94 84122.20
7107271887173313202720231317167 18  5  7 12  7  9  5  6  90.52 75119.00
71072818871823302313 3 7 3 3107  9 15  9  5  2  3  2  2  60.31 72116.70
710729188719 0 0 71313202337113  0  0  3  5  5  7  9 22  60.31 70114.30
7107301887202720203023101713160 12  7  7 15  9  4  6  5  80.42 72116.30
7107311887211717232323103720170  6  6  9  9  9  4 22  7  90.52 69113.20
7108011887221710131010132323120  6  4  5  4  4  5  9  9  60.31 72109.70
7108021887234047432723101717223 27 39 32 12  9  4  6  6 170.94 61109.20
71080318872420 7 3 313101010 77  7  3  2  2  5  4  4  4  40.10 58106.40
7108041887251720172320132313147  6  7  6  9  7  5  9  5  70.31 48106.40
71080518872640434313 7 3 720177 27 32 32  5  3  2  3  7 140.84 45106.90
710806188727 0 0 0 0 3 71013 33  0  0  0  0  2  3  4  5  20.00 38104.90
7108071888 1 3 0 71310171727 93  2  0  3  5  4  6  6 12  50.21 44102.60
7108081888 22737232323231327197 12 22  9  9  9  9  5 12 110.63 58108.60
7108091888 32317171323302330177  9  6  6  5  9 15  9 15  90.52 62112.00
7108101888 43330271020272030197 18 15 12  4  7 12  7 15 110.63 64109.70
7108111888 53040234033231717223 15 27  9 27 18  9  6  6 150.84 62104.70
7108121888 6232037233320 710173  9  7 22  9 18  7  3  4 100.63 60102.10
7108131888 7232027101013 717127  9  7 12  4  4  5  3  6  60.31 59101.90
7108141888 81710 3 71013 713 80  6  4  2  3  4  5  3  5  40.10 58100.70
7108151888 9 3 7101323131323107  2  3  4  5  9  5  5  9  50.21 52097.20
7108161888101737132317201313153  6 22  5  9  6  7  5  5  80.42 49098.80
710817188811 7 7 71717171753140  3  3  3  6  6  6  6 56 110.63 52103.60
7108181888124337132723331320210 32 22  5 12  9 18  5  7 140.84 63110.50
710819188813231310 7 310 3 3 73  9  5  4  3  2  4  2  2  40.10 65126.20
710820188814 310 3 0 3171320 70  2  4  2  0  2  6  5  7  40.10 84141.10
7108211888151323201717232727167  5  9  7  6  6  9 12 12  80.42102150.30
7108221888162717232017231333173 12  6  9  7  6  9  5 18  90.52100151.20
7108231888174330272323172013197 32 15 12  9  9  6  7  5 120.73108148.70
7108241888182017131317202327150  7  6  5  5  6  7  9 12  70.42 97157.60
7108251888191717101717201330140  6  6  4  6  6  7  5 15  70.31 91143.40
7108261888203317332713132717180 18  6 18 12  5  5 12  6 100.63 82138.80
71082718882117 7 7 0 310 713 63  6  3  3  0  2  4  3  5  30.10 57135.20
71082818882210 3 31020302013110  4  2  2  4  7 15  7  5  60.31 40123.70
710829188823271013 72320 713120 12  4  5  3  9  7  3  5  60.31 29112.00
71083018882427 71010 7171030117 12  3  4  4  3  6  4 15  60.31 21103.40
7108311888255047434027274750330 48 39 32 27 12 12 39 48 321.36 21096.30
7109011888263730272017172320190 22 15 12  7  6  6  9  7 100.63 22090.30
710902188827 3 3 3 0 0 3 3 7 23  2  2  2  0  0  2  2  3  20.00 19090.10
7109031889 12313171320 710 3107  9  5  6  5  7  3  4  2  50.21 26092.60
7109041889 2 3 0 7 7 3233343120  2  0  3  3  2  9 18 32  90.52 29092.60
7109051889 33033302730303023233 15 18 15 12 15 15 15  9 140.84 42095.20
7109061889 41013302737301330190  4  5 15 12 22 15  5 15 120.73 71101.80
7109071889 54337302720303743267 32 22 15 12  7 15 22 32 201.05 74107.30
7109081889 63037273317132317197 15 22 12 18  6  5  9  6 120.73 59103.50
7109091889 717 7102330231023143  6  3  4  9 15  9  4  9  70.42 47098.30
7109101889 82723171013 3 313110 12  9  6  4  5  2  2  5  60.31 22091.80
7109111889 91320132017131313123  5  7  5  7  6  5  5  5  60.31 16089.40
71091218891020272330 3101720150  7 12  9 15  2  4  6  7  80.42 27091.60
7109131889114737432027202717237 39 22 32  7 12  7 12  6 170.94 45098.80
71091418891220232720 7202330170  7  9 12  7  3  7  9 15  90.52 60108.00
7109151889132313203327172313170  9  5  7 18 12  6  9  5  90.52 72113.60
7109161889142720273017131340187 12  7 12 15  6  5  5 27 110.63 64112.50
7109171889152717132020102750183 12  6  5  7  7  4 12 48 130.73 80116.50
7109181889166067535730373020353 80111 56 67 15 22 15  7 471.57 85116.70
7109191889171327301713272020167  5 12 15  6  5 12  7  7  90.52 73113.10
7109201889183033273733234023247 15 18 12 22 18  9 27  9 160.94 60110.30
7109211889192010 3 310132313 97  7  4  2  2  4  5  9  5  50.21 62109.20
7109221889201720 3 7 7 71013 83  6  7  2  3  3  3  4  5  40.10 69110.30
710923188921 0 310 3 313 0 3 37  0  2  4  2  2  5  0  2  20.00 61108.00
710924188922 0 0 0 0 7173733 93  0  0  0  0  3  6 22 18  60.31 36106.40
7109251889233357474740302020293 18 67 39 39 27 15  7  7 271.26 30109.30
7109261889242317131313274363213  9  6  5  5  5 12 32 94 211.15 26111.90
7109271889256353474740373723347 94 56 39 39 27 22 22  9 381.46 40116.60
7109281889263023303020132013180 15  9 15 15  7  5  7  5 100.52 56116.50
710929188927271013 710102020117 12  4  5  3  4  4  7  7  60.31 62114.90
7109301890 11723303340474743280  6  9 15 18 27 39 39 32 231.15 70116.90
7110011890 24743402727302337273 39 32 27 12 12 15  9 22 211.15 63114.60
7110021890 34037373730332740280 27 22 22 22 15 18 12 27 211.15 58114.30
7110031890 45043272333371723253 48 32 12  9 18 22  6  9 201.05 48113.40
7110041890 53327232723133037213 18 12  9 12  9  5 15 22 130.73 37109.10
7110051890 64037331730232037237 27 22 18  6 15  9  7 22 160.94 52106.10
7110061890 74733133330501023240 39 18  5 18 15 48  4  9 201.05 42102.40
7110071890 81717 31310205050180  6  6  2  5  4  7 48 48 160.94 43098.30
7110081890 94353273743302320277 32 56 12 22 32 15  9  7 231.15 44098.10
7110091890104360534043403737353 32 80 56 27 32 27 22 22 371.46 40099.60
71101018901123302320 7172017157  9 15  9  7  3  6  7  6  80.42 37095.40
7110111890121713231737332323187  6  5  9  6 22 18  9  9 100.63 26094.60
7110121890131317 0 320372730147  5  6  0  2  7 22 12 15  90.52 35094.90
7110131890143330303017373023230 18 15 15 15  6 22 15  9 140.84 33091.10
7110141890152713131030172333167 12  5  5  4 15  6  9 18  90.52 30089.90
7110151890163323 72020171020150 18  9  3  7  7  6  4  7  80.42 21089.80
7110161890171313 310201017 0 87  5  5  2  4  7  4  6  0  40.10 24089.30
711017189018 3 31310 7 31013 63  2  2  5  4  3  2  4  5  30.10 28094.70
711018189019 710 3 3 0 710 0 40  3  4  2  2  0  3  4  0  20.00 39099.10
71101918902010 3 7 0 3 3 010 37  4  2  3  0  2  2  0  4  20.00 42109.80
711020189021 7 3101017101713 87  3  2  4  4  6  4  6  5  40.10 66115.60
7110211890221710 710 7101720 97  6  4  3  4  3  4  6  7  50.21 73119.30
711022189023 710371310273017150  3  4 22  5  4 12 15  6  90.52 74122.20
711023189024 3 0 7 727232320110  2  0  3  3 12  9  9  7  60.31 78123.90
7110241890252327272743202717210  9 12 12 12 32  7 12  6 130.73 81125.70
711025189026271713 720172017137 12  6  5  3  7  6  7  6  60.31 87124.40
711026189027 0 0 0 0 0 7 720 33  0  0  0  0  0  3  3  7  20.00 82119.30
7110271891 11710 7 7 3 7 710 67  6  4  3  3  2  3  3  4  40.10 79116.10
7110281891 2 317273027304347223  2  6 12 15 12 15 32 39 170.94 69110.50
7110291891 35047333323374340307 48 39 18 18  9 22 32 27 271.26 62105.10
7110301891 4434337201723 7 3193 32 32 22  7  6  9  3  2 140.84 52107.50
7110311891 5201313 7 72013 7100  7  5  5  3  3  7  5  3  50.21 59106.20
7111011891 6272713101010 710113 12 12  5  4  4  4  3  4  60.31 73109.50
7111021891 7 3 0 3 7 71017 7 53  2  0  2  3  3  4  6  3  30.10 69111.70
7111031891 8 710 7 710 3 7 3 53  3  4  3  3  4  2  3  2  30.10 62115.20
7111041891 923171310131717 7117  9  6  5  4  5  6  6  3  60.21 66112.90
7111051891101010101317131013 97  4  4  4  5  6  5  4  5  50.21 69116.00
71110618911113 0 7 3 7 3 710 50  5  0  3  2  3  2  3  4  30.00 64109.50
711107189112173320172713 0 3130  6 18  7  6 12  5  0  2  70.42 53104.60
7111081891131717171720233323167  6  6  6  6  7  9 18  9  80.52 58100.80
7111091891141710 7 7 71310 3 73  6  4  3  3  3  5  4  2  40.10 56101.60
7111101891151313 7 3 7172020100  5  5  3  2  3  6  7  7  50.21 49102.70
7111111891164040202027204327237 27 27  7  7 12  7 32 12 160.94 45104.60
7111121891173320331010172323170 18  7 18  4  4  6  9  9  90.52 46102.70
711113189118 7 713 7 710 3 3 57  3  3  5  3  3  4  2  2  30.10 42103.30
711114189119 3 0 0 0 0 0 313 20  2  0  0  0  0  0  2  5  10.00 30103.10
71111518912013 3 0 3 0 0 7 7 33  5  2  0  2  0  0  3  3  20.00 28101.10
71111618912110 3 3 7 0 3 3 3 33  4  2  2  3  0  2  2  2  20.00 26104.70
711117189122 0 0 0 0 0 010 7 17  0  0  0  0  0  0  4  3  10.00 42105.50
711118189123273317131713 310133 12 18  6  5  6  5  2  4  70.42 45104.10
711119189124101710 727301317130  4  6  4  3 12 15  5  6  70.31 48107.60
711120189125 7171323 7202320130  3  6  5  9  3  7  9  7  60.31 50113.00
7111211891261717272730173033197  6  6 12 12 15  6 15 18 110.63 62114.80
7111221891274340474030334353330 32 27 39 27 15 18 32 56 311.36 74118.80
7111231892 15750603340434353380 67 48 80 18 27 32 32 56 451.57 78120.40
7111241892 25350433350403347350 56 48 32 18 48 27 18 39 361.46 86121.60
7111251892 34760575040434040377 39 80 67 48 27 32 27 27 431.57 87121.70
7111261892 437404340302730 3250 22 27 32 27 15 12 15  2 191.05 97128.70
7111271892 52023131717272023160  7  9  5  6  6 12  7  9  80.42102128.20
7111281892 62720233323133013183 12  7  9 18  9  5 15  5 100.63106125.60
7111291892 72013 7 713172013110  7  5  3  3  5  6  7  5  50.21 99117.20
7111301892 81713101317 3 720100  6  5  4  5  6  2  3  7  50.21 84114.20
7112011892 917171717 7172023133  6  6  6  6  3  6  7  9  60.31 63116.90
711202189210 710 0 720271017 97  3  4  0  3  7 12  4  6  50.21 65109.30
7112031892111720372723333310200  6  7 22 12  9 18 18  4 120.73 55109.80
71120418921220271720 7201727153  7 12  6  7  3  7  6 12  80.42 41106.20
7112051892131710171320 7 310 97  6  4  6  5  7  3  2  4  50.21 59111.70
7112061892141317 3 3 0 0 7 7 50  5  6  2  2  0  0  3  3  30.00 82111.70
711207189215 0 7 0 0 0 7 7 0 20  0  3  0  0  0  3  3  0  10.00 84113.00
71120818921617 3 3 71010 3 7 60  6  2  2  3  4  4  2  3  30.10 86114.70
71120918921717271023 7202323150  6 12  4  9  3  7  9  9  70.42100121.10
71121018921817 0 0 01313 7 3 53  6  0  0  0  5  5  3  2  30.00101122.40
711211189219 7 0 01010272327103  3  0  0  4  4 12  9 12  60.21102122.20
7112121892201710 7 7 0273040137  6  4  3  3  0 12 15 27  90.52 98124.10
7112131892213323302723272733223 18  9 15 12  9 12 12 18 130.84 86118.70
711214189222 710 71310 3 0 3 53  3  4  3  5  4  2  0  2  30.10 84118.50
71121518922320 7 7 7 71010 0 67  7  3  3  3  3  4  4  0  30.10 89117.30
711216189224 3 3 010 3 73343103  2  2  0  4  2  3 18 32  80.42 89117.70
7112171892255353433343707353423 56 56 32 18 32132154 56 671.77111131.20
7112181892263740305043272720273 22 27 15 48 32 12 12  7 221.15117134.70
711219189227 713333723302310177  3  5 18 22  9 15  9  4 110.63108134.40
7112201893 1 3 0 0 0 3 72027 60  2  0  0  0  2  3  7 12  30.10102135.20
7112211893 21310101023204037163  5  4  4  4  9  7 27 22 100.63 89135.70
7112221893 33033333040333733270 15 18 18 15 27 18 22 18 191.05 88139.10
7112231893 433332320302733 7207 18 18  9  7 15 12 18  3 120.73 88132.90
7112241893 52323232017 71710140  9  9  9  7  6  3  6  4  70.31 91129.40
7112251893 61723171013171023130  6  9  6  4  5  6  4  9  60.31 88126.80
7112261893 73737271310202030193 22 22 12  5  4  7  7 15 120.73 76120.20
7112271893 820232310 0 0 0 0 77  7  9  9  4  0  0  0  0  40.10 75120.20
7112281893 9 010 7 3 3101720 70  0  4  3  2  2  4  6  7  40.10 65113.20
7112291893101730303733272037230  6 15 15 22 18 12  7 22 150.84 60112.60
7112301893114337373327232013233 32 22 22 18 12  9  7  5 160.94 54112.30
711231189312272713 7 7171727140 12 12  5  3  3  6  6 12  70.42 52106.70
