7301011907 1403323332013 7 7177 27 18  9 18  7  5  3  3 110.63 45093.90
7301021907 213 3 3 3 0 0 3 3 30  5  2  2  2  0  0  2  2  20.00 53098.20
7301031907 3 3 0 0 3 3 3 323 40  2  0  0  2  2  2  2  9  20.00 61105.10
7301041907 43023131720303030193 15  9  5  6  7 15 15 15 110.63 66109.30
7301051907 53733172317404350260 22 18  6  9  6 27 32 48 211.15 74113.30
7301061907 64347233730232733263 32 39  9 22 15  9 12 18 201.05 83115.00
7301071907 7 717131320331727147  3  6  5  5  7 18  6 12  80.42 66112.30
7301081907 82030132733502323220  7 15  5 12 18 48  9  9 150.94 62103.20
7301091907 93327233327233743247 18 12  9 18 12  9 22 32 160.94 67103.70
7301101907104047374037405030320 27 39 22 27 22 27 48 15 281.26 58103.80
7301111907113047333743373340300 15 39 18 22 32 22 18 27 241.26 52102.80
7301121907123740403750403030303 22 27 27 22 48 27 15 15 251.26 32103.50
7301131907133327233737333320243 18 12  9 22 22 18 18  7 160.94 32100.90
730114190714303317202020 713160 15 18  6  7  7  7  3  5  80.52 20096.30
7301151907152323272013172030173  9  9 12  7  5  6  7 15  90.52 16094.60
7301161907162330171310 72727153  9 15  6  5  4  3 12 12  80.42 11093.80
73011719071723131713201310 3113  9  5  6  5  7  5  4  2  50.21 27094.20
7301181907181010 7 3 3 3 3 3 43  4  4  3  2  2  2  2  2  30.00 42095.30
730119190719 7 310 710373340147  3  2  4  3  4 22 18 27 100.63 47094.80
7301201907206050273333233043300 80 48 12 18 18  9 15 32 291.36 60098.30
7301211907214747503713232717260 39 39 48 22  5  9 12  6 221.15 62097.90
7301221907221313 7172317 717113  5  5  3  6  9  6  3  6  50.21 62098.40
7301231907232723174037202327213 12  9  6 27 22  7  9 12 130.73 60097.20
7301241907243733273730334047283 22 18 12 22 15 18 27 39 221.15 50096.90
7301251907252730205043372730263 12 15  7 48 32 22 12 15 201.05 39095.70
7301261907264333233027334337270 32 18  9 15 12 18 32 22 201.05 27095.30
7301271907273350374043475043343 18 48 22 27 32 39 48 32 331.36 14093.40
7301281908 15057373740433740340 48 67 22 22 27 32 22 27 331.36 14091.70
7301291908 24030432337373740287 27 15 32  9 22 22 22 27 221.15 13091.40
7301301908 34343232327202027227 32 32  9  9 12  7  7 12 150.84 16089.80
7301311908 423201710 7102323133  9  7  6  4  3  4  9  9  60.31 14087.70
7302011908 54033303027372330250 27 18 15 15 12 22  9 15 170.94 14088.60
7302021908 63033232020332740227 15 18  9  7  7 18 12 27 140.84 17088.60
7302031908 72343273033204023240  9 32 12 15 18  7 27  9 160.94 22093.20
7302041908 820232717 7102317143  7  9 12  6  3  4  9  6  70.42 21094.10
7302051908 93033271310 31727160 15 18 12  5  4  2  6 12  90.52 41094.30
7302061908102320203343403020230  9  7  7 18 32 27 15  7 150.94 32095.30
7302071908112323272723334033230  9  9 12 12  9 18 27 18 140.84 34098.50
7302081908123743403730374043307 22 32 27 22 15 22 27 32 251.26 53100.50
7302091908133730473733333323273 22 15 39 22 18 18 18  9 201.05 60101.00
7302101908141327272320173730193  5 12 12  9  7  6 22 15 110.63 61102.10
7302111908153030171723131717163 15 15  6  6  9  5  6  6  80.52 59101.20
7302121908161723301727231717170  6  9 15  6 12  9  6  6  90.52 80104.70
730213190817 3 313 710 3 327 70  2  2  5  3  4  2  2 12  40.10 83104.70
7302141908181717232310 71327137  6  6  9  9  4  3  5 12  70.31 85105.60
7302151908193030171323131010147 15 15  6  5  9  5  4  4  80.42 74104.80
730216190820 0 7 31013304040143  0  3  2  4  5 15 27 27 100.63 54098.70
7302171908214733371330273013230 39 18 22  5 15 12 15  5 160.94 40094.30
7302181908222017202027302737197  7  6  7  7 12 15 12 22 110.63 28090.70
7302191908233027101020272733183 15 12  4  4  7 12 12 18 100.63 18089.00
73022019082413 0101020274027147  5  0  4  4  7 12 27 12  90.52 30089.40
7302211908254733132020507367323 39 18  5  7  7 48154111 491.67 31089.90
7302221908266320273740436360353 94  7 12 22 27 32 94 80 461.57 32089.80
7302231908274753504347575350400 39 56 48 32 39 67 56 48 481.67 37091.50
7302241909 14350534753536057417 32 48 56 39 56 56 80 67 541.67 42093.70
7302251909 22740434037505043330 12 27 32 27 22 48 48 32 311.36 44097.20
7302261909 35047404037374750347 48 39 27 27 22 22 39 48 341.36 37095.70
7302271909 44360373740605047373 32 80 22 22 27 80 48 39 441.57 36098.20
7302281909 55030433027302027257 48 15 32 15 12 15  7 12 201.05 36101.00
7303011909 63020232723535037263 15  7  9 12  9 56 48 22 221.15 40099.50
7303021909 74350474343505047373 32 48 39 32 32 48 48 39 401.46 38101.60
7303031909 84337302330231320220 32 22 15  9 15  9  5  7 140.84 35097.80
7303041909 9271010 7 7 7 313 83 12  4  4  3  3  3  2  5  40.21 32096.60
73030519091010 0 3 313233023107  4  0  2  2  5  9 15  9  60.31 22094.80
7303061909113040433357501720290 15 27 32 18 67 48  6  7 281.26 32098.90
7303071909121727232020231710157  6 12  9  7  7  9  6  4  80.42 38092.20
73030819091310 3101730133020133  4  2  4  6 15  5 15  7  70.42 50098.90
7303091909142733303027131720197 12 18 15 15 12  5  6  7 110.63 53104.70
7303101909152017172313103027157  7  6  6  9  5  4 15 12  80.42 67105.60
7303111909162017172027172720163  7  6  6  7 12  6 12  7  80.42 69113.40
7303121909173317332717204323213 18  6 18 12  6  7 32  9 140.84 85114.50
730313190918 0 32323171723 3110  0  2  9  9  6  6  9  2  50.21 93118.90
730314190919 0 7101713 71010 73  0  3  4  6  5  3  4  4  40.10 83114.00
730315190920 3 3 0101710 3 3 50  2  2  0  4  6  4  2  2  30.00 73107.20
7303161909211320273330303023207  5  7 12 18 15 15 15  9 120.73 64106.90
7303171909221710132017132020130  6  4  5  7  6  5  7  7  60.31 52101.50
7303181909231730203343303350257  6 15  7 18 32 15 18 48 201.05 44094.90
7303191909244033506763637070457 27 18 48111 94 94132132 821.87 38096.70
7303201909255357576757576763477 56 67 67111 67 67111 94 801.87 23091.00
7303211909264353605350605353427 32 56 80 56 48 80 56 56 581.77 20087.40
7303221909275050575360405050410 48 48 67 56 80 27 48 48 531.67 30090.30
7303231910 15043505047575057403 48 32 48 48 39 67 48 67 501.67 37087.10
7303241910 25347405053505057400 56 39 27 48 56 48 48 67 491.67 29089.40
7303251910 35053505053534750407 48 56 48 48 56 56 39 48 501.67 27090.10
7303261910 44740402013406340303 39 27 27  7  5 27 94 27 321.36 23088.60
7303271910 53740304347433743320 22 27 15 32 39 32 22 32 281.26 32092.10
7303281910 63730333343403043290 22 15 18 18 32 27 15 32 221.15 43094.20
7303291910 73740272020272343237 22 27 12  7  7 12  9 32 160.94 46099.00
7303301910 84023303027272037233 27  9 15 15 12 12  7 22 150.84 50102.80
7303311910 92340301030536053300  9 27 15  4 15 56 80 56 331.36 59110.30
7304011910104027304053778377427 27 12 15 27 56179236179 911.98 65115.00
7304021910117060375747504327390132 80 22 67 39 48 32 12 541.67 79118.20
7304031910124753373333403320297 39 56 22 18 18 27 18  7 261.26 93129.40
7304041910132330272320231310170  9 15 12  9  7  9  5  4  90.52 93122.30
730405191014102337131010 7 7117  4  9 22  5  4  4  3  3  70.31 75117.80
730406191015 72017 7 7 7 317 83  3  7  6  3  3  3  2  6  40.10 75112.70
73040719101617 7 717 7 7 7 7 73  6  3  3  6  3  3  3  3  40.10 76110.40
730408191017 310 73017273013137  2  4  3 15  6 12 15  5  80.42 71121.00
730409191018332713 310101310120 18 12  5  2  4  4  5  4  70.31 85120.50
730410191019 71010 3 7 71013 67  3  4  4  2  3  3  4  5  40.10 65115.50
7304111910204047474337302320287 27 39 39 32 22 15  9  7 241.15 62110.30
730412191021 010 7 7 7101010 60  0  4  3  3  3  4  4  4  30.10 46103.50
7304131910221343475773502027330  5 32 39 67154 48  7 12 461.57 41099.40
7304141910234053775357502723380 27 56179 56 67 48 12  9 571.77 37092.70
7304151910242727172713131727167 12 12  6 12  5  5  6 12  90.52 35089.50
7304161910254047576063575747427 27 39 67 80 94 67 67 39 601.77 29085.00
7304171910265760534750435047407 67 80 56 39 48 32 48 39 511.67 16082.10
7304181910275050535340534747393 48 48 56 56 27 56 39 39 461.57 15080.90
7304191911 14747474040335760370 39 39 39 27 27 18 67 80 421.57 30082.90
7304201911 25750474037535747387 67 48 39 27 22 56 67 39 461.57 37086.30
7304211911 35350504343475043380 56 48 48 32 32 39 48 32 421.57 45095.30
7304221911 45053604043533343377 48 56 80 27 32 56 18 32 441.57 62105.00
7304231911 54747433737432317293 39 39 32 22 22 32  9  6 251.26 73109.20
7304241911 63730403020132727223 22 15 27 15  7  5 12 12 140.84 71109.00
7304251911 72740271713273337220 12 27 12  6  5 12 18 22 140.84 67109.30
7304261911 83737302037405747303 22 22 15  7 22 27 67 39 281.26 67110.10
7304271911 94347474737301727293 32 39 39 39 22 15  6 12 261.26 65111.60
7304281911102333234053333053290  9 18  9 27 56 18 15 56 261.26 60112.60
7304291911116060574760405743423 80 80 67 39 80 27 67 32 591.77 54109.50
7304301911122737403020402733253 12 22 27 15  7 27 12 18 181.05 42106.20
7305011911132733231017234747227 12 18  9  4  6  9 39 39 170.94 24111.80
7305021911143330131717232740200 18 15  5  6  6  9 12 27 120.73 46115.00
7305031911153027302017102020173 15 12 15  7  6  4  7  7  90.52 64117.20
7305041911162027171317171030150  7 12  6  5  6  6  4 15  80.42 77116.00
7305051911172320 0 0 7232310107  9  7  0  0  3  9  9  4  50.21 92115.00
730506191118 71013 723334343180  3  4  5  3  9 18 32 32 130.84 68109.80
7305071911193337372330332723243 18 22 22  9 15 18 12  9 160.94 82103.40
7305081911202027273037403733250  7 12 12 15 22 27 22 18 170.94 52100.00
7305091911212720232040301330203 12  7  9  7 27 15  5 15 120.73 30095.10
73051019112223231317271717 3140  9  9  5  6 12  6  6  2  70.31 25090.90
73051119112313102713 7101727123  5  4 12  5  3  4  6 12  60.31 26087.10
73051219112427 7173017101320140 12  3  6 15  6  4  5  7  70.42 18086.80
7305131911254020373013233053247 27  7 22 15  5  9 15 56 201.05  7085.20
7305141911267767605357436047463179111 80 56 67 32 80 39 801.87  7089.30
7305151911274747403343435353360 39 39 27 18 32 32 56 56 371.46 25090.20
7305161912 15340473337302060320 56 27 39 18 22 15  7 80 331.36 33089.50
7305171912 24747373340403330307 39 39 22 18 27 27 18 15 261.26 34091.40
7305181912 34040473030332737283 27 27 39 15 15 18 12 22 221.15 41095.40
7305191912 43733373343403037290 22 18 22 18 32 27 15 22 221.15 42099.40
7305201912 54033404043333737303 27 18 27 27 32 18 22 22 241.26 46104.70
7305211912 64050706347271737350 27 48132 94 39 12  6 22 481.67 52102.20
7305221912 73750333727332730273 22 48 18 22 12 18 12 15 211.15 56103.10
7305231912 83730373327201327223 22 15 22 18 12  7  5 12 140.84 47099.60
7305241912 913171010 710 7 3 77  5  6  4  4  3  4  3  2  40.10 57104.50
730525191210 313201313202013117  2  5  7  5  5  7  7  5  50.21 64104.70
7305261912113727131310 71320140 22 12  5  5  4  3  5  7  80.42 49101.00
73052719121217302310 7173033167  6 15  9  4  3  6 15 18 100.52 51099.90
7305281912132020272723231710167  7  7 12 12  9  9  6  4  80.42 32094.10
730529191214 310 71010 710 7 63  2  4  3  4  4  3  4  3  30.10 29093.30
730530191215 0 7 3 310 7 7 3 40  0  3  2  2  4  3  3  2  20.00 21090.80
730531191216 3 7 71017131317 87  2  3  3  4  6  5  5  6  40.10 17087.20
730601191217 7 71310 3 310 7 60  3  3  5  4  2  2  4  3  30.10  8085.20
7306021912181030473740333727260  4 15 39 22 27 18 22 12 201.05  8083.10
7306031912192730333023272730227 12 15 18 15  9 12 12 15 140.84 16081.50
7306041912202727333033374040267 12 12 18 15 18 22 27 27 191.05 14081.00
7306051912212723273320271720193 12  9 12 18  7 12  6  7 100.63  7082.50
7306061912222027272323201310163  7 12 12  9  9  7  5  4  80.42 16085.10
7306071912231710 7 7 7 710 3 67  6  4  3  3  3  3  4  2  40.10 37085.30
730608191224172010 713102323123  6  7  4  3  5  4  9  9  60.31 41087.50
7306091912252020101713332330167  7  7  4  6  5 18  9 15  90.52 31088.90
7306101912262327203320376363287  9 12  7 18  7 22 94 94 331.36 38091.00
7306111912274047404050534037347 27 39 27 27 48 56 27 22 341.36 60092.90
7306121913 14343334340474043333 32 32 18 32 27 39 27 32 301.36 58093.70
7306131913 24740203737333743293 39 27  7 22 22 18 22 32 241.15 52096.20
7306141913 34340303727272327253 32 27 15 22 12 12  9 12 181.05 54097.70
7306151913 42730272027233333220 12 15 12  7 12  9 18 18 130.73 48098.20
7306161913 52720233323232730207 12  7  9 18  9  9 12 15 110.73 45095.20
7306171913 63330403033233340263 18 15 27 15 18  9 18 27 181.05 36089.80
7306181913 75340434330304340323 56 27 32 32 15 15 32 27 301.36 18091.40
7306191913 85347503737335347357 56 39 48 22 22 18 56 39 381.46 38099.10
7306201913 93737373333233723260 22 22 22 18 18  9 22  9 181.05 51105.30
730621191310232323131017 710127  9  9  9  5  4  6  3  4  60.31 75108.80
73062219131110 7 3 3 3 31010 50  4  3  2  2  2  2  4  4  30.10 66109.40
7306231913121313133030201733170  5  5  5 15 15  7  6 18 100.52 54108.80
7306241913134343404350505020340 32 32 27 32 48 48 48  7 341.46 51106.10
7306251913142013 71320201723133  7  5  3  5  7  7  6  9  60.31 49101.40
73062619131510131017131017 3 93  4  5  4  6  5  4  6  2  40.21 46100.20
7306271913161020 7 710101317 93  4  7  3  3  4  4  5  6  40.21 43094.80
7306281913173037403340131750260 15 22 27 18 27  5  6 48 211.15 42095.20
7306291913184347634350474030363 32 39 94 32 48 39 27 15 411.57 51095.10
7306301913193043474747334037323 15 32 39 39 39 18 27 22 291.36 33094.10
7307011913203037373333374020267 15 22 22 18 18 22 27  7 191.05 29090.90
7307021913213027233023202323200 15 12  9 15  9  7  9  9 110.63 31093.00
7307031913222720172323201310153 12  7  6  9  9  7  5  4  70.42 39093.50
73070419132310131317 7101013 93  4  5  5  6  3  4  4  5  40.21 32094.90
73070519132413 710 7131010 3 73  5  3  4  3  5  4  4  2  40.10 42097.90
730706191325 7 7 71013 7 7 3 60  3  3  3  4  5  3  3  2  30.10 56099.30
730707191326 3 313 7 7 710 3 53  2  2  5  3  3  3  4  2  30.10 57099.90
7307081913271027173337272730207  4 12  6 18 22 12 12 15 130.73 50097.60
7307091914 11020232027301710157  4  7  9  7 12 15  6  4  80.42 38098.60
7307101914 2301013131310 710107 15  4  5  5  5  4  3  4  60.31 32100.50
7307111914 310171317 7102327123  4  6  5  6  3  4  9 12  60.31 23093.90
7307121914 41713101713172720133  6  5  4  6  5  6 12  7  60.31 14085.50
7307131914 51720202023271723167  6  7  7  7  9 12  6  9  80.42 15080.30
7307141914 62320231713202327167  9  7  9  6  5  7  9 12  80.42 10079.60
7307151914 74047373337375350333 27 39 22 18 22 22 56 48 321.36 16078.70
7307161914 85030301720132723210 48 15 15  6  7  5 12  9 150.84  9079.50
7307171914 93020 710 7101717117 15  7  3  4  3  4  6  6  60.31 28078.10
7307181914102313101017171713120  9  5  4  4  6  6  6  5  60.31 42083.50
7307191914111720203327132333187  6  7  7 18 12  5  9 18 100.63 23081.60
7307201914122320203013272717177  9  7  7 15  5 12 12  6  90.52  8079.50
7307211914132710131313 3 720107 12  4  5  5  5  2  3  7  50.21  8079.40
7307221914143013 7 7 7102313110 15  5  3  3  3  4  9  5  60.31 14077.60
7307231914153030303327172730223 15 15 15 18 12  6 12 15 140.84  0078.60
7307241914161717171717101320127  6  6  6  6  6  4  5  7  60.31  9081.60
7307251914172727302720102013173 12 12 15 12  7  4  7  5  90.52 14083.80
7307261914182333404350505053343  9 18 27 32 48 48 48 56 361.46  8085.00
7307271914194733404040405033323 39 18 27 27 27 27 48 18 291.36  9085.50
7307281914203030333027302723230 15 15 18 15 12 15 12  9 140.84 10084.20
7307291914213040333330233340263 15 27 18 18 15  9 18 27 181.05 17089.50
7307301914223727303330404030267 22 12 15 18 15 27 27 15 191.05 11086.00
7307311914234350474737271720287 32 48 39 39 22 12  6  7 261.26 22086.60
7308011914243333303017132723207 18 18 15 15  6  5 12  9 120.73 36086.90
73080219142530304023433717 7227 15 15 27  9 32 22  6  3 160.94 28086.80
7308031914261713101317201330133  6  5  4  5  6  7  5 15  70.31 21084.90
73080419142727101017 7132333140 12  4  4  6  3  5  9 18  80.42 28086.20
7308051915 123 7 71733302320160  9  3  3  6 18 15  9  7  90.52 34085.10
7308061915 223373027373017 3203  9 22 15 12 22 15  6  2 130.73 40088.80
7308071915 31320172030272317167  5  7  6  7 15 12  9  6  80.52 42090.80
7308081915 43020332023101320170 15  7 18  7  9  4  5  7  90.52 40087.50
7308091915 52020201313 3 7 7103  7  7  7  5  5  2  3  3  50.21 38087.00
7308101915 617132017 710 3 7 93  6  5  7  6  3  4  2  3  40.21 27083.40
7308111915 7 3 7 313171013 7 73  2  3  2  5  6  4  5  3  40.10 23078.90
7308121915 8 3 713 7 7 71033 87  2  3  5  3  3  3  4 18  50.21  0076.30
7308131915 91017302330202730187  4  6 15  9 15  7 12 15 100.63  0074.70
7308141915103017171727202317167 15  6  6  6 12  7  9  6  80.52  0074.10
730815191511 71313131310 313 87  3  5  5  5  5  4  2  5  40.10  0072.60
73081619151210 7 3 313 31010 60  4  3  2  2  5  2  4  4  30.10  0074.10
730817191513 3 3 3 7 3 7 3 7 37  2  2  2  3  2  3  2  3  20.00  0075.00
730818191514 3101713171710 3 90  2  4  6  5  6  6  4  2  40.21  7075.30
730819191515271710 723171017127 12  6  4  3  9  6  4  6  60.31  7075.40
730820191516 013173733201713150  0  5  6 22 18  7  6  5  90.52  7076.80
73082119151713272013201010 3117  5 12  7  5  7  4  4  2  60.31 15080.40
730822191518 3 0 32727373740173  2  0  2 12 12 22 22 27 120.73 10080.40
7308231915193330332333434740283 18 15 18  9 18 32 39 27 221.15 17081.80
7308241915206050535753373037377 80 48 56 67 56 22 15 22 461.57 22085.30
7308251915213747504737334720317 22 39 48 39 22 18 39  7 291.36 28088.90
7308261915224037303023403327260 27 22 15 15  9 27 18 12 181.05 38091.20
7308271915234740373737503327307 39 27 22 22 22 48 18 12 261.26 37095.00
7308281915243047403343503040313 15 39 27 18 32 48 15 27 281.26 47097.50
7308291915253737434027203733273 22 22 32 27 12  7 22 18 201.05 56100.70
7308301915263033373327172320220 15 18 22 18 12  6  9  7 130.84 64101.30
7308311915272727302023202017183 12 12 15  7  9  7  7  6  90.52 82109.60
7309011916 11317171013 7 713 97  5  6  6  4  5  3  3  5  50.21 89114.90
7309021916 21310131010271723123  5  4  5  4  4 12  6  9  60.31124129.10
7309031916 310 3 71017202330120  4  2  3  4  6  7  9 15  60.31130136.50
7309041916 42723333023233323217 12  9 18 15  9  9 18  9 120.73121134.90
7309051916 53340232023234327233 18 27  9  7  9  9 32 12 150.94108135.10
7309061916 62327232020301710170  9 12  9  7  7 15  6  4  90.52 84130.80
7309071916 71030332020201010153  4 15 18  7  7  7  4  4  80.42 77121.70
7309081916 8 710202023271727150  3  4  7  7  9 12  6 12  80.42 72115.70
7309091916 91310204043405777300  5  4  7 27 32 27 67179 441.57 75113.10
7309101916102717273743476030287 12  6 12 22 32 39 80 15 271.26 58106.60
7309111916114333131017272723193 32 18  5  4  6 12 12  9 120.73 42096.80
7309121916122710 31317272317137 12  4  2  5  6 12  9  6  70.42 22089.50
73091319161320 7102730202713153  7  3  4 12 15  7 12  5  80.42  0084.50
73091419161417171310 3 3 310 77  6  6  5  4  2  2  2  4  40.10  0082.70
7309151916152010132730272740193  7  4  5 12 15 12 12 27 120.73 13082.60
7309161916163740372727201017213 22 27 22 12 12  7  4  6 140.84 26083.90
7309171916172027333013 71727173  7 12 18 15  5  3  6 12 100.52 20081.80
7309181916182717102020132013140 12  6  4  7  7  5  7  5  70.31 16084.60
730919191619 31010 3 31017 7 63  2  4  4  2  2  4  6  3  30.10  8086.50
7309201916202017201330332737197  7  6  7  5 15 18 12 22 120.73 30092.00
7309211916214330372727272320233 32 15 22 12 12 12  9  7 150.94 39094.80
7309221916221320202320274353220  5  7  7  9  7 12 32 56 170.94 48099.50
7309231916235050437067406040420 48 48 32132111 27 80 27 631.77 58103.90
7309241916244047403337473343320 27 39 27 18 22 39 18 32 281.26 63106.20
7309251916253330332337275753293 18 15 18  9 22 12 67 56 271.26 74112.70
73092619162637373753474320 7280 22 22 22 56 39 32  7  3 251.26 78115.40
73092719162713 3203323301317153  5  2  7 18  9 15  5  6  80.52 78115.90
7309281917 110 0 32017101710 87  4  0  2  7  6  4  6  4  40.10 80118.00
7309291917 2201310101010 313 90  7  5  4  4  4  4  2  5  40.21 75116.60
7309301917 310 31010 7 71710 73  4  2  4  4  3  3  6  4  40.10 71116.50
7310011917 4231710 310 72017107  9  6  4  2  4  3  7  6  50.21 68109.00
7310021917 51747504747404037323  6 39 48 39 39 27 27 22 311.36 66106.10
7310031917 65073574347372033360 48154 67 32 39 22  7 18 481.67 52103.50
7310041917 723303310 3333710180  9 15 18  4  2 18 22  4 120.73 50094.90
7310051917 810 3 72310273343157  4  2  3  9  4 12 18 32 100.63 44090.60
7310061917 940202720 3233330197 27  7 12  7  2  9 18 15 120.73 38085.90
7310071917103313131010 7 320110 18  5  5  4  4  3  2  7  60.31 30082.20
7310081917112720131710 723 7123 12  7  5  6  4  3  9  3  60.31 22080.10
73100919171213 3 31017134040140  5  2  2  4  6  5 27 27 100.52 23079.10
7310101917133050332330403730273 15 48 18  9 15 27 22 15 211.15  8076.90
7310111917143330202023232723200 18 15  7  7  9  9 12  9 110.63  0074.90
7310121917152333302027272047227  9 18 15  7 12 12  7 39 150.84  0072.00
7310131917164337302717234027243 32 22 15 12  6  9 27 12 170.94  8070.50
7310141917172013202017202713150  7  5  7  7  6  7 12  5  70.42 10072.70
73101519171833171317 3 3 7 3 97 18  6  5  6  2  2  3  2  60.21 16075.70
7310161917191023504047405343307  4  9 48 27 39 27 56 32 301.36 18075.60
7310171917204343374740373737320 32 32 22 39 27 22 22 22 271.26 19079.50
7310181917213333373350402730283 18 18 22 18 48 27 12 15 221.15 15078.30
7310191917223043434030173030263 15 32 32 27 15  6 15 15 201.05  0076.70
7310201917232740433333432327270 12 27 32 18 18 32  9 12 201.05  0073.40
7310211917244740304350435350357 39 27 15 32 48 32 56 48 371.46  0079.90
7310221917254740373333372317267 39 27 22 18 18 22  9  6 201.05 16085.00
731023191726132327101317 713123  5  9 12  4  5  6  3  5  60.31 28089.80
7310241917271727172020 71327147  6 12  6  7  7  3  5 12  70.42 36097.60
7310251918 12010131013101717110  7  4  5  4  5  4  6  6  50.21 53101.00
7310261918 22713 7 0 3 0 3 3 57 12  5  3  0  2  0  2  2  30.10 59101.00
7310271918 3 3 310 0 71723 7 70  2  2  4  0  3  6  9  3  40.10 53101.70
7310281918 41017333027404350250  4  6 18 15 12 27 32 48 201.05 62100.70
7310291918 56057536367607057487 80 67 56 94111 80132 67 861.87 65099.10
7310301918 65740402737373340310 67 27 27 12 22 22 18 27 281.26 55097.40
7310311918 74750402717201713230 39 48 27 12  6  7  6  5 191.05 37090.50
7311011918 8 3 0 01023171710 80  2  0  0  4  9  6  6  4  40.10 31086.90
7311021918 93013201317202017150 15  5  7  5  6  7  7  6  70.42 33083.90
7311031918102013131010 71013 97  7  5  5  4  4  3  4  5  50.21 23081.10
7311041918112717 72040333750230 12  6  3  7 27 18 22 48 181.05 20077.40
7311051918122323303320174033220  9  9 15 18  7  6 27 18 140.84  7073.90
7311061918133023171310173030170 15  9  6  5  4  6 15 15  90.52  0073.20
7311071918143337573727235040303 18 22 67 22 12  9 48 27 281.26  0072.10
7311081918152327273320131333190  9 12 12 18  7  5  5 18 110.63  0070.40
7311091918162320273337272020207  9  7 12 18 22 12  7  7 120.73  0070.40
7311101918171733272017131313153  6 18 12  7  6  5  5  5  80.42  0070.70
7311111918181317131713231013120  5  6  5  6  5  9  4  5  60.31  7071.20
731112191819171010 3 710 713 77  6  4  4  2  3  4  3  5  40.10  0070.70
7311131918202313171023403023180  9  5  6  4  9 27 15  9 100.63  9072.60
73111419182117301313 7203020150  6 15  5  5  3  7 15  7  80.42 11073.80
7311151918222020202330172020170  7  7  7  9 15  6  7  7  80.42 12075.00
7311161918231713202337 72337177  6  5  7  9 22  3  9 22 100.63 13076.20
7311171918245033272033233323243 48 18 12  7 18  9 18  9 170.94 16075.30
7311181918254337473727172710243 32 22 39 22 12  6 12  4 191.05 16075.50
731119191826 71013101313 7 7 80  3  4  5  4  5  5  3  3  40.10 22075.50
7311201918271013132020101717120  4  5  5  7  7  4  6  6  60.21 16076.80
7311211919 13027202323405747267 15 12  7  9  9 27 67 39 231.15 23080.70
7311221919 2332710101010 710117 18 12  4  4  4  4  3  4  70.31 29084.70
7311231919 31020101327272710143  4  7  4  5 12 12 12  4  80.42 39086.50
7311241919 4 310202047505350253  2  4  7  7 39 48 56 48 261.26 38087.00
7311251919 55757533747434337373 67 67 56 22 39 32 32 22 421.57 46088.00
7311261919 64343273330332320253 32 32 12 18 15 18  9  7 181.05 62091.70
7311271919 73723271733302730223 22  9 12  6 18 15 12 15 140.84 60088.90
7311281919 8272013131710 723130 12  7  5  5  6  4  3  9  60.31 61090.70
7311291919 920 01323 71717 7103  7  0  5  9  3  6  6  3  50.21 64094.80
731130191910 3 3 010 7172027 87  2  2  0  4  3  6  7 12  40.21 59095.80
7312011919112310 713 3 0 7 7 70  9  4  3  5  2  0  3  3  40.10 46086.90
73120219191213 3 710 3 0 0 7 43  5  2  3  4  2  0  0  3  20.00 24086.30
73120319191313 3 710 3172023 97  5  2  3  4  2  6  7  9  50.21 24082.80
7312041919143733303327404760307 22 18 15 18 12 27 39 80 291.36  0078.60
73120519191550303017 7332737230 48 15 15  6  3 18 12 22 170.94  0073.60
731206191916372330 720131333177 22  9 15  3  7  5  5 18 100.63  0070.90
7312071919173323101020131723150 18  9  4  4  7  5  6  9  80.42  0070.40
731208191918232310172313 723140  9  9  4  6  9  5  3  9  70.31  7070.90
7312091919192330304043433337280  9 15 15 27 32 32 18 22 211.15  8071.20
73121019192027331717 3 3 327130 12 18  6  6  2  2  2 12  80.42 16072.20
7312111919213723131720201710157 22  9  5  6  7  7  6  4  80.42  9071.90
731212191922131010 7101717 7 90  5  4  4  3  4  6  6  3  40.21  9072.50
73121319192313231310 0 71710 93  5  9  5  4  0  3  6  4  40.21  8073.10
731214191924 3 3 3 320232330110  2  2  2  2  7  9  9 15  60.31  8073.80
7312151919252723232327 7 713150 12  9  9  9 12  3  3  5  80.42 17076.60
7312161919262010 7 7 7 7 7 7 70  7  4  3  3  3  3  3  3  40.10 26079.70
73121719192710271710 7101323117  4 12  6  4  3  4  5  9  60.31 40082.10
7312181920 113 3 3 7 01010 3 50  5  2  2  3  0  4  4  2  30.00 43084.90
7312191920 2 3 7132027434033187  2  3  5  7 12 32 27 18 130.84 41087.80
7312201920 33043433737405340323 15 32 32 22 22 27 56 27 291.36 47089.90
7312211920 43740503750504340347 22 27 48 22 48 48 32 27 341.46 51097.50
7312221920 55037373343333337303 48 22 22 18 32 18 18 22 251.26 51096.70
7312231920 64040273323333327257 27 27 12 18  9 18 18 12 181.05 47096.10
7312241920 723171020 3 3 3 3 83  9  6  4  7  2  2  2  2  40.10 51098.10
7312251920 8 3 7 3 01317 713 63  2  3  2  0  5  6  3  5  30.10 53097.60
7312261920 91010 717101313 7 87  4  4  3  6  4  5  5  3  40.10 57092.90
73122719201013 3131310132330120  5  2  5  5  4  5  9 15  60.31 26088.60
7312281920113030231013203333193 15 15  9  4  5  7 18 18 110.73 12081.70
7312291920123737273330303740270 22 22 12 18 15 15 22 27 191.05  0076.40
7312301920133333303327273023237 18 18 15 18 12 12 15  9 150.84  0074.10
7312311920143040372727333033257 15 27 22 12 12 18 15 18 170.94  0072.00
