7401011920154037272337303027250 27 22 12  9 22 15 15 12 170.94 12071.40
7401021920162023202723203023187  7  9  7 12  9  7 15  9  90.52 15073.20
7401031920172730232030233020203 12 15  9  7 15  9 15  7 110.63 13073.30
7401041920183327172323174720207 18 12  6  9  9  6 39  7 130.84 12072.50
7401051920194033232320203037227 27 18  9  9  7  7 15 22 140.84  8072.10
74010619202040332727201723 7193 27 18 12 12  7  6  9  3 120.73  0074.70
74010719202117 3 3 3 3 0 7 7 43  6  2  2  2  2  0  3  3  20.00  0076.00
74010819202210 7131030373320160  4  3  5  4 15 22 18  7 100.52 24079.70
7401091920231717231320172317147  6  6  9  5  7  6  9  6  70.31 29084.90
7401101920241330272333304023220  5 15 12  9 18 15 27  9 140.84 43089.20
74011119202527231317 713 710117 12  9  5  6  3  5  3  4  60.31 48091.00
740112192026132010101320 3 7 97  5  7  4  4  5  7  2  3  50.21 54094.60
7401131920271017131020 31320107  4  6  5  4  7  2  5  7  50.21 45094.80
7401141921 130 7 72320272317153 15  3  3  9  7 12  9  6  80.42 70095.80
7401151921 2 720203043333037220  3  7  7 15 32 18 15 22 150.84 73091.80
7401161921 33040272733303020237 15 27 12 12 18 15 15  7 150.94 64090.00
7401171921 44043232013273727230 27 32  9  7  5 12 22 12 160.94 63089.20
7401181921 52023503733503733283  7  9 48 22 18 48 22 18 241.26 55087.10
7401191921 63027171710233020173 15 12  6  6  4  9 15  7  90.52 53085.80
7401201921 72733332720233330227 12 18 18 12  7  9 18 15 140.84 48084.40
7401211921 83040403330331713237 15 27 27 18 15 18  6  5 160.94 33079.70
7401221921 91010131313 32017100  4  4  5  5  5  2  7  6  50.21 36083.50
740123192110231017 7 710 7 3 83  9  4  6  3  3  4  3  2  40.10 28081.00
740124192111 0 310 7 3 31333 73  0  2  4  3  2  2  5 18  40.21 14077.80
7401251921123050503747575763390 15 48 48 22 39 67 67 94 501.67  0074.20
7401261921136043434330405047357 80 32 32 32 15 27 48 39 381.46  8071.60
7401271921145347374727434743343 56 39 22 39 12 32 39 32 341.36  0070.70
7401281921153733272317334043253 22 18 12  9  6 18 27 32 181.05  8070.80
7401291921164037373737433723290 27 22 22 22 22 32 22  9 221.15  0070.70
7401301921174730202333334343273 39 15  7  9 18 18 32 32 211.15  0070.80
7401311921184030432727334023263 27 15 32 12 12 18 27  9 191.05  0071.30
7402011921192327132023174043207  9 12  5  7  9  6 27 32 130.84 13071.80
7402021921204030172327232023203 27 15  6  9 12  9  7  9 120.73 10073.10
7402031921212030232320131720167  7 15  9  9  7  5  6  7  80.42  7073.20
7402041921221333131710 72710130  5 18  5  6  4  3 12  4  70.42  7072.90
7402051921231320101320332320153  5  7  4  5  7 18  9  7  80.42  0074.00
7402061921242330 7 310172027137  9 15  3  2  4  6  7 12  70.42  0075.50
7402071921253727232023132317183 22 12  9  7  9  5  9  6 100.63  7077.30
740208192126 0 3 31720271717103  0  2  2  6  7 12  6  6  50.21 15078.80
7402091921272013 7 7 7 0 717 77  7  5  3  3  3  0  3  6  40.10 21080.80
7402101922 12317232010204347203  9  6  9  7  4  7 32 39 140.84 22080.50
7402111922 23340273047375350317 18 27 12 15 39 22 56 48 301.36 20077.60
7402121922 33757575350403330357 22 67 67 56 48 27 18 15 401.46 22076.50
7402131922 43027333340404030273 15 12 18 18 27 27 27 15 201.05 48077.30
7402141922 53030233723231720203 15 15  9 22  9  9  6  7 120.73 26076.40
7402151922 61323 7 310 7 7 7 77  5  9  3  2  4  3  3  3  40.10 45083.70
7402161922 7 720 3 317173330130  3  7  2  2  6  6 18 15  70.42 48084.70
7402171922 82730272730172323203 12 15 12 12 15  6  9  9 110.63 49085.90
7402181922 9 3 3 3 0 3 0 0 3 17  2  2  2  0  2  0  0  2  10.00 47087.50
740219192210 3 01313 717 713 73  2  0  5  5  3  6  3  5  40.10 43082.70
74022019221127 3 71730433027183 12  2  3  6 15 32 15 12 120.73 39082.10
7402211922124737404040302730290 39 22 27 27 27 15 12 15 231.15 35082.30
74022219221323273013 7133050193  9 12 15  5  3  5 15 48 140.84 38082.30
7402231922145033433353506053377 48 18 32 18 56 48 80 56 441.57 31084.20
7402241922155730404020275043307 67 15 27 27  7 12 48 32 291.36 29080.90
7402251922165043434030505033340 48 32 32 27 15 48 48 18 341.36 17078.60
7402261922174337335037403743320 32 22 18 48 22 27 22 32 281.26 19076.30
7402271922183343403033433750310 18 32 27 15 18 32 22 48 261.26 37076.40
7402281922194340403343334343320 32 27 27 18 32 18 32 32 271.26 33075.90
7403011922204733232327304040263 39 18  9  9 12 15 27 27 201.05 24076.40
7403021922214333333720402330260 32 18 18 22  7 27  9 15 181.05 14076.40
7403031922224720373340232737263 39  7 22 18 27  9 12 22 201.05  0077.10
7403041922233033202327201013177 15 18  7  9 12  7  4  5 100.52 10079.00
7403051922243330232727334343260 18 15  9 12 12 18 32 32 181.05 14078.60
7403061922254037204037403023267 27 22  7 27 22 27 15  9 201.05 19077.50
7403071922263027102017372340203 15 12  4  7  6 22  9 27 130.73 20076.00
7403081922272730433033132343243 12 15 32 15 18  5  9 32 170.94 14077.00
7403091923 13353402740505040333 18 56 27 12 27 48 48 27 331.36 20080.20
7403101923 24037534343374033327 27 22 56 32 32 22 27 18 301.36 30086.00
7403111923 33347504040504330333 18 39 48 27 27 48 32 15 321.36 37085.90
7403121923 43733333023233030240 22 18 18 15  9  9 15 15 150.94 38086.10
7403131923 5274030201310 710157 12 27 15  7  5  4  3  4 100.52 30084.50
7403141923 62330333030374010233  9 15 18 15 15 22 27  4 160.94 39081.90
7403151923 7 0 3 3 710131310 60  0  2  2  3  4  5  5  4  30.10 34082.90
7403161923 82723402347637030323 12  9 27  9 39 94132 15 421.57 23081.80
7403171923 9273733101013 710147 12 22 18  4  4  5  3  4  90.52 20082.70
7403181923101010 3 710 3 3 0 47  4  4  2  3  4  2  2  0  30.00 28080.20
740319192311 310 0 0 3 3 020 40  2  4  0  0  2  2  0  7  20.00 21079.90
7403201923121717 71023374763220  6  6  3  4  9 22 39 94 231.15 15079.60
7403211923134353405353636767440 32 56 27 56 56 94111111 681.77 16079.10
7403221923145340406043334347360 56 27 27 80 32 18 32 39 391.46 28080.10
7403231923155350334060533047367 56 48 18 27 80 56 15 39 421.57 25079.80
7403241923164047474033434353347 27 39 39 27 18 32 32 56 341.36 21076.70
7403251923175043433330374337317 48 32 32 18 15 22 32 22 281.26 16074.30
7403261923183737372733373337277 22 22 22 12 18 22 18 22 201.05 10072.60
7403271923194347433737302013270 32 39 32 22 22 15  7  5 221.15  9071.80
7403281923202733433033273033257 12 18 32 15 18 12 15 18 181.05 17070.40
7403291923213343374750504737343 18 32 22 39 48 48 39 22 341.36 19071.50
7403301923224740373027372730273 39 27 22 15 12 22 12 15 201.05 24072.00
7403311923233740434327433723293 22 27 32 32 12 32 22  9 241.15 26072.90
7404011923243017434030371327237 15  6 32 27 15 22  5 12 170.94 22072.10
7404021923252720272023273050223 12  7 12  7  9 12 15 48 150.94 20071.40
7404031923265047304053406037357 48 39 15 27 56 27 80 22 391.46 19071.60
7404041923275047503753502717330 48 39 48 22 56 48 12  6 351.46 22073.20
7404051924 13020274730333730253 15  7 12 39 15 18 22 15 181.05 21076.30
7404061924 24057403327303733297 27 67 27 18 12 15 22 18 261.26 23079.90
7404071924 33730503020332717243 22 15 48 15  7 18 12  6 181.05 28080.20
7404081924 41027173737273027210  4 12  6 22 22 12 15 12 130.84 38081.10
7404091924 51727303023304733237  6 12 15 15  9 15 39 18 160.94 56087.80
7404101924 63740503740403740320 22 27 48 22 27 27 22 27 281.26 66093.50
7404111924 743502327472310 3227 32 48  9 12 39  9  4  2 191.05 71099.80
7404121924 8 310 7 7 3 71310 60  2  4  3  3  2  3  5  4  30.10 74105.60
7404131924 91023202020231713147  4  9  7  7  7  9  6  5  70.31 77102.80
740414192410202310 710131317113  7  9  4  3  4  5  5  6  50.21 83116.30
74041519241117 7 3 310 7 713 67  6  3  2  2  4  3  3  5  40.10 87122.80
74041619241210 0 7 3 7101320 70  4  0  3  2  3  4  5  7  40.10 77115.10
74041719241320 3101013201723117  7  2  4  4  5  7  6  9  60.21 67101.80
7404181924143363605340404053383 18 94 80 56 27 27 27 56 481.67 55097.90
7404191924153753432743634343353 22 56 32 12 32 94 32 32 391.46 45087.50
7404201924164347535350474357393 32 39 56 56 48 39 32 67 461.57 42082.30
7404211924175043573743333747347 48 32 67 22 32 18 22 39 351.46 35079.50
7404221924184343434740434337340 32 32 32 39 27 32 32 22 311.36 25075.30
7404231924194737375037433737323 39 22 22 48 22 32 22 22 291.36 17073.90
7404241924204333171320274347243 32 18  6  5  7 12 32 39 191.05 18075.00
7404251924214340432330273033270 32 27 32  9 15 12 15 18 201.05 19076.50
7404261924224733202727233750263 39 18  7 12 12  9 22 48 211.15 20074.90
7404271924234740373327172033253 39 27 22 18 12  6  7 18 191.05 28075.30
7404281924243330303350433037287 18 15 15 18 48 32 15 22 231.15 15077.90
7404291924253020203337404040260 15  7  7 18 22 27 27 27 191.05 22081.60
7404301924263027332030332740240 15 12 18  7 15 18 12 27 160.94 16091.70
7405011924272720 3 7 7273327150 12  7  2  3  3 12 18 12  90.52 47098.40
7405021925 13027302323473740257 15 12 15  9  9 39 22 27 181.05 70113.10
7405031925 25750432333202017263 67 48 32  9 18  7  7  6 241.26 85115.50
7405041925 34037375050404747347 27 22 22 48 48 27 39 39 341.36 98118.00
7405051925 44347505337374340350 32 39 48 56 22 22 32 27 351.46100119.70
7405061925 5232720171713 7 3127  9 12  7  6  6  5  3  2  60.31102123.00
7405071925 6 710202750431713187  3  4  7 12 48 32  6  5 150.84 98119.30
7405081925 717 7134013233740190  6  3  5 27  5  9 22 27 130.73 96115.70
7405091925 8333330272717 713187 18 18 15 12 12  6  3  5 110.63 88110.00
7405101925 9 71310 3 3 7 3 0 47  3  5  4  2  2  3  2  0  30.00 69105.00
740511192510 3 3 32313131320 93  2  2  2  9  5  5  5  7  50.21 62104.40
7405121925113013 3 3 3 31013 80 15  5  2  2  2  2  4  5  50.21 49097.10
740513192512 31010 710131320 87  2  4  4  3  4  5  5  7  40.10 38093.50
7405141925132317 32023133737173  9  6  2  7  9  5 22 22 100.63 32088.20
7405151925144327374753433043323 32 12 22 39 56 32 15 32 301.36 23084.90
7405161925153737473743333347313 22 22 39 22 32 18 18 39 261.26 16080.30
7405171925165057403753433047357 48 67 27 22 56 32 15 39 381.46  8075.80
7405181925174047433733303037297 27 39 32 22 18 15 15 22 241.15  0075.10
7405191925183030433337303327263 15 15 32 18 22 15 18 12 181.05  0073.00
7405201925194330273037234030260 32 15 12 15 22  9 27 15 181.05  0072.50
7405211925203330334030333333267 18 15 18 27 15 18 18 18 181.05  0071.80
7405221925213337333030275043283 18 22 18 15 15 12 48 32 221.15  7072.20
7405231925223340372727435337297 18 27 22 12 12 32 56 22 251.26  9071.50
7405241925234747504333375750363 39 39 48 32 18 22 67 48 391.46  7071.60
7405251925243027134037232330223 15 12  5 27 22  9  9 15 140.84  0072.40
7405261925253027272320233020200 15 12 12  9  7  9 15  7 110.63 20079.60
7405271925264337232317202330217 32 22  9  9  6  7  9 15 140.84 18085.10
7405281925273023273727 7 320173 15  9 12 22 12  3  2  7 100.63 28087.40
7405291926 11320202313232317153  5  7  7  9  5  9  9  6  70.42 18089.40
7405301926 21723233037473330240  6  9  9 15 22 39 18 15 170.94  7091.30
7405311926 33037304343373760317 15 22 15 32 32 22 22 80 301.36 30095.10
7406011926 45030374043373047313 48 15 22 27 32 22 15 39 281.26 33097.80
7406021926 54023334333372723260 27  9 18 32 18 22 12  9 181.05 41100.10
7406031926 63037404323332733267 15 22 27 32  9 18 12 18 191.05 52098.90
7406041926 73330201317132323173 18 15  7  5  6  5  9  9  90.52 67098.20
7406051926 81023171320171317130  4  9  6  5  7  6  5  6  60.31 62096.50
7406061926 91727201327 710 0120  6 12  7  5 12  3  4  0  60.31 72095.00
740607192610 3 3 7 3 7101310 57  2  2  3  2  3  4  5  4  30.10 65092.80
74060819261110172313172313 7123  4  6  9  5  6  9  5  3  60.31 59095.00
7406091926121010 31023303017133  4  4  2  4  9 15 15  6  70.42 64095.00
7406101926133327272027304327233 18 12 12  7 12 15 32 12 150.84 59097.00
7406111926142037274343405060320  7 22 12 32 32 27 48 80 321.36 48095.30
7406121926155040405737273030310 48 27 27 67 22 12 15 15 291.36 38091.70
7406131926164343372730403030280 32 32 22 12 15 27 15 15 211.15 44089.70
7406141926173337272730374327260 18 22 12 12 15 22 32 12 181.05 41088.10
7406151926184343473757403753357 32 32 39 22 67 27 22 56 371.46 32084.70
7406161926193733402720273030243 22 18 27 12  7 12 15 15 160.94 25086.20
7406171926203030372733332030240 15 15 22 12 18 18  7 15 150.94 25087.20
7406181926213023231323201333180 15  9  9  5  9  7  5 18 100.52 27084.40
7406191926223313172727304020207 18  5  6 12 12 15 27  7 130.73 28082.80
7406201926232730333327333047260 12 15 18 18 12 18 15 39 181.05 20083.80
740621192624331310 720201320137 18  5  4  3  7  7  5  7  70.42 16081.40
7406221926253030102020202013163 15 15  4  7  7  7  7  5  80.52 11082.30
7406231926261713102027231323147  6  5  4  7 12  9  5  9  70.42 11080.20
7406241926272320232323172317170  9  7  9  9  9  6  9  6  80.42 15079.10
7406251927 117 720 3 3101350123  6  3  7  2  2  4  5 48 100.52 15078.80
7406261927 24350475350434740373 32 48 39 56 48 32 39 27 401.57  8079.60
7406271927 34763604047506040407 39 94 80 27 39 48 80 27 541.67  8082.40
7406281927 44737334343374033313 39 22 18 32 32 22 27 18 261.26 18083.00
7406291927 53327274043403323267 18 12 12 27 32 27 18  9 191.05 30089.40
7406301927 63333303333303013237 18 18 15 18 18 15 15  5 150.94 47093.00
7407011927 73023232023172723187 15  9  9  7  9  6 12  9 100.52 79105.30
7407021927 82020333327301727207  7  7 18 18 12 15  6 12 120.73 87112.70
7407031927 91717302720171730173  6  6 15 12  7  6  6 15  90.52 90118.50
7407041927105043372040533347323 48 32 22  7 27 56 18 39 311.36 93127.80
7407051927115367535057635763463 56111 56 48 67 94 67 94 741.87 95125.60
7407061927126783876073635030513111236300 80154 94 48 151301.98 93121.50
7407071927133737232323332337237 22 22  9  9  9 18  9 22 150.84 78110.90
7407081927143330334057504753343 18 15 18 27 67 48 39 56 361.46 59104.70
7407091927154040272723173030233 27 27 12 12  9  6 15 15 150.94 40095.50
7407101927163027333743333337273 15 12 18 22 32 18 18 22 201.05 26088.20
7407111927172030232733303330227  7 15  9 12 18 15 18 15 140.84 22083.10
7407121927182730203740374747283 12 15  7 22 27 22 39 39 231.15 22083.30
7407131927193730302723232717213 22 15 15 12  9  9 12  6 120.73 28083.30
7407141927204353372037172340270 32 56 22  7 22  6  9 27 231.15 38083.30
7407151927213030301727201323190 15 15 15  6 12  7  5  9 100.63 49085.50
7407161927222733302317101717173 12 18 15  9  6  4  6  6 100.52 54091.30
7407171927233017131717233017163 15  6  5  6  6  9 15  6  80.52 52091.00
7407181927242720131313101710123 12  7  5  5  5  4  6  4  60.31 53086.40
740719192725 717101023232320133  3  6  4  4  9  9  9  7  60.31 47087.10
7407201927261720272323173037193  6  7 12  9  9  6 15 22 110.63 50086.60
7407211927273013101017232730160 15  5  4  4  6  9 12 15  90.52 55090.10
7407221928 1 710301317201730143  3  4 15  5  6  7  6 15  80.42 58095.30
7407231928 24763477063606757473 39 94 39132 94 80111 67 821.87 60098.50
7407241928 35757505050535040407 67 67 48 48 48 56 48 27 511.67 57092.00
7407251928 43037404730333333283 15 22 27 39 15 18 18 18 221.15 59089.40
7407261928 52750332330334030267 12 48 18  9 15 18 27 15 201.05 60093.00
7407271928 63337474737233737297 18 22 39 39 22  9 22 22 241.26 54088.00
7407281928 74747273313273013237 39 39 12 18  5 12 15  5 181.05 51084.50
7407291928 81737273320302327213  6 22 12 18  7 15  9 12 130.73 42085.10
7407301928 91723273313171713160  6  9 12 18  5  6  6  5  80.52 41085.80
7407311928102323101017131713127  9  9  4  4  6  5  6  5  60.31 38087.50
740801192811171720171717 710120  6  6  7  6  6  6  3  4  60.21 37085.10
740802192812171017 737534747233  6  4  6  3 22 56 39 39 221.15 23085.20
7408031928133330404340505353343 18 15 27 32 27 48 56 56 351.46 12083.00
7408041928146033332017274037267 80 18 18  7  6 12 27 22 241.15 17085.80
7408051928154340373333273333280 32 27 22 18 18 12 18 18 211.15 18086.50
7408061928163733232733334737270 22 18  9 12 18 18 39 22 201.05 26087.90
7408071928174030273327374047280 27 15 12 18 12 22 27 39 221.15 32085.90
7408081928183747332317232727233 22 39 18  9  6  9 12 12 160.94 34089.40
7408091928191737332313373343237  6 22 18  9  5 22 18 32 160.94 43087.50
7408101928204040332717203330240 27 27 18 12  6  7 18 15 160.94 48088.40
7408111928213023272717172723190 15  9 12 12  6  6 12  9 100.63 54094.40
7408121928221317171010101020107  5  6  6  4  4  4  4  7  50.21 67099.40
7408131928231017201317101320120  4  6  7  5  6  4  5  7  60.21 69095.20
740814192824172310 7 3101013 93  6  9  4  3  2  4  4  5  50.21 66093.20
7408151928251710 7102010 7 7 87  6  4  3  4  7  4  3  3  40.10 59092.10
740816192826 320172013101023117  2  7  6  7  5  4  4  9  60.21 57096.60
7408171928272710 3102317 713110 12  4  2  4  9  6  3  5  60.31 52098.80
7408181929 11313271727231737173  5  5 12  6 12  9  6 22 100.52 44095.10
7408191929 24033505347504350367 27 18 48 56 39 48 32 48 401.46 43088.80
7408201929 36053534740504740390 80 56 56 39 27 48 39 27 461.57 32082.60
7408211929 45747475043404043367 67 39 39 48 32 27 27 32 391.46 28081.20
7408221929 55043404343475343363 48 32 27 32 32 39 56 32 371.46 34080.60
7408231929 65343475040434337357 56 32 39 48 27 32 32 22 361.46 34081.10
7408241929 74340275340374017297 32 27 12 56 27 22 27  6 261.26 28077.40
7408251929 83330302323271733217 18 15 15  9  9 12  6 18 130.73 25075.70
7408261929 92010101720272720150  7  4  4  6  7 12 12  7  70.42  8073.80
7408271929102733373340273330260 12 18 22 18 27 12 18 15 181.05  8072.70
7408281929114730202727403343267 39 15  7 12 12 27 18 32 201.05  8071.80
7408291929124347335740473720323 32 39 18 67 27 39 22  7 311.36 14072.40
7408301929134733132323204330233 39 18  5  9  9  7 32 15 170.94  8074.20
7408311929144037332023334343273 27 22 18  7  9 18 32 32 211.15 15075.60
7409011929153350333343303040293 18 48 18 18 32 15 15 27 241.26  8077.80
7409021929164733434727334753330 39 18 32 39 12 18 39 56 321.36  8079.40
7409031929173733333327303323250 22 18 18 18 12 15 18  9 160.94 16079.20
7409041929183333302323174750257 18 18 15  9  9  6 39 48 201.05 37080.90
7409051929194743304023271723250 39 32 15 27  9 12  6  9 191.05 40081.50
7409061929204033272713233320217 27 18 12 12  5  9 18  7 140.84 44082.20
7409071929212727232717303720207 12 12  9 12  6 15 22  7 120.73 38085.40
7409081929223017231713132017150 15  6  9  6  5  5  7  6  70.42 32093.40
7409091929232320 3 320131310107  9  7  2  2  7  5  5  4  50.21 63096.00
7409101929242720 71313131320127 12  7  3  5  5  5  5  7  60.31 74102.00
740911192925201713 7 713 7 7 90  7  6  5  3  3  5  3  3  40.21 80104.70
740912192926 3 717 3 7203310100  2  3  6  2  3  7 18  4  60.31 80105.50
7409131929271017234333373733233  4  6  9 32 18 22 22 18 160.94 74106.70
7409141930 12013 72017102740153  7  5  3  7  6  4 12 27  90.52 67104.00
7409151930 21317132773777357350  5  6  5 12154179154 67 731.87 64103.60
7409161930 38077606763272720420207179 80111 94 12 12  7 881.87 68102.00
7409171930 41723 7 310 7 0 0 67  6  9  3  2  4  3  0  0  30.10 71100.30
7409181930 5 0 723 747572733200  0  3  9  3 39 67 12 18 191.05 66100.00
7409191930 65733534733303747337 67 18 56 39 18 15 22 39 341.46 51091.70
7409201930 74737474740573340347 39 22 39 39 27 67 18 27 351.46 31085.90
7409211930 84323203763634353347 32  9  7 22 94 94 32 56 431.57 13082.60
7409221930 94740373740372040297 39 27 22 22 27 22  7 27 241.26  0081.00
7409231930102727272333273740240 12 12 12  9 18 12 22 27 160.94  7074.60
7409241930112753474340373313293 12 56 39 32 27 22 18  5 261.26 11072.80
7409251930124330233037475053313 32 15  9 15 22 39 48 56 301.36 11072.80
7409261930134750505043434040363 39 48 48 48 32 32 27 27 381.46 13075.40
7409271930143737304750334320297 22 22 15 39 48 18 32  7 251.26 19077.00
7409281930153330202337273330233 18 15  7  9 22 12 18 15 140.84 23080.70
7409291930163030273037403017240 15 15 12 15 22 27 15  6 160.94 38090.70
7409301930173340234033333343280 18 27  9 27 18 18 18 32 211.15 58091.40
7410011930185043233747404330313 48 32  9 22 39 27 32 15 281.26 61093.10
7410021930193023333343335060307 15  9 18 18 32 18 48 80 301.36 53094.60
7410031930204327272013272320200 32 12 12  7  5 12  9  7 120.73 46093.40
7410041930212320201317202033167  9  7  7  5  6  7  7 18  80.42 60100.50
7410051930222717131720172040170 12  6  5  6  7  6  7 27 100.52 85113.30
7410061930234723202317101720177 39  9  7  9  6  4  6  7 110.63 83115.00
741007193024 317 720 7172720117  2  6  3  7  3  6 12  7  60.31 84114.40
7410081930252013102020104037170  7  5  4  7  7  4 27 22 100.63 97125.30
7410091930263057474050475333357 15 67 39 27 48 39 56 18 391.46107129.00
7410101930273333301713101727180 18 18 15  6  5  4  6 12 100.63114129.30
7410111931 13020101310101713123 15  7  4  5  4  4  6  5  60.31110137.60
7410121931 21023231740274743230  4  9  9  6 27 12 39 32 170.94 92144.10
7410131931 35770676367635340480 67132111 94111 94 56 27 861.87 76126.60
7410141931 43030202313535360283 15 15  7  9  5 56 56 80 301.36 63113.20
7410151931 56057605733303353383 80 67 80 67 18 15 18 56 501.67 48103.70
7410161931 65047506063574770443 48 39 48 80 94 67 39132 681.77 41095.00
7410171931 74353534747604347393 32 56 56 39 39 80 32 39 471.57 28083.80
7410181931 85757433747435340377 67 67 32 22 39 32 56 27 431.57 16081.10
7410191931 94040334347474037327 27 27 18 32 39 39 27 22 291.36  9075.20
7410201931103350505050574040370 18 48 48 48 48 67 27 27 411.57 11075.50
7410211931112330371710172027180  9 15 22  6  4  6  7 12 100.63 12073.90
7410221931122317373033334017230  9  6 22 15 18 18 27  6 150.94  9072.60
74102319311313231310 3 3 723 97  5  9  5  4  2  2  3  9  50.21  7073.90
7410241931144763573733403337347 39 94 67 22 18 27 18 22 381.46  7074.70
7410251931153730403337432343287 22 15 27 18 22 32  9 32 221.15  8076.90
7410261931164037503740404337323 27 22 48 22 27 27 32 22 281.26 16080.70
7410271931174340233333534030297 32 27  9 18 18 56 27 15 251.26 30080.10
7410281931185343173337403750310 56 32  6 18 22 27 22 48 291.36 27081.60
7410291931194037373333272727260 27 22 22 18 18 12 12 12 181.05 22081.70
7410301931203027202730301327203 15 12  7 12 15 15  5 12 120.73 22082.70
74103119312130231010 3172723143 15  9  4  4  2  6 12  9  80.42 16086.70
741101193122272310 7 3 31030113 12  9  4  3  2  2  4 15  60.31 18090.20
7411021931232030 71310 3 310 97  7 15  3  5  4  2  2  4  50.21 27092.00
74110319312410171317 710 730110  4  6  5  6  3  4  3 15  60.31 39096.20
7411041931251710 3 3 3 710 7 60  6  4  2  2  2  3  4  3  30.10 45099.50
7411051931261310101010 71727103  5  4  4  4  4  3  6 12  50.21 36097.60
741106193127302727173023 713173 15 12 12  6 15  9  3  5 100.52 25092.30
7411071932 11323202710232310150  5  9  7 12  4  9  9  4  70.42 22085.60
7411081932 22317131030305057230  9  6  5  4 15 15 48 67 211.15 14082.00
7411091932 35357574747402023343 56 67 67 39 39 27  7  9 391.46  7078.90
7411101932 42330231010202037173  9 15  9  4  4  7  7 22 100.52 24078.40
7411111932 53330203350706057353 18 15  7 18 48132 80 67 481.67 27077.30
7411121932 66363605057535753457 94 94 80 48 67 56 67 56 701.87 24079.20
7411131932 74740434737474750357 39 27 32 39 22 39 39 48 361.46 16076.10
7411141932 857575043504710 7320 67 67 48 32 48 39  4  3 381.46  8077.70
7411151932 91310173333172727177  5  4  6 18 18  6 12 12 100.63 16080.00
7411161932102330373330333723247  9 15 22 18 15 18 22  9 160.94 20082.50
7411171932114333202327272027220 32 18  7  9 12 12  7 12 140.84 20084.60
7411181932123017172717172313160 15  6  6 12  6  6  9  5  80.42 18088.50
7411191932132027202727373333223  7 12  7 12 12 22 18 18 140.84 34096.10
7411201932143737304740373720283 22 22 15 39 27 22 22  7 221.15 40095.70
7411211932152333404733473340297  9 18 27 39 18 39 18 27 241.26 40096.20
7411221932163340333030373327263 18 27 18 15 15 22 18 12 181.05 44098.70
7411231932173027273033333037247 15 12 12 15 18 18 15 22 160.94 44098.10
7411241932183740233333474050303 22 27  9 18 18 39 27 48 261.26 37096.00
7411251932194040302320373737263 27 27 15  9  7 22 22 22 191.05 29094.50
7411261932203323272040403330247 18  9 12  7 27 27 18 15 170.94 25092.20
7411271932212723231713201730170 12  9  9  6  5  7  6 15  90.52 23090.80
7411281932222327271013 3 7 3113  9 12 12  4  5  2  3  2  60.31 13086.60
741129193223131013 7 3 7 3 0 57  5  4  5  3  2  3  2  0  30.10  7083.80
741130193224 310 0 3 3 0 013 33  2  4  0  2  2  0  0  5  20.00  7082.10
74120119322510 3 31010172730110  4  2  2  4  4  6 12 15  60.31  0079.70
7412021932263740272723273023233 22 27 12 12  9 12 15  9 150.84  0078.70
7412031932273330232727204333237 18 15  9 12 12  7 32 18 150.94  9076.80
7412041933 13330272013131010157 18 15 12  7  5  5  4  4  90.52 16074.70
7412051933 2 7 7 71023233020127  3  3  3  4  9  9 15  7  70.31 17073.20
7412061933 32017 7171010 3 7 90  7  6  3  6  4  4  2  3  40.21  8071.80
7412071933 41713172327271720160  6  5  6  9 12 12  6  7  80.42  7071.10
7412081933 51720202730333040217  6  7  7 12 15 18 15 27 130.84  0069.70
7412091933 64050405050535043377 27 48 27 48 48 56 48 32 421.57  0069.60
7412101933 74340372333373027270 32 27 22  9 18 22 15 12 201.05  9070.40
7412111933 82737334040334323277 12 22 18 27 27 18 32  9 211.15 21076.20
7412121933 93037373340332030260 15 22 22 18 27 18  7 15 181.05 31077.90
7412131933102733202337474740273 12 18  7  9 22 39 39 27 221.15 34078.00
74121419331140373313 3202723197 27 22 18  5  2  7 12  9 130.73 33078.20
7412151933122027373027302733230  7 12 22 15 12 15 12 18 140.84 35083.20
74121619331317 3131010233327137  6  2  5  4  4  9 18 12  80.42 40088.30
7412171933142737272320374043253 12 22 12  9  7 22 27 32 181.05 36088.30
7412181933154340404040474030320 32 27 27 27 27 39 27 15 281.26 34090.30
7412191933164340334033334747317 32 27 18 27 18 18 39 39 271.26 43091.90
7412201933174033334337333327280 27 18 18 32 22 18 18 12 211.15 40087.30
7412211933183037303337333737273 15 22 15 18 22 18 22 22 191.05 40085.90
7412221933194040232023302027223 27 27  9  7  9 15  7 12 140.84 37084.40
7412231933202723232030434337247 12  9  9  7 15 32 32 22 170.94 28083.00
7412241933213027232333302337227 15 12  9  9 18 15  9 22 140.84 26080.10
7412251933222020101713334720180  7  7  4  6  5 18 39  7 120.73  9078.90
7412261933232030333323202717203  7 15 18 18  9  7 12  6 120.73  8075.80
7412271933242733474333333330280 12 18 39 32 18 18 18 15 211.15  8074.30
7412281933252323373323272320210  9  9 22 18  9 12  9  7 120.73 20073.70
7412291933262323203330232323200  9  9  7 18 15  9  9  9 110.63 16074.10
7412301933272017 3 7 7 72330113  7  6  2  3  3  3  9 15  60.31 19074.50
7412311934 14343231717233020217 32 32  9  6  6  9 15  7 140.84 13076.10
