7501011934 22330201310172017150  9 15  7  5  4  6  7  6  70.42 30078.10
7501021934 31313 3 3 7 317 7 67  5  5  2  2  3  2  6  3  40.10 30075.80
7501031934 41310231317232327150  5  4  9  5  6  9  9 12  70.42 28077.10
7501041934 53737404747504043340 22 22 27 39 39 48 27 32 321.36 19074.40
7501051934 64037403340434343320 27 22 27 18 27 32 32 32 271.26 18073.70
7501061934 73023202333334763273 15  9  7  9 18 18 39 94 261.26 23073.80
7501071934 87753503333272327323179 56 48 18 18 12  9 12 441.57 29075.70
7501081934 93340505053435023343 18 27 48 48 56 32 48  9 361.46 29077.70
750109193410202327232020 713153  7  9 12  9  7  7  3  5  70.42 37079.90
7501101934111710233017 3 313117  6  4  9 15  6  2  2  5  60.31 32080.50
75011119341220131010 7 7 317 87  7  5  4  4  3  3  2  6  40.10 30081.30
75011219341320 3 3 7 3 32320 83  7  2  2  3  2  2  9  7  40.10 28082.40
7501131934144350403740404743340 32 48 27 22 27 27 39 32 321.36 32080.40
7501141934154050373750434740343 27 48 22 22 48 32 39 27 331.36 13077.80
7501151934163330232323233743237 18 15  9  9  9  9 22 32 150.94 20077.40
7501161934174030203337433343280 27 15  7 18 22 32 18 32 211.15 19076.50
7501171934184033504337403747327 27 18 48 32 22 27 22 39 291.36 16074.70
7501181934194740234043333323283 39 27  9 27 32 18 18  9 221.15 20075.80
7501191934202327303017172320187  9 12 15 15  6  6  9  7 100.63 20074.20
7501201934213327202010232727187 18 12  7  7  4  9 12 12 100.63 23073.80
7501211934222010 713202723 7127  7  4  3  5  7 12  9  3  60.31 16074.60
750122193423 71013 313302730133  3  4  5  2  5 15 12 15  80.42 16073.60
7501231934243020201730273723203 15  7  7  6 15 12 22  9 120.73 15072.70
7501241934253030133317232013180 15 15  5 18  6  9  7  5 100.63  7071.00
750125193426 7 7 310 7302010 93  3  3  2  4  3 15  7  4  50.21  7070.30
7501261934273310 7 310 710 7 87 18  4  3  2  4  3  4  3  50.21  7070.60
7501271935 1 727273727333723217  3 12 12 22 12 18 22  9 140.84  0070.10
7501281935 24733272020102017193 39 18 12  7  7  4  7  6 120.73  7070.70
7501291935 31723132023131310133  6  9  5  7  9  5  5  4  60.31  7070.40
7501301935 417131723 7102330140  6  5  6  9  3  4  9 15  70.42  7070.60
7501311935 52313133323434040230  9  5  5 18  9 32 27 27 160.94  0070.10
7502011935 63350474750434347360 18 48 39 39 48 32 32 39 371.46  0070.80
7502021935 74743374037303720290 39 32 22 27 22 15 22  7 231.15 18072.40
7502031935 82737302030232013200 12 22 15  7 15  9  7  5 120.73 27074.30
7502041935 92327131330272330187  9 12  5  5 15 12  9 15 100.63 27075.40
7502051935103327233033433033253 18 12  9 15 18 32 15 18 170.94 20076.50
7502061935112327231710202723170  9 12  9  6  4  7 12  9  80.52 26081.10
7502071935122730273023333333237 12 15 12 15  9 18 18 18 150.84 34079.40
750208193513272727231013 717150 12 12 12  9  4  5  3  6  80.42 29078.80
750209193514403023 0 3172337173 27 15  9  0  2  6  9 22 110.63 22077.10
7502101935154750473043474057360 39 48 39 15 32 39 27 67 381.46 18076.60
7502111935165340373337505050350 56 27 22 18 22 48 48 48 361.46 13074.80
7502121935174343474737474747357 32 32 39 39 22 39 39 39 351.46 18075.00
7502131935184037373337435040317 27 22 22 18 22 32 48 27 271.26  9073.70
7502141935194340373733433740310 32 27 22 22 18 32 22 27 251.26  8072.00
7502151935203333372737374040283 18 18 22 12 22 22 27 27 211.15  8069.80
7502161935213337404337504743330 18 22 27 32 22 48 39 32 301.36  8071.50
7502171935222730303330302727233 12 15 15 18 15 15 12 12 140.84  0069.30
7502181935234040302033202327233 27 27 15  7 18  7  9 12 150.94  0068.30
7502191935242030302727102727197  7 15 15 12 12  4 12 12 110.63  0070.00
7502201935253017232710 72023157 15  6  9 12  4  3  7  9  80.42  7069.50
7502211935262720172020302020173 12  7  6  7  7 15  7  7  80.52  8068.90
7502221935272717132017201720150 12  6  5  7  6  7  6  7  70.42  0068.30
7502231936 13323376053473030313 18  9 22 80 56 39 15 15 321.36  0068.30
7502241936 24033201333373037243 27 18  7  5 18 22 15 22 170.94 12068.70
7502251936 34047402740302023267 27 39 27 12 27 15  7  9 201.05  9069.40
7502261936 430372320131313 3153 15 22  9  7  5  5  5  2  90.52  0068.80
7502271936 5 72023 31313 313 97  3  7  9  2  5  5  2  5  50.21  0069.30
7502281936 62027271320273737207  7 12 12  5  7 12 22 22 120.73  0068.60
7503011936 74033473720333337280 27 18 39 22  7 18 18 22 211.15  0070.70
7503021936 83730172320172027190 22 15  6  9  7  6  7 12 100.63  9072.40
7503031936 93020132023273333200 15  7  5  7  9 12 18 18 110.73 14073.40
7503041936103327232017 71323163 18 12  9  7  6  3  5  9  90.52 13072.80
7503051936113340405047474033330 18 27 27 48 39 39 27 18 301.36 14071.30
7503061936122333403730433337277  9 18 27 22 15 32 18 22 201.05 14072.40
7503071936131010 3 7 7 7 710 60  4  4  2  3  3  3  3  4  30.10  7071.90
750308193614 3 3 0 0 3 7 3 3 23  2  2  0  0  2  3  2  2  20.00 18072.40
750309193615 3 3 7 313132047110  2  2  3  2  5  5  7 39  80.42 20073.70
7503101936166050506053577070470 80 48 48 80 56 67132132 801.87 20073.30
7503111936176763504043433753397111 94 48 27 32 32 22 56 531.67 18073.00
7503121936184350404033435353357 32 48 27 27 18 32 56 56 371.46 15074.20
7503131936194730233330376043303 39 15  9 18 15 22 80 32 291.36 15075.60
7503141936203343403333374357320 18 32 27 18 18 22 32 67 291.36 17074.90
7503151936214033303327404030273 27 18 15 18 12 27 27 15 201.05 24073.40
7503161936222730535043402330297 12 15 56 48 32 27  9 15 271.26 30076.00
7503171936233733272717172337217 22 18 12 12  6  6  9 22 130.84 28075.40
7503181936243720232730472733243 22  7  9 12 15 39 12 18 170.94 22074.20
7503191936252317201023173043183  9  6  7  4  9  6 15 32 110.63 20072.90
7503201936262327233030373327230  9 12  9 15 15 22 18 12 140.84 14071.90
750321193627231010 7 0 0 3 3 57  9  4  4  3  0  0  2  2  30.10  9071.20
7503221937 1 3171727 713 727117  2  6  6 12  3  5  3 12  60.31  0069.30
7503231937 23740372717 71020193 22 27 22 12  6  3  4  7 130.73  0067.60
7503241937 32010134037402727213  7  4  5 27 22 27 12 12 140.84  0067.40
7503251937 42723171027171713150 12  9  6  4 12  6  6  5  80.42  0067.40
7503261937 51030304337273727240  4 15 15 32 22 12 22 12 170.94  7068.60
7503271937 63027202743636037307 15 12  7 12 32 94 80 22 341.46  0067.30
7503281937 73037604750434740353 15 22 80 39 48 32 39 27 381.46  0067.70
7503291937 83343433333433023283 18 32 32 18 18 32 15  9 221.15  0069.00
7503301937 93023202327172027187 15  9  7  9 12  6  7 12 100.52  0068.90
7503311937103333271723303320217 18 18 12  6  9 15 18  7 130.73  8070.50
750401193711271727201023 7 7137 12  6 12  7  4  9  3  3  70.42  0070.20
750402193712171310 7 7102323110  6  5  4  3  3  4  9  9  50.21  0071.20
750403193713301720 710131717130 15  6  7  3  4  5  6  6  60.31  0072.20
7504041937141723171713172327153  6  9  6  6  5  6  9 12  70.42  0072.90
75040519371533202017 7233323177 18  7  7  6  3  9 18  9 100.52  0073.70
7504061937163020232320272750220 15  7  9  9  7 12 12 48 150.84  0073.70
7504071937172720173040305057270 12  7  6 15 27 15 48 67 251.26  7074.40
7504081937183740304047575027327 22 27 15 27 39 67 48 12 321.36 17073.60
7504091937194760504340604757403 39 80 48 32 27 80 39 67 521.67 15073.40
7504101937205350404340334050350 56 48 27 32 27 18 27 48 351.46  7072.40
7504111937215350404750402733340 56 48 27 39 48 27 12 18 341.46  0072.20
7504121937222733335037333057300 12 18 18 48 22 18 15 67 271.26  0070.80
7504131937235340572333233340303 56 27 67  9 18  9 18 27 291.36  0070.70
7504141937244747333023303030270 39 39 18 15  9 15 15 15 211.15  0069.70
7504151937252017131317272317147  7  6  5  5  6 12  9  6  70.42  0069.70
75041619372627232310 71310 7120 12  9  9  4  3  5  4  3  60.31  0069.20
750417193727 7 3 717202313 7 97  3  2  3  6  7  9  5  3  50.21  0069.50
7504181938 1 713 72030171317123  3  5  3  7 15  6  5  6  60.31  0068.30
7504191938 213171310172310 7110  5  6  5  4  6  9  4  3  50.21  0067.50
7504201938 3 3 7202330475753240  2  3  7  9 15 39 67 56 251.26  0067.90
7504211938 46023203040373313257 80  9  7 15 27 22 18  5 231.15  0068.20
7504221938 53340332027202737237 18 27 18  7 12  7 12 22 150.94  0067.80
7504231938 64033374727473737303 27 18 22 39 12 39 22 22 251.26  7068.80
7504241938 74030304023303030253 27 15 15 27  9 15 15 15 170.94  8069.30
7504251938 8272723171717 717150 12 12  9  6  6  6  3  6  80.42  7071.70
7504261938 93713102317232720170 22  5  4  9  6  9 12  7  90.52  7072.10
75042719381013271013 0 31313 93  5 12  4  5  0  2  5  5  50.21 22074.40
75042819381113 7 3 3 0 710 7 50  5  3  2  2  0  3  4  3  30.00 21074.80
750429193812 7 0 313 3 7 3 3 40  3  0  2  5  2  3  2  2  20.00 16073.10
750430193813 310272013101020113  2  4 12  7  5  4  4  7  60.31 20073.40
7505011938141010201717131720123  4  4  7  6  6  5  6  7  60.31 26076.20
7505021938152330303333273737250  9 15 15 18 18 12 22 22 160.94 33081.10
7505031938163743333037302333267 22 32 18 15 22 15  9 18 191.05 34079.60
7505041938173733301723172340220 22 18 15  6  9  6  9 27 140.84 32079.60
7505051938185743432733404350337 67 32 32 12 18 27 32 48 341.36 30078.30
7505061938196060403030402740327 80 80 27 15 15 27 12 27 351.46 20075.90
7505071938203017273747434337280 15  6 12 22 39 32 32 22 221.15 14073.50
7505081938213723232020233340220 22  9  9  7  7  9 18 27 140.84  0071.90
7505091938223323233027273343240 18  9  9 15 12 12 18 32 160.94  0070.60
7505101938235047372327102027240 48 39 22  9 12  4  7 12 191.05  8070.10
750511193824 3 7 3 7 3 7 3 0 33  2  3  2  3  2  3  2  0  20.00  0069.80
750512193825 3 7 7 3 3 717 7 53  2  3  3  2  2  3  6  3  30.10  0069.60
750513193826 710171010132330120  3  4  6  4  4  5  9 15  60.31  0069.10
7505141938274733272720132027213 39 18 12 12  7  5  7 12 140.84  7068.70
7505151939 1 71313 3 3 3 3 3 50  3  5  5  2  2  2  2  2  30.10  7068.00
7505161939 2 330573747334043290  2 15 67 22 39 18 27 32 281.26  8068.50
7505171939 33033333737231310217 15 18 18 22 22  9  5  4 140.84  0068.30
7505181939 41723231717202023160  6  9  9  6  6  7  7  9  70.42  8068.70
7505191939 53030272010 35033203 15 15 12  7  4  2 48 18 150.94  0068.90
7505201939 64343504720331310260 32 32 48 39  7 18  5  4 231.15  0068.60
7505211939 72727172723203727203 12 12  6 12  9  7 22 12 120.73  0069.70
7505221939 82020273333231723197  7  7 12 18 18  9  6  9 110.63  8070.80
7505231939 917272727171323 7157  6 12 12 12  6  5  9  3  80.42  8070.50
750524193910 710201710101323110  3  4  7  6  4  4  5  9  50.21  7070.60
7505251939112323101320304047207  9  9  4  5  7 15 27 39 140.84  0070.20
7505261939125047372313171317217 48 39 22  9  5  6  5  6 181.05  0069.00
7505271939132020272333202723193  7  7 12  9 18  7 12  9 100.63  7070.40
7505281939142313 3 3 7201710 97  9  5  2  2  3  7  6  4  50.21 13070.60
7505291939152320332317272727197  9  7 18  9  6 12 12 12 110.63  0071.00
7505301939161723171713131017127  6  9  6  6  5  5  4  6  60.31  0071.00
7505311939171010 3 31013 713 70  4  4  2  2  4  5  3  5  40.10  8071.10
7506011939182013102040435747250  7  5  4  7 27 32 67 39 241.15  7071.40
7506021939194750474030303040313 39 48 39 27 15 15 15 27 281.26 11072.90
7506031939203020272727232730210 15  7 12 12 12  9 12 15 120.73  8070.80
7506041939213030271723232327200 15 15 12  6  9  9  9 12 110.63  7070.40
7506051939223323232720203037213 18  9  9 12  7  7 15 22 120.73  7069.30
7506061939233027273023202323203 15 12 12 15  9  7  9  9 110.63  7068.20
75060719392417132013 7102030130  6  5  7  5  3  4  7 15  60.31  0068.10
750608193925 7 710101710 310 73  3  3  4  4  6  4  2  4  40.10  0067.50
750609193926172710131010 710103  6 12  4  5  4  4  3  4  50.21  0067.70
750610193927 7 7 7 710131013 73  3  3  3  3  4  5  4  5  40.10  0068.80
7506111940 12017334330233323223  7  6 18 32 15  9 18  9 140.84  9068.20
7506121940 23033374350403743313 15 18 22 32 48 27 22 32 271.26  0068.40
7506131940 33033272733273027233 15 18 12 12 18 12 15 12 140.84  0067.90
7506141940 41313232327203013163  5  5  9  9 12  7 15  5  80.52  0068.50
7506151940 51320203323372737210  5  7  7 18  9 22 12 22 130.73  8068.90
7506161940 63333273727373330257 18 18 12 22 12 22 18 15 170.94 19071.40
7506171940 71710203727303330203  6  4  7 22 12 15 18 15 120.73 17070.20
7506181940 83033271723302717203 15 18 12  6  9 15 12  6 120.73 12070.20
7506191940 93020272027302727207 15  7 12  7 12 15 12 12 120.73 15070.90
7506201940101717131013102717123  6  6  5  4  5  4 12  6  60.31  0072.50
7506211940112327171713232330173  9 12  6  6  5  9  9 15  90.52  7068.70
75062219401220201313 7 31713107  7  7  5  5  3  2  6  5  50.21  0069.90
7506231940131013 3 3 7131313 77  4  5  2  2  3  5  5  5  40.10 12072.90
750624194014 7 7 710 3 3 3 3 43  3  3  3  4  2  2  2  2  30.00 20075.90
750625194015 01310 713102020 93  0  5  4  3  5  4  7  7  40.21 24077.70
75062619401617172013101013 7107  6  6  7  5  4  4  5  3  50.21 33079.80
750627194017101010 31010 713 73  4  4  4  2  4  4  3  5  40.10 38081.40
750628194018 7 7171717 7 713 90  3  3  6  6  6  3  3  5  40.21 36080.60
7506291940191720272033535743270  6  7 12  7 18 56 67 32 261.26 23079.40
7506301940205043372727273037277 48 32 22 12 12 12 15 22 221.15 22078.80
7507011940212323274013231730197  9  9 12 27  5  9  6 15 120.73 23078.70
750702194022272310 317131023127 12  9  4  2  6  5  4  9  60.31 18076.80
7507031940232020231717132020150  7  7  9  6  6  5  7  7  70.31 22077.10
75070419402417 7 71317132727127  6  3  3  5  6  5 12 12  60.31 16076.80
75070519402513 3171013101020 97  5  2  6  4  5  4  4  7  50.21 23076.80
750706194026 31010 310233023113  2  4  4  2  4  9 15  9  60.31 33076.10
7507071940274323132027202730203 32  9  5  7 12  7 12 15 120.73 23074.10
7507081941 14060435050473013333 27 80 32 48 48 39 15  5 371.46 19074.00
7507091941 21743406753372727310  6 32 27111 56 22 12 12 351.46 16073.30
7507101941 31033373040333030243  4 18 22 15 27 18 15 15 170.94 23073.00
7507111941 430275040402023 7237 15 12 48 27 27  7  9  3 181.05 29077.50
7507121941 5171020 310172313113  6  4  7  2  4  6  9  5  50.21 33082.80
7507131941 61020131327273033173  4  7  5  5 12 12 15 18 100.52 43088.60
7507141941 73023233023232740220 15  9  9 15  9  9 12 27 130.84 46089.10
7507151941 83020333337332723237 15  7 18 18 22 18 12  9 150.84 43085.70
7507161941 93330233030232020210 18 15  9 15 15  9  7  7 120.73 39083.60
7507171941102320273037233037227  9  7 12 15 22  9 15 22 140.84 25081.20
7507181941113020304037302323233 15  7 15 27 22 15  9  9 150.84 32082.80
7507191941122327201713233023177  9 12  7  6  5  9 15  9  90.52 36081.90
7507201941132020232010102020143  7  7  9  7  4  4  7  7  60.31 28083.20
750721194114 310202323102017127  2  4  7  9  9  4  7  6  60.31 30083.10
7507221941151010171713201727130  4  4  6  6  5  7  6 12  60.31 27082.70
750723194116203020 7 3101017117  7 15  7  3  2  4  4  6  60.31 19082.00
7507241941172713201713101017127 12  5  7  6  5  4  4  6  60.31 30079.20
7507251941182737603747374343330 12 22 80 22 39 22 32 32 331.36 33079.70
7507261941194033303033373337273 27 18 15 15 18 22 18 22 191.05 30079.90
7507271941202733302020202720197 12 18 15  7  7  7 12  7 110.63 29078.50
7507281941214030201717201717177 27 15  7  6  6  7  6  6 100.63 26076.50
7507291941221313 71313 3 717 87  5  5  3  5  5  2  3  6  40.10 20075.50
750730194123172310131010 713103  6  9  4  5  4  4  3  5  50.21 27078.80
7507311941241710 3 31010 730 90  6  4  2  2  4  4  3 15  50.21 34081.90
75080119412527372720 7102017163 12 22 12  7  3  4  7  6  90.52 37091.60
7508021941262017171720231717147  7  6  6  6  7  9  6  6  70.31 36095.40
7508031941271010101323 71010 93  4  4  4  5  9  3  4  4  50.21 46097.00
7508041942 12010 71710202317123  7  4  3  6  4  7  9  6  60.31 78104.70
7508051942 23747434743404323323 22 39 32 39 32 27 32  9 291.36 93108.00
7508061942 330302720 3 3 7 3123 15 15 12  7  2  2  3  2  70.42104120.00
7508071942 4 0 0 0 323272020 93  0  0  0  2  9 12  7  7  50.21102123.20
7508081942 530474027 7101717193 15 39 27 12  3  4  6  6 140.84 89123.70
7508091942 62317232317374340223  9  6  9  9  6 22 32 27 150.84 83115.80
7508101942 730374737232017 3213 15 22 39 22  9  7  6  2 150.94 80116.50
7508111942 8 313233023101317133  2  5  9 15  9  4  5  6  70.31 72107.30
7508121942 913 710 713 7 7 7 70  5  3  4  3  5  3  3  3  40.10 45104.50
7508131942101013131713131017107  4  5  5  6  5  5  4  6  50.21 52098.00
7508141942114043403027101723230 27 32 27 15 12  4  6  9 160.94 34090.90
7508151942123720273740333727257 22  7 12 22 27 18 22 12 181.05 31086.00
750816194213 7101020231020 7107  3  4  4  7  9  4  7  3  50.21 26082.80
7508171942142333272017232017180  9 18 12  7  6  9  7  6  90.52 19079.00
7508181942151013202710 32013117  4  5  7 12  4  2  7  5  60.31 16076.30
75081919421610 71310 71317 3 80  4  3  5  4  3  5  6  2  40.10  8076.70
750820194217 0 7102037432747190  0  3  4  7 22 32 12 39 150.84 22077.20
7508211942182740271720373343243 12 27 12  6  7 22 18 32 170.94 23080.00
7508221942193733203317172030207 22 18  7 18  6  6  7 15 120.73  7078.50
7508231942203727103020131713167 22 12  4 15  7  5  6  5 100.52 14076.80
750824194221 317 3 727132323117  2  6  2  3 12  5  9  9  60.31  8077.00
7508251942222027271320172727177  7 12 12  5  7  6 12 12  90.52 11080.60
7508261942232010 71013 71720103  7  4  3  4  5  3  6  7  50.21 16081.30
7508271942242733 7 7 3 3 313 97 12 18  3  3  2  2  2  5  60.31 18083.60
75082819422517131010 7101723107  6  5  4  4  3  4  6  9  50.21 10083.40
7508291942264353403740332737310 32 56 27 22 27 18 12 22 271.26 10084.60
7508301942274040402313201320210 27 27 27  9  5  7  5  7 140.84 21086.20
7508311943 11320232310102020140  5  7  9  9  4  4  7  7  60.31 21086.70
7509011943 2 717172017272317143  3  6  6  7  6 12  9  6  70.31 14087.10
7509021943 33020131013201013130 15  7  5  4  5  7  4  5  60.31 16087.80
7509031943 413 0 7 3 71310 7 60  5  0  3  2  3  5  4  3  30.10 19087.80
7509041943 5 3 7 7 3 7 3 710 47  2  3  3  2  3  2  3  4  30.00 29092.70
7509051943 610 7 710 7101317 80  4  3  3  4  3  4  5  6  40.10 25094.40
7509061943 72720203333331730213 12  7  7 18 18 18  6 15 130.73 24094.00
7509071943 82020232713 7 720137  7  7  9 12  5  3  3  7  70.31 24091.20
7509081943 92313131020171720133  9  5  5  4  7  6  6  7  60.31 23088.50
7509091943102727374050403733290 12 12 22 27 48 27 22 18 241.15 17084.30
7509101943114353403737372333303 32 56 27 22 22 22  9 18 261.26 10082.50
7509111943124343334337403737313 32 32 18 32 22 27 22 22 261.26 10081.20
7509121943134737373040231723253 39 22 22 15 27  9  6  9 191.05 16078.20
7509131943144043234317101737230 27 32  9 32  6  4  6 22 170.94 19075.10
75091419431540333327331010 7193 27 18 18 12 18  4  4  3 130.73 17074.10
7509151943161313331010172323143  5  5 18  4  4  6  9  9  80.42  8074.10
75091619431723271310131010 7113  9 12  5  4  5  4  4  3  60.31 14074.30
750917194318133030 727273733203  5 15 15  3 12 12 22 18 130.73 14074.80
7509181943192723202333374027230 12  9  7  9 18 22 27 12 140.84 18076.20
7509191943202313272327131717160  9  5 12  9 12  5  6  6  80.42 13076.20
7509201943211317171313272023143  5  6  6  5  5 12  7  9  70.31 30076.50
7509211943223010 3 710202010110 15  4  2  3  4  7  7  4  60.31 27076.70
750922194323131010 710 71010 77  5  4  4  3  4  3  4  4  40.10 23075.30
75092319432427131010 3 3 3 7 77 12  5  4  4  2  2  2  3  40.10  0076.10
750924194325 3 7 7 3 0 0 310 33  2  3  3  2  0  0  2  4  20.00  0076.80
750925194326 71010 3 3 7 3 7 50  3  4  4  2  2  3  2  3  30.10  0076.70
7509261943271730231733333337223  6 15  9  6 18 18 18 22 140.84  0076.70
7509271944 14327372327302313223 32 12 22  9 12 15  9  5 140.84  0075.70
7509281944 2202017271730 720157  7  7  6 12  6 15  3  7  80.42  0076.10
7509291944 31717201710 3 7 7 97  6  6  7  6  4  2  3  3  50.21  0076.00
7509301944 4 3 0 7 3 3 3 717 43  2  0  3  2  2  2  3  6  20.00  7075.80
7510011944 530231320 310 710117 15  9  5  7  2  4  3  4  60.31 15076.40
7510021944 617 3 0 3 0 0 717 47  6  2  0  2  0  0  3  6  20.00  8078.10
7510031944 7 7 3 73033173737170  3  2  3 15 18  6 22 22 110.73  9078.40
7510041944 843272010 7 31720147 32 12  7  4  3  2  6  7  90.52 10076.30
7510051944 93027171317 3 310120 15 12  6  5  6  2  2  4  60.31  8076.10
7510061944102340474337334730300  9 27 39 32 22 18 39 15 251.26 10075.20
7510071944114753534037403353357 39 56 56 27 22 27 18 56 381.46  9074.30
7510081944124347474340474767380 32 39 39 32 27 39 39111 451.57 16074.00
7510091944134747535040334347360 39 39 56 48 27 18 32 39 371.46 15075.40
7510101944143350502330333337290 18 48 48  9 15 18 18 22 241.26  8074.30
751011194415271013 317273027153 12  4  5  2  6 12 15 12  80.52  8073.30
7510121944163030302017303713207 15 15 15  7  6 15 22  5 120.73 10074.80
7510131944171027271020171720147  4 12 12  4  7  6  6  7  70.42 21079.00
75101419441813 3303023272023170  5  2 15 15  9 12  7  9  90.52 26080.00
75101519441910171323 7 7 710 93  4  6  5  9  3  3  3  4  50.21 21080.30
7510161944202317173020203717180  9  6  6 15  7  7 22  6 100.52 18078.60
7510171944213320172323171013157 18  7  6  9  9  6  4  5  80.42 16078.90
751018194422 010 710231720 7 93  0  4  3  4  9  6  7  3  40.21 16079.20
751019194423 0 3 3 710101713 63  0  2  2  3  4  4  6  5  30.10 15078.00
7510201944241713 7 710 71027 97  6  5  3  3  4  3  4 12  50.21 10077.10
75102119442533201017 3 3 320110 18  7  4  6  2  2  2  7  60.31  7075.70
7510221944262017171310 71723123  7  6  6  5  4  3  6  9  60.31  0074.20
7510231944273030 71310 31313120 15 15  3  5  4  2  5  5  70.31  0074.20
7510241945 1232317 7 7 3 3 3 87  9  9  6  3  3  2  2  2  40.21  7072.70
7510251945 2 7 7131313 7 3 3 67  3  3  5  5  5  3  2  2  40.10  0072.20
7510261945 320 31010 7271020107  7  2  4  4  3 12  4  7  50.21  0071.90
7510271945 4302713 3 3 7 3 3 90 15 12  5  2  2  3  2  2  50.21  0072.10
7510281945 517 3 71717203737153  6  2  3  6  6  7 22 22  90.52  0071.70
7510291945 630374013 3 71330173 15 22 27  5  2  3  5 15 120.73  0070.80
7510301945 72720232313171733173 12  7  9  9  5  6  6 18  90.52  0070.20
7510311945 830405330 7303013233 15 27 56 15  3 15 15  5 191.05  0070.00
7511011945 9131317231710 733133  5  5  6  9  6  4  3 18  70.42  0070.40
7511021945102330203337406760310  9 15  7 18 22 27111 80 361.46  0071.50
7511031945116057575350605753447 80 67 67 56 48 80 67 56 651.77  7073.00
7511041945125353505050434027367 56 56 48 48 48 32 27 12 411.57 18075.40
7511051945133327274730434033280 18 12 12 39 15 32 27 18 221.15 22078.90
751106194514333317233330 3 7180 18 18  6  9 18 15  2  3 110.63 27080.20
7511071945152727172723332313190 12 12  6 12  9 18  9  5 100.63 30080.50
7511081945162017272010201713143  7  6 12  7  4  7  6  5  70.31 33081.00
7511091945172033473740576337333  7 18 39 22 27 67 94 22 371.46 30078.80
7511101945183017172727274057240 15  6  6 12 12 12 27 67 201.05 26078.90
7511111945194027232720273027220 27 12  9 12  7 12 15 12 130.84 30078.60
7511121945203727201713202017170 22 12  7  6  5  7  7  6  90.52 24079.90
751113194521132313 7 3 0 7 3 70  5  9  5  3  2  0  3  2  40.10 22079.20
751114194522 3 7 3 3 3102010 60  2  3  2  2  2  4  7  4  30.10 29082.70
751115194523101010 3 0 71030 80  4  4  4  2  0  3  4 15  40.21 28083.70
7511161945242323231010 71310120  9  9  9  4  4  3  5  4  60.31 28087.60
751117194525 7 7202343434037220  3  3  7  9 32 32 27 22 170.94 30088.90
7511181945263017172317101010133 15  6  6  9  6  4  4  4  70.31 33090.80
7511191945272027371310102313153  7 12 22  5  4  4  9  5  80.52 36093.10
7511201946 123202010 7272733167  9  7  7  4  3 12 12 18  90.52 35090.90
7511211946 24733433717103027243 39 18 32 22  6  4 15 12 181.05 31086.50
7511221946 32033505750636337373  7 18 48 67 48 94 94 22 501.67 23081.50
7511231946 4431723 7 7131010130 32  6  9  3  3  5  4  4  80.42 12077.20
7511241946 51310 32040403727190  5  4  2  7 27 27 22 12 130.84 11074.80
7511251946 64327303030302023233 32 12 15 15 15 15  7  9 150.84  9073.80
7511261946 71023434337 71017190  4  9 32 32 22  3  4  6 140.84  7071.90
7511271946 823 7201310131017113  9  3  7  5  4  5  4  6  50.21  0070.80
7511281946 92713302330231710173 12  5 15  9 15  9  6  4  90.52  0070.50
7511291946102027475037475033310  7 12 39 48 22 39 48 18 291.36  0070.90
7511301946115047433750374747357 48 39 32 22 48 22 39 39 361.46  0070.60
7512011946124743434340474340347 39 32 32 32 27 39 32 27 321.36  7072.10
7512021946134040434737304040317 27 27 32 39 22 15 27 27 271.26 23074.80
7512031946143717233030272327213 22  6  9 15 15 12  9 12 120.73 20074.30
7512041946153027233333332013213 15 12  9 18 18 18  7  5 130.73 23074.10
7512051946162313232027232320173  9  5  9  7 12  9  9  7  80.52 21077.40
7512061946171020 71727202317140  4  7  3  6 12  7  9  6  70.31 18075.80
75120719461813 710 7 3131310 77  5  3  4  3  2  5  5  4  40.10 20073.80
7512081946192040271727373747250  7 27 12  6 12 22 22 39 181.05 18076.00
751209194620473013374030 713217 39 15  5 22 27 15  3  5 160.94  8073.30
751210194621 3 3 7273730 313123  2  2  3 12 22 15  2  5  80.42  0073.30
751211194622 7132317 71323 7110  3  5  9  6  3  5  9  3  50.21  0074.40
75121219462313 7 7 7 3 3 3 7 50  5  3  3  3  2  2  2  3  30.10  0073.40
751213194624 0 0 3 7 3171010 50  0  0  2  3  2  6  4  4  30.00  0072.80
75121419462510 3101020202027120  4  2  4  4  7  7  7 12  60.31  7071.80
7512151946263327231317171323167 18 12  9  5  6  6  5  9  90.52  7071.80
7512161946273337272720273030230 18 22 12 12  7 12 15 15 140.84  7070.50
7512171947 1203717 717271723163  7 22  6  3  6 12  6  9  90.52  9070.50
7512181947 22317101320171720137  9  6  4  5  7  6  6  7  60.31  8069.60
7512191947 31323 710202710 3113  5  9  3  4  7 12  4  2  60.31  7069.10
7512201947 41027 7 3 0 0 0 3 50  4 12  3  2  0  0  0  2  30.10  0069.70
7512211947 510 7 72333302720157  4  3  3  9 18 15 12  7  90.52  0069.00
7512221947 63723232017232723193 22  9  9  7  6  9 12  9 100.63  0068.90
7512231947 71730201317 72023147  6 15  7  5  6  3  7  9  70.42  0069.70
7512241947 8 0 7 0 0 0 31720 47  0  3  0  0  0  2  6  7  20.00 18071.40
7512251947 93037373037302040260 15 22 22 15 22 15  7 27 181.05 14071.00
7512261947104337434047505040350 32 22 32 27 39 48 48 27 341.46  8071.80
7512271947113343503027535037323 18 32 48 15 12 56 48 22 311.36  0072.50
7512281947124333302010272037220 32 18 15  7  4 12  7 22 150.84  0071.50
7512291947133037332730233723240 15 22 18 12 15  9 22  9 150.94  0072.50
7512301947143733232320172720200 22 18  9  9  7  6 12  7 110.63  0071.90
75123119471530271010 7101720130 15 12  4  4  3  4  6  7  70.31  0072.10
