76010119471613 7101720 710 7 90  5  3  4  6  7  3  4  3  40.21  0072.10
760102194717 013101010102013 87  0  5  4  4  4  4  7  5  40.10  0071.20
7601031947182020232337274040230  7  7  9  9 22 12 27 27 150.84  0071.30
7601041947192730271323232723193 12 15 12  5  9  9 12  9 100.63  0071.80
7601051947202330232713172320177  9 15  9 12  5  6  9  7  90.52  0071.90
7601061947211727201020303743203  6 12  7  4  7 15 22 32 130.84  0071.70
7601071947224030232020271717193 27 15  9  7  7 12  6  6 110.63  0071.60
760108194723 317101313132023113  2  6  4  5  5  5  7  9  50.21  0070.90
760109194724131710 7 7 7 310 73  5  6  4  3  3  3  2  4  40.10  0069.40
7601101947251310233740507070313  5  4  9 22 27 48132132 471.57  0070.50
7601111947267350331020334350313154 48 18  4  7 18 32 48 411.57  0072.10
7601121947274723232320272730220 39  9  9  9  7 12 12 15 140.84 20076.90
7601131948 12337171717172020167  9 22  6  6  6  6  7  7  90.52 26080.00
7601141948 22727302730272323213 12 12 15 12 15 12  9  9 120.73 34082.10
7601151948 313 0 0 720302727123  5  0  0  3  7 15 12 12  70.31 20080.40
7601161948 43020131313233337183 15  7  5  5  5  9 18 22 110.63 22078.10
7601171948 52337272317174037220  9 22 12  9  6  6 27 22 140.84 22076.60
7601181948 62727302710 32720170 12 12 15 12  4  2 12  7 100.52 20076.70
7601191948 72023102023232323167  7  9  4  7  9  9  9  9  80.42 18075.20
7601201948 8272720 717332333187 12 12  7  3  6 18  9 18 110.63 16074.70
7601211948 93340333730433720273 18 27 18 22 15 32 22  7 201.05 11072.10
7601221948103347202343404340290 18 39  7  9 32 27 32 27 241.26 10070.90
7601231948114330333740402727277 32 15 18 22 27 27 12 12 211.15 10070.10
7601241948123033473730373040283 15 18 39 22 15 22 15 27 221.15  0068.50
7601251948133023202337302317203 15  9  7  9 22 15  9  6 120.73  0068.20
760126194814 723101717171010110  3  9  4  6  6  6  4  4  50.21  0068.30
760127194815101730131310 713113  4  6 15  5  5  4  3  5  60.31  7067.20
7601281948161310131710101313100  5  4  5  6  4  4  5  5  50.21  0067.10
7601291948171723231717 7 3 7113  6  9  9  6  6  3  2  3  60.21  8067.40
760130194818 3 010 720303337140  2  0  4  3  7 15 18 22  90.52  8068.90
7601311948192743303053433750313 12 32 15 15 56 32 22 48 291.36  0069.10
7602011948204037303740334343303 27 22 15 22 27 18 32 32 241.26  0068.60
7602021948213730302333474030270 22 15 15  9 18 39 27 15 201.05  0068.60
7602031948223723403327232730240 22  9 27 18 12  9 12 15 160.94  0068.40
7602041948233320202323303033213 18  7  7  9  9 15 15 18 120.73  0068.40
7602051948241717 72023272033163  6  6  3  7  9 12  7 18  80.52  0067.60
7602061948253330231310171320160 18 15  9  5  4  6  5  7  90.52  0068.20
7602071948261720 75343404033253  6  7  3 56 32 27 27 18 221.15  0069.30
7602081948274327334347534040327 32 12 18 32 39 56 27 27 301.36  0068.40
7602091949 14337333737374043307 32 22 18 22 22 22 27 32 251.26  0068.30
7602101949 24333373333335037300 32 18 22 18 18 18 48 22 241.26  0068.50
7602111949 32017273030202343210  7  6 12 15 15  7  9 32 130.73  0068.40
7602121949 43033332323333043250 15 18 18  9  9 18 15 32 170.94  0067.80
7602131949 55033233337303040277 48 18  9 18 22 15 15 27 221.15 13069.70
7602141949 63047303337332020250 15 39 15 18 22 18  7  7 181.05 16069.90
7602151949 71713202027272317163  6  5  7  7 12 12  9  6  80.42 18069.70
7602161949 81310132010102717120  5  4  5  7  4  4 12  6  60.31 11069.70
7602171949 91320202727333343217  5  7  7 12 12 18 18 32 140.84  8069.90
7602181949104737403737202340280 39 22 27 22 22  7  9 27 221.15 15070.10
7602191949113340403340404043310 18 27 27 18 27 27 27 32 251.26 10070.10
7602201949123330404033372337273 18 15 27 27 18 22  9 22 201.05 12070.00
7602211949133333234023303027240 18 18  9 27  9 15 15 12 150.94  8068.80
7602221949143733233330202720223 22 18  9 18 15  7 12  7 140.84  7068.90
7602231949152020171317 7 0 0 93  7  7  6  5  6  3  0  0  40.10  0069.20
760224194916 3 7101010 7 7 3 57  2  3  4  4  4  3  3  2  30.10  0069.60
76022519491710171313 31313 3 87  4  6  5  5  2  5  5  2  40.10  0068.40
7602261949181017232327171733167  4  6  9  9 12  6  6 18  90.52  0068.50
7602271949193023273050534747307 15  9 12 15 48 56 39 39 291.36  7068.50
7602281949203733332730374040277 22 18 18 12 15 22 27 27 201.05  0067.90
7602291949215360472723273750323 56 80 39 12  9 12 22 48 351.46  0067.40
7603011949223740303037302737267 22 27 15 15 22 15 12 22 191.05  0067.80
7603021949233047373340505050337 15 39 22 18 27 48 48 48 331.36  0068.10
7603031949244040403340434347327 27 27 27 18 27 32 32 39 291.36  0067.50
7603041949254330202723232317207 32 15  7 12  9  9  9  6 120.73  0067.40
7603051949262027303020232050220  7 12 15 15  7  9  7 48 150.84  0067.60
7603061949273337333337504760330 18 22 18 18 22 48 39 80 331.36 10067.60
7603071950 14737333733503740313 39 22 18 22 18 48 22 27 271.26 12068.00
7603081950 25760574343373040367 67 80 67 32 32 22 15 27 431.57  7067.90
7603091950 34050403747435053360 27 48 27 22 39 32 48 56 371.46 10068.30
7603101950 44350333740474050340 32 48 18 22 27 39 27 48 331.36 12068.50
7603111950 54740304340434033317 39 27 15 32 27 32 27 18 271.26 13068.90
7603121950 64747404333303337310 39 39 27 32 18 15 18 22 261.26 13069.00
7603131950 74023232023172727200 27  9  9  7  9  6 12 12 110.73 13071.00
7603141950 84743272320131017200 39 32 12  9  7  5  4  6 140.84 22070.10
7603151950 92027302330372740233  7 12 15  9 15 22 12 27 150.84 16069.20
7603161950103337372333334323263 18 22 22  9 18 18 32  9 181.05 11072.60
7603171950114030403727203043267 27 15 27 22 12  7 15 32 201.05 30074.50
7603181950123717203717133730207 22  6  7 22  6  5 22 15 130.84 43079.10
7603191950132327372723172713193  9 12 22 12  9  6 12  5 110.63 47081.60
76032019501420233023301710 7160  7  9 15  9 15  6  4  3  80.52 48085.00
760321195015 7101720271710 3110  3  4  6  7 12  6  4  2  60.21 44091.20
760322195016 3 3 713 7 7 7 3 50  2  2  3  5  3  3  3  2  30.10 36083.10
760323195017 0 0101717132717100  0  0  4  6  6  5 12  6  50.21 26087.00
760324195018231310 0 3 01010 70  9  5  4  0  2  0  4  4  40.10 22082.30
760325195019 7 310 313132023 93  3  2  4  2  5  5  7  9  50.21 22085.20
7603261950204373807380807057557 32154207154207207132 671452.09 38084.10
7603271950216043372340435043340 80 32 22  9 27 32 48 32 351.46 45085.60
7603281950223743301027273017220 22 32 15  4 12 12 15  6 150.84 43087.10
760329195023405040231317 710200 27 48 27  9  5  6  3  4 160.94 38084.10
7603301950241310272027273733193  5  4 12  7 12 12 22 18 120.73 32082.40
7603311950253017272023172710170 15  6 12  7  9  6 12  4  90.52 26082.80
7604011950266383838360433327477 94236236236 80 32 18 121181.98 23079.60
760402195027403323 710233047213 27 18  9  3  4  9 15 39 160.94 23076.90
7604031951 14053532040475063367 27 56 56  7 27 39 48 94 441.57 21076.20
7604041951 25340434740432737330 56 27 32 39 27 32 12 22 311.36 13074.80
7604051951 34047434037304733317 27 39 32 27 22 15 39 18 271.26 12073.10
7604061951 44747434337334340333 39 39 32 32 22 18 32 27 301.36  9071.30
7604071951 54037473350273347313 27 22 39 18 48 12 18 39 281.26  0070.40
7604081951 64733232727173023227 39 18  9 12 12  6 15  9 150.84  0071.90
7604091951 74337171730332730233 32 22  6  6 15 18 12 15 160.94  8074.20
7604101951 83340272330201313200 18 27 12  9 15  7  5  5 120.73 10075.30
7604111951 92720173330202737210 12  7  6 18 15  7 12 22 120.73 15077.20
7604121951102027372713101320167  7 12 22 12  5  4  5  7  90.52 17078.20
7604131951113727202723173330213 22 12  7 12  9  6 18 15 130.73 17079.70
7604141951122727332733372733243 12 12 18 12 18 22 12 18 160.94 19079.60
76041519511317 7 71010131017 90  6  3  3  4  4  5  4  6  40.21 19079.30
7604161951142727231713 71323150 12 12  9  6  5  3  5  9  80.42 19080.70
760417195115132713 7 71720 0103  5 12  5  3  3  6  7  0  50.21 22080.60
760418195116 0 3 710 3 3 3 3 33  0  2  3  4  2  2  2  2  20.00 27080.50
76041919511713 7 723101713 3 93  5  3  3  9  4  6  5  2  50.21 27079.80
760420195118 3 3 3 7 7 3 7 3 37  2  2  2  3  3  2  3  2  20.00 30080.10
760421195119 3 3102320131017100  2  2  4  9  7  5  4  6  50.21 37078.10
7604221951202737473730233033263 12 22 39 22 15  9 15 18 191.05 20076.20
7604231951213327131717131013143 18 12  5  6  6  5  4  5  80.42 17075.80
7604241951221337333030234030237  5 22 18 15 15  9 27 15 160.94 16076.80
7604251951232333231013172027167  9 18  9  4  5  6  7 12  90.52 17075.90
7604261951241713131313201017117  6  5  5  5  5  7  4  6  50.21 26075.80
7604271951253333231317132330187 18 18  9  5  6  5  9 15 110.63 23074.60
7604281951263023331013232327183 15  9 18  4  5  9  9 12 100.63 21073.40
7604291951272027132330404343240  7 12  5  9 15 27 32 32 170.94 24079.70
7604301952 12333332320172313187  9 18 18  9  7  6  9  5 100.63 32079.60
7605011952 23317171317232730177 18  6  6  5  6  9 12 15 100.52 30077.60
7605021952 34037204057377077377 27 22  7 27 67 22132179 601.77 23074.20
7605031952 48377677053433723453236179111132 56 32 22  9 971.98 25071.90
7605041952 52337373030434330273  9 22 22 15 15 32 32 15 201.05  8071.50
7605051952 64340232327132023213 32 27  9  9 12  5  7  9 140.84 21071.00
7605061952 72330232017131327167  9 15  9  7  6  5  5 12  80.52 10070.00
7605071952 83723171713201730173 22  9  6  6  5  7  6 15 100.52 10070.30
7605081952 93330231327201713177 18 15  9  5 12  7  6  5 100.52  9070.20
760509195210271710 3 710 3 7 83 12  6  4  2  3  4  2  3  40.21  8070.70
760510195211 3201310203017 7120  2  7  5  4  7 15  6  3  60.31 10071.70
7605111952122023302020233730203  7  9 15  7  7  9 22 15 110.73 16072.60
7605121952133017202013171317147 15  6  7  7  5  6  5  6  70.42 17072.60
7605131952141317171023201713130  5  6  6  4  9  7  6  5  60.31 23073.60
760514195215131310 01710 7 3 73  5  5  4  0  6  4  3  2  40.10 30074.20
760515195216 713 3 32017 730100  3  5  2  2  7  6  3 15  50.21 17076.90
7605161952172020 7201310 7 3100  7  7  3  7  5  4  3  2  50.21 12079.20
760517195218 3101013 7 31010 67  2  4  4  5  3  2  4  4  40.10 18076.50
760518195219 3 0 0 71010 7 7 43  2  0  0  3  4  4  3  3  20.00  8075.50
760519195220 7 7 7 710334043153  3  3  3  3  4 18 27 32 120.73 20073.80
7605201952213743372723234327260 22 32 22 12  9  9 32 12 191.05 20073.00
7605211952223327171727232723193 18 12  6  6 12  9 12  9 100.63 13074.00
7605221952232320331723233330203  9  7 18  6  9  9 18 15 110.73  7072.50
7605231952241010433337332720213  4  4 32 18 22 18 12  7 150.84 15071.90
76052419522520201717 717 723127  7  7  6  6  3  6  3  9  60.31  8070.80
76052519522627272317172327 7167 12 12  9  6  6  9 12  3  90.52  0069.80
7605261952271717 71313232010120  6  6  3  5  5  9  7  4  60.31  7069.50
7605271953 1 020132013101710103  0  7  5  7  5  4  6  4  50.21  0069.60
7605281953 22330373030302717223  9 15 22 15 15 15 12  6 140.84  0069.00
7605291953 33030203020275350260 15 15  7 15  7 12 56 48 221.15  0067.90
7605301953 44030234327203330247 27 15  9 32 12  7 18 15 170.94  0068.10
7605311953 52027271323172027173  7 12 12  5  9  6  7 12  90.52  0068.70
7606011953 6 710171317132723127  3  4  6  5  6  5 12  9  60.31  0068.40
7606021953 71720231713231710140  6  7  9  6  5  9  6  4  60.31  0067.90
7606031953 81717 71317204737173  6  6  3  5  6  7 39 22 120.73  0068.10
7606041953 94053273037172027250 27 56 12 15 22  6  7 12 201.05  0068.50
7606051953102737334043302733270 12 22 18 27 32 15 12 18 201.05  0068.70
7606061953112020232020201723163  7  7  9  7  7  7  6  9  70.42  0069.30
7606071953122727332727231737217 12 12 18 12 12  9  6 22 130.73  0069.00
7606081953132323233013172317170  9  9  9 15  5  6  9  6  80.52 10070.70
76060919531410171310 3 310 7 73  4  6  5  4  2  2  4  3  40.10 10070.10
760610195315 713101317131027110  3  5  4  5  6  5  4 12  60.21  7071.00
7606111953164353403747302723300 32 56 27 22 39 15 12  9 261.26  7071.50
7606121953171313132723271710143  5  5  5 12  9 12  6  4  70.42  8071.70
760613195318101723 313 3 313 87  4  6  9  2  5  2  2  5  40.21  8072.00
7606141953191013 3 3 3 3 7 7 50  4  5  2  2  2  2  3  3  30.10 15073.70
760615195320 3 0 3 0 3 71730 63  2  0  2  0  2  3  6 15  40.10 18074.30
76061619532117201017 3 71017100  6  7  4  6  2  3  4  6  50.21 15077.10
7606171953221720274733232727220  6  7 12 39 18  9 12 12 140.84 18077.10
7606181953233737474333232330273 22 22 39 32 18  9  9 15 211.15 24077.90
760619195324 71313131310 7 7 83  3  5  5  5  5  4  3  3  40.10 23076.80
76062019532513101320171713 7110  5  4  5  7  6  6  5  3  50.21 20076.80
760621195326 3 7 7 713 717 3 63  2  3  3  3  5  3  6  2  30.10 30077.70
760622195327 3 310 713 7 7 7 57  2  2  4  3  5  3  3  3  30.10 31078.90
7606231954 12013101010 7 710 87  7  5  4  4  4  3  3  4  40.10 22076.60
7606241954 2 717131310375047193  3  6  5  5  4 22 48 39 160.94 25075.20
7606251954 34330372727333327257 32 15 22 12 12 18 18 12 181.05 18074.90
7606261954 42010 71010103327127  7  4  3  4  4  4 18 12  70.42 17074.30
7606271954 52020231320131313137  7  7  9  5  7  5  5  5  60.31  9072.80
7606281954 6201017 7 7132317113  7  4  6  3  3  5  9  6  50.21 11071.70
7606291954 710131313 32020 7100  4  5  5  5  2  7  7  3  50.21 11071.30
7606301954 82027436723303737283  7 12 32111  9 15 22 22 291.36 10070.30
7607011954 93347334027272020247 18 39 18 27 12 12  7  7 181.05  9069.30
7607021954103017232327231717177 15  6  9  9 12  9  6  6  90.52  8069.10
7607031954111030273323331730203  4 15 12 18  9 18  6 15 120.73 10069.50
7607041954122020373330333713223  7  7 22 18 15 18 22  5 140.84  8068.50
7607051954131013171720201313123  4  5  6  6  7  7  5  5  60.31  8069.50
7607061954143013201313101010120 15  5  7  5  5  4  4  4  60.31 10069.60
760707195415302713301717 723163 15 12  5 15  6  6  3  9  90.52  7069.50
7607081954161727231737274027213  6 12  9  6 22 12 27 12 130.84  0069.70
7607091954173337172320231717187 18 22  6  9  7  9  6  6 100.63  0069.70
7607101954181323202010101313123  5  9  7  7  4  4  5  5  60.31  0070.10
76071119541910101010 7101313 83  4  4  4  4  3  4  5  5  40.10  0070.20
760712195420201710 713101320110  7  6  4  3  5  4  5  7  50.21  0069.90
760713195421131317 710 7 713 87  5  5  6  3  4  3  3  5  40.10  0069.80
76071419542213202320201310 7127  5  7  9  7  7  5  4  3  60.31  0070.70
7607151954231717202017435737227  6  6  7  7  6 32 67 22 191.05  0071.40
7607161954243030432730303323247 15 15 32 12 15 15 18  9 160.94  0069.80
7607171954251317101010131717107  5  6  4  4  4  5  6  6  50.21  0069.40
760718195426132020 3 7102320117  5  7  7  2  3  4  9  7  60.21  0070.50
76071919542727102010131710 3110 12  4  7  4  5  6  4  2  60.21  0070.20
7607201955 11313131010 7 7 7 80  5  5  5  4  4  3  3  3  40.10  0069.40
7607211955 213 7 0131710 0 0 60  5  3  0  5  6  4  0  0  30.10  0070.10
7607221955 31710201713 3 3 7 90  6  4  7  6  5  2  2  3  40.21  0070.10
7607231955 417171010201310 3100  6  6  4  4  7  5  4  2  50.21  0068.70
7607241955 5 3 3 0 713132320 83  2  2  0  3  5  5  9  7  40.10  0069.30
7607251955 63723201727171023173 22  9  7  6 12  6  4  9  90.52  0068.80
7607261955 727 7 0 0 7 31017 70 12  3  0  0  3  2  4  6  40.10  0068.50
7607271955 8 713 72717133030143  3  5  3 12  6  5 15 15  80.42  0069.40
7607281955 93327373033303723250 18 12 22 15 18 15 22  9 160.94  0069.40
7607291955104037303727272733257 27 22 15 22 12 12 12 18 181.05  0069.40
7607301955112737374043232730263 12 22 22 27 32  9 12 15 191.05  0070.70
7607311955121713232023201720153  6  5  9  7  9  7  6  7  70.42  0072.30
760801195513 720231310172737153  3  7  9  5  4  6 12 22  80.52 10075.90
7608021955143030202317 7 313143 15 15  7  9  6  3  2  5  80.42 16077.70
7608031955151327271320371720173  5 12 12  5  7 22  6  7 100.52 17082.20
7608041955162313101013101013103  9  5  4  4  5  4  4  5  50.21 13082.30
76080519551720 7 71017271310110  7  3  3  4  6 12  5  4  60.21 16084.20
7608061955181720201010101310110  6  7  7  4  4  4  5  4  50.21 14084.20
760807195519 010201723 31023107  0  4  7  6  9  2  4  9  50.21 24083.70
7608081955201720 7 3 3102010 90  6  7  3  2  2  4  7  4  40.21 27082.00
7608091955211317433333 71023180  5  6 32 18 18  3  4  9 120.73 31082.70
760810195522303717231717 317160 15 22  6  9  6  6  2  6  90.52 24082.80
76081119552320172317 7 710 0100  7  6  9  6  3  3  4  0  50.21 23080.40
760812195524 7 3 0 710101713 67  3  2  0  3  4  4  6  5  30.10 28080.60
760813195525 3 7 320 3 7 7 7 57  2  3  2  7  2  3  3  3  30.10 26078.70
760814195526 710 32323 7 3 7 83  3  4  2  9  9  3  2  3  40.21 15073.30
760815195527 0 0 0 710 71010 43  0  0  0  3  4  3  4  4  20.00  8072.80
7608161956 1 017 72030201720130  0  6  3  7 15  7  6  7  60.31 15072.90
7608171956 22710 0 3 7171017 90 12  4  0  2  3  6  4  6  50.21 19077.80
7608181956 31717 31013 31313 90  6  6  2  4  5  2  5  5  40.21 22078.10
7608191956 41317231323131310127  5  6  9  5  9  5  5  4  60.31 25076.10
7608201956 51720131710101313113  6  7  5  6  4  4  5  5  50.21 20074.50
7608211956 6 7 7272313202727150  3  3 12  9  5  7 12 12  80.42 17073.30
7608221956 72713 3171313 710103 12  5  2  6  5  5  3  4  50.21  8072.30
7608231956 81720404343503757307  6  7 27 32 32 48 22 67 301.36  9070.80
7608241956 94037335737373020290 27 22 18 67 22 22 15  7 251.26 15070.90
7608251956104340404037373730303 32 27 27 27 22 22 22 15 241.26 10070.60
7608261956113740403030233030260 22 27 27 15 15  9 15 15 181.05 14070.10
7608271956123017174317203327203 15  6  6 32  6  7 18 12 130.73  7071.40
76082819561323202323273333 3187  9  7  9  9 12 18 18  2 100.63  8072.80
7608291956141323232010131720140  5  9  9  7  4  5  6  7  60.31  9073.30
7608301956152020 71313101327123  7  7  3  5  5  4  5 12  60.31 10073.00
760831195616 010131313202020110  0  4  5  5  5  7  7  7  50.21  9073.70
7609011956172727201320302723187 12 12  7  5  7 15 12  9 100.63 17076.30
7609021956183347504333272723283 18 39 48 32 18 12 12  9 241.15 20075.30
7609031956192730232313202730193 12 15  9  9  5  7 12 15 100.63 12075.70
7609041956203333302033301733230 18 18 15  7 18 15  6 18 140.84 11075.80
7609051956214023202317171020170 27  9  7  9  6  6  4  7  90.52 17075.40
76090619562230272017171710 7143 15 12  7  6  6  6  4  3  70.42 10073.00
7609071956233027272017171330180 15 12 12  7  6  6  5 15 100.52  9073.00
76090819562427201027201323 7147 12  7  4 12  7  5  9  3  70.42  9072.80
76090919562527201313201010 0113 12  7  5  5  7  4  4  0  60.21 18073.20
76091019562617 3 71710202020113  6  2  3  6  4  7  7  7  50.21 22075.80
760911195627 72013 713 7 713 87  3  7  5  3  5  3  3  5  40.10 24075.70
7609121957 11727231717272017163  6 12  9  6  6 12  7  6  80.42 20075.60
7609131957 220171310 3 71320103  7  6  5  4  2  3  5  7  50.21 18074.20
7609141957 32023173030271723187  7  9  6 15 15 12  6  9 100.63 10074.50
7609151957 4 737332723 31320163  3 22 18 12  9  2  5  7 100.52 16073.90
7609161957 52323101320201710137  9  9  4  5  7  7  6  4  60.31 14075.80
7609171957 62027201717 72740173  7 12  7  6  6  3 12 27 100.63  8076.40
7609181957 72753605347271313293 12 56 80 56 39 12  5  5 331.36  8074.30
7609191957 81017204337404340250  4  6  7 32 22 27 32 27 201.05  7073.20
7609201957 95360505053504050407 56 80 48 48 56 48 27 48 511.67  0072.20
7609211957104040273340473337297 27 27 12 18 27 39 18 22 241.15  0070.80
7609221957113037333030373030257 15 22 18 15 15 22 15 15 170.94  0070.50
7609231957121717403733202313200  6  6 27 22 18  7  9  5 120.73  7072.00
7609241957133013102317101317133 15  5  4  9  6  4  5  6  70.31  7072.50
7609251957144030373733404043300 27 15 22 22 18 27 27 32 241.15 16073.40
7609261957154727172023202723203 39 12  6  7  9  7 12  9 130.73 17072.70
7609271957163027273327272027217 15 12 12 18 12 12  7 12 120.73 18073.30
760928195717202313 7 3 72020113  7  9  5  3  2  3  7  7  50.21 18073.60
760929195718 730202727233017180  3 15  7 12 12  9 15  6 100.63 23071.90
7609301957191320 71720173337163  5  7  3  6  7  6 18 22  90.52 30072.60
7610011957202017434027131733210  7  6 32 27 12  5  6 18 140.84 30074.60
7610021957213353433330302010253 18 56 32 18 15 15  7  4 211.15 28073.90
761003195722272323332317 710163 12  9  9 18  9  6  3  4  90.52 30073.70
7610041957231017172323 71720133  4  6  6  9  9  3  6  7  60.31 30073.10
76100519572443402333 7131713190 32 27  9 18  3  5  6  5 130.84 25074.80
76100619572513304030 7 72723177  5 15 27 15  3  3 12  9 110.63 24074.70
7610071957262310 3 3171727 7107  9  4  2  2  6  6 12  3  60.21 30074.50
761008195727 3 3202017132023120  2  2  7  7  6  5  7  9  60.31  7074.50
7610091958 12023131720132010137  7  9  5  6  7  5  7  4  60.31 14074.80
7610101958 217171313 7231727133  6  6  5  5  3  9  6 12  60.31  0074.80
7610111958 3371710 713171727143 22  6  4  3  5  6  6 12  80.42  0073.70
7610121958 4273010 317204047193 12 15  4  2  6  7 27 39 140.84 13073.30
7610131958 51730272017 71717150  6 15 12  7  6  3  6  6  80.42 17072.60
7610141958 6 3101013 7103037120  2  4  4  5  3  4 15 22  70.42 23074.40
7610151958 73037404353504740340 15 22 27 32 56 48 39 27 331.36 25075.50
7610161958 85747473730233337310 67 39 39 22 15  9 18 22 291.36 28077.00
7610171958 93340534353333037323 18 27 56 32 56 18 15 22 301.36 31077.90
7610181958104740373033273020263 39 27 22 15 18 12 15  7 191.05 24077.30
761019195811 3 0 31730372013123  2  0  2  6 15 22  7  5  70.42 20076.50
7610201958123020171710171723150 15  7  6  6  4  6  6  9  70.42 19075.80
7610211958131727232017202010153  6 12  9  7  6  7  7  4  70.42 15073.50
761022195814201320202010 7 7117  7  5  7  7  7  4  3  3  50.21 22075.40
76102319581520232323 7131310133  7  9  9  9  3  5  5  4  60.31 28080.00
761024195816 7 31010 7173313100  3  2  4  4  3  6 18  5  60.31 30080.10
761025195817272310 710 7 7 7 97 12  9  4  3  4  3  3  3  50.21 30084.70
7610261958181017 7 7 7 3 717 73  4  6  3  3  3  2  3  6  40.10 29080.40
761027195819 313201017202730140  2  5  7  4  6  7 12 15  70.42 24077.40
76102819582023 3 31020171013100  9  2  2  4  7  6  4  5  50.21 19073.80
761029195821 720 7 3 3 010 3 53  3  7  3  2  2  0  4  2  30.10 15072.10
761030195822 3 3173033333050200  2  2  6 15 18 18 15 48 160.94  8072.00
7610311958234043534350403043343 27 32 56 32 48 27 15 32 341.36  0070.40
7611011958243727272710102323183 22 12 12 12  4  4  9  9 100.63  0070.90
7611021958252327201317231710150  9 12  7  5  6  9  6  4  70.42  0069.10
76110319582623102013 7131030127  9  4  7  5  3  5  4 15  60.31  0069.70
76110419582713101713 3 71313 90  5  4  6  5  2  3  5  5  40.21  0069.90
7611051959 1 3 71313 7 7 3 0 53  2  3  5  5  3  3  2  0  30.10  0070.80
7611061959 2 3 310 3 0 0 7 3 30  2  2  4  2  0  0  3  2  20.00  0069.70
7611071959 3 0231710 3 3 0 3 60  0  9  6  4  2  2  0  2  30.10  0069.50
7611081959 410 7 0 3 7202333103  4  3  0  2  3  7  9 18  60.31  0069.30
7611091959 52733171717101020150 12 18  6  6  6  4  4  7  80.42  0070.70
7611101959 62330302727274347253  9 15 15 12 12 12 32 39 181.05  0069.40
7611111959 73037273040504327283 15 22 12 15 27 48 32 12 231.15  0070.40
7611121959 85330303033333743290 56 15 15 15 18 18 22 32 241.26  0070.80
7611131959 94340504343434327333 32 27 48 32 32 32 32 12 311.36  0069.40
7611141959103717202337374027237 22  6  7  9 22 22 27 12 160.94  0069.20
76111519591130271320272720 7170 15 12  5  7 12 12  7  3  90.52  7071.10
761116195912 717171320171013113  3  6  6  5  7  6  4  5  50.21  7071.10
7611171959132727171713101317140 12 12  6  6  5  4  5  6  70.42 14072.80
7611181959142317 7 7 7 32017100  9  6  3  3  3  2  7  6  50.21 20075.60
7611191959152333171320172323170  9 18  6  5  7  6  9  9  90.52 13074.60
7611201959162323132320 72713150  9  9  5  9  7  3 12  5  70.42 12072.90
7611211959171317 7 310 31013 77  5  6  3  2  4  2  4  5  40.10  8073.20
7611221959181023131013 71713107  4  9  5  4  5  3  6  5  50.21 13073.30
76112319591913 710 3 7101017 77  5  3  4  2  3  4  4  6  40.10 11072.50
761124195920 320 310 7 3 0 3 50  2  7  2  4  3  2  0  2  30.00 10072.90
7611251959211330303023302317197  5 15 15 15  9 15  9  6 110.63  9072.70
7611261959222327 71313203727167  9 12  3  5  5  7 22 12  90.52  9072.00
76112719592327372710 3 71720147 12 22 12  4  2  3  6  7  80.52  8073.70
761128195924 3 7 3 3 3 7 7 0 33  2  3  2  2  2  3  3  0  20.00  8071.70
761129195925 0 7231310231323113  0  3  9  5  4  9  5  9  60.21  8069.60
7611301959263037201723301020187 15 22  7  6  9 15  4  7 110.63  0069.70
76120119592717 3131323172327137  6  2  5  5  9  6  9 12  70.31  0070.20
7612021960 110 7 3 310 3 7 7 50  4  3  2  2  4  2  3  3  30.10  0071.60
7612031960 2 7 713 310 71310 70  3  3  5  2  4  3  5  4  40.10  0071.20
7612041960 31017373340402020217  4  6 22 18 27 27  7  7 150.84  0071.30
7612051960 42717131020101310120 12  6  5  4  7  4  5  4  60.31  0070.10
7612061960 5 7 3 3 0 3101317 57  3  2  2  0  2  4  5  6  30.10  0070.10
7612071960 63033 32023232330187 15 18  2  7  9  9  9 15 100.63  7069.80
7612081960 74030435050201013257 27 15 32 48 48  7  4  5 231.15 19070.80
7612091960 8 713434027332337223  3  5 32 27 12 18  9 22 160.94 22074.30
7612101960 92330172323402037213  9 15  6  9  9 27  7 22 130.73 19076.80
7612111960103737372310201727207 22 22 22  9  4  7  6 12 130.73 22078.30
7612121960113723272737402313227 22  9 12 12 22 27  9  5 150.84 16078.60
7612131960122030201327101313147  7 15  7  5 12  4  5  5  80.42 12078.10
7612141960131323 7 7 7 3 3 7 70  5  9  3  3  3  2  2  3  40.10 32081.00
761215196014 3 7 313 0 0 3 0 30  2  3  2  5  0  0  2  0  20.00 34079.80
761216196015 313132323302317147  2  5  5  9  9 15  9  6  80.42 36077.90
7612171960162020 71320273337177  7  7  3  5  7 12 18 22 100.63 34075.50
7612181960174763471713102340260 39 94 39  6  5  4  9 27 281.26 24073.80
761219196018272723131317 710137 12 12  9  5  5  6  3  4  70.42 15072.90
7612201960192013 3 713231010100  7  5  2  3  5  9  4  4  50.21  8071.70
761221196020 3 71310 7201310 83  2  3  5  4  3  7  5  4  40.10  9071.80
761222196021 327232027202023163  2 12  9  7 12  7  7  9  80.42  9073.30
76122319602223272013 0 3 010 97  9 12  7  5  0  2  0  4  50.21  9073.70
76122419602320172320201017 7133  7  6  9  7  7  4  6  3  60.31 17074.20
761225196024 727102733172313157  3 12  4 12 18  6  9  5  90.52 22075.60
7612261960252330201310 7 713123  9 15  7  5  4  3  3  5  60.31 25075.60
76122719602620 3 31313173013113  7  2  2  5  5  6 15  5  60.31 16075.20
76122819602717201317 7 72020120  6  7  5  6  3  3  7  7  60.21 17074.50
7612291961 16357575343402323360 94 67 67 56 32 27  9  9 451.57 19074.80
7612301961 21313232330303737207  5  5  9  9 15 15 22 22 130.73 19075.10
7612311961 3374023 713103327190 22 27  9  3  5  4 18 12 120.73 12076.40
