7901011988 52030171723101040167  7 15  6  6  9  4  4 27 100.52158194.10
7901021988 62713173333374743250 12  5  6 18 18 22 39 32 191.05158200.10
7901031988 74037233330304033267 27 22  9 18 15 15 27 18 191.05191203.40
7901041988 84350473747535753387 32 48 39 22 39 56 67 56 451.57157192.70
7901051988 95350332720333027273 56 48 18 12  7 18 15 12 231.15146194.90
7901061988103723233343403023253 22  9  9 18 32 27 15  9 181.05173190.90
7901071988111310233347536340283  5  4  9 18 39 56 94 27 321.36163186.20
79010819881233232710 7132023157 18  9 12  4  3  5  7  9  80.52172200.10
7901091988133047332327272317227 15 39 18  9 12 12  9  6 150.84165192.60
7901101988141313 7 3 7 32010 77  5  5  3  2  3  2  7  4  40.10163186.30
7901111988152017 72317 3 0 3 90  7  6  3  9  6  2  0  2  40.21157179.50
7901121988161327232027202033183  5 12  9  7 12  7  7 18 100.52159174.60
79011319881733 0 7101010 7 7 83 18  0  3  4  4  4  3  3  50.21151193.90
790114198818 7172323273013 3143  3  6  9  9 12 15  5  2  80.42157200.10
7901151988191020203733304037227  4  7  7 22 18 15 27 22 150.94178192.20
790116198820333730272717 717193 18 22 15 12 12  6  3  6 120.73164189.90
790117198821 310 31727232327133  2  4  2  6 12  9  9 12  70.42164175.70
7901181988223030132727302320200 15 15  5 12 12 15  9  7 110.63146177.60
7901191988234350273327232327253 32 48 12 18 12  9  9 12 191.05138187.80
7901201988243030302323272713203 15 15 15  9  9 12 12  5 120.73177197.20
7901211988253027203030272017200 15 12  7 15 15 12  7  6 110.63192210.50
790122198826 0 7132030134350177  0  3  5  7 15  5 32 48 140.84188226.90
7901231988273020234343405347300 15  7  9 32 32 27 56 39 271.26200225.10
7901241989 15747273323272727267 67 39 12 18  9 12 12 12 231.15209208.60
7901251989 25757373740374033337 67 67 22 22 27 22 27 18 341.36209206.20
7901261989 34337303330434353313 32 22 15 18 15 32 32 56 281.26173193.00
7901271989 43750372723303743283 22 48 22 12  9 15 22 32 231.15167205.40
7901281989 52330273330233320220  9 15 12 18 15  9 18  7 130.73157209.60
7901291989 63030272333232730223 15 15 12  9 18  9 12 15 130.84153209.40
7901301989 73327333033233040250 18 12 18 15 18  9 15 27 160.94149194.20
7901311989 83027273330172727217 15 12 12 18 15  6 12 12 130.73130193.70
7902011989 92323202313 7 717133  9  9  7  9  5  3  3  6  60.31116185.90
7902021989102727272717172320183 12 12 12 12  6  6  9  7 100.52113185.60
7902031989112017 3 313204033150  7  6  2  2  5  7 27 18  90.52138187.50
7902041989123737303333433023267 22 22 15 18 18 32 15  9 191.05123187.70
7902051989133723273017 3 320160 22  9 12 15  6  2  2  7  90.52134197.50
7902061989142340302730202740237  9 27 15 12 15  7 12 27 160.94146206.60
7902071989151710 71717202023130  6  4  3  6  6  7  7  9  60.31144203.30
7902081989162723172713232323177 12  9  6 12  5  9  9  9  90.52142207.30
7902091989172723202723231720180 12  9  7 12  9  9  6  7  90.52139198.80
7902101989182017171320131717133  7  6  6  5  7  5  6  6  60.31137198.40
7902111989194040172320 72027193 27 27  6  9  7  3  7 12 120.73137202.20
79021219892037403737402313 7233 22 27 22 22 27  9  5  3 170.94138195.50
790213198921 3 31010 7 3 3 3 43  2  2  4  4  3  2  2  2  30.00152195.40
790214198922 3 0 010 0 7 717 43  2  0  0  4  0  3  3  6  20.00163204.20
79021519892313203730303020 7187  5  7 22 15 15 15  7  3 110.63161205.20
7902161989241333202320 710 3130  5 18  7  9  7  3  4  2  70.31159209.20
790217198925 3 7131310201317 97  2  3  5  5  4  7  5  6  50.21160213.20
7902181989261743374027234343273  6 32 22 27 12  9 32 32 221.15162237.70
7902191989274330272340232720233 32 15 12  9 27  9 12  7 150.94166237.90
7902201990 1171717 7 7132027123  6  6  6  3  3  5  7 12  60.31181230.10
7902211990 22353675043536357410  9 56111 48 32 56 94 67 591.77171225.20
7902221990 34337475050473333340 32 22 39 48 48 39 18 18 331.36155223.40
7902231990 45050474040303340330 48 48 39 27 27 15 18 27 311.36127196.00
7902241990 53330273330373333257 18 15 12 18 15 22 18 18 170.94 99182.90
7902251990 62340372027172733223  9 27 22  7 12  6 12 18 140.84 88167.50
7902261990 73737272733434340287 22 22 12 12 18 32 32 27 221.15108166.10
7902271990 85747303337332320280 67 39 15 18 22 18  9  7 241.26 97162.80
7902281990 93720173037433727247 22  7  6 15 22 32 22 12 170.94 95163.70
7903011990104033232323232720213 27 18  9  9  9  9 12  7 120.73116168.50
7903021990114040303733273037273 27 27 15 22 18 12 15 22 201.05138170.70
7903031990123713272027333027213 22  5 12  7 12 18 15 12 130.73141173.30
7903041990134033334743303350310 27 18 18 39 32 15 18 48 271.26142181.30
7903051990143040333017132720210 15 27 18 15  6  5 12  7 130.84135180.10
7903061990153333404747474340330 18 18 27 39 39 39 32 27 301.36144182.30
790307199016273013 3 3101720123 12 15  5  2  2  4  6  7  70.31146183.10
7903081990172020132720101317140  7  7  5 12  7  4  5  6  70.31143178.80
7903091990183317332730232733223 18  6 18 12 15  9 12 18 140.84146181.40
7903101990195047434340436370400 48 39 32 32 27 32 94132 541.67140180.50
79031119902053333330332717 0227 56 18 18 15 18 12  6  0 181.05156181.70
79031219902110172717 31323 3113  4  6 12  6  2  5  9  2  60.31170188.60
790313199022133027201320 3 7133  5 15 12  7  5  7  2  3  70.42169186.30
790314199023 7 7 3 3 3 31010 47  3  3  2  2  2  2  4  4  30.00159189.30
790315199024 713101023272727143  3  5  4  4  9 12 12 12  80.42155181.30
7903161990253027233030231320197 15 12  9 15 15  9  5  7 110.63130183.50
7903171990263030574030272027260 15 15 67 27 15 12  7 12 211.15140177.70
790318199027232720202713 3 0133  9 12  7  7 12  5  2  0  70.31142188.50
7903191991 1 0 3273333333017177  0  2 12 18 18 18 15  6 110.63138177.40
7903201991 21320201713131317127  5  7  7  6  5  5  5  6  60.31131184.10
7903211991 3 0 3171013102317 93  0  2  6  4  5  4  9  6  40.21134182.10
7903221991 4 7 7405767673730310  3  3 27 67111111 22 15 451.57140181.10
7903231991 53733301720232323207 22 18 15  6  7  9  9  9 120.73139188.40
7903241991 62327403323232737233  9 12 27 18  9  9 12 22 150.84118188.30
7903251991 73340373330333343283 18 27 22 18 15 18 18 32 211.15114188.10
7903261991 84337373337474037310 32 22 22 18 22 39 27 22 261.26114200.10
7903271991 91330303333373740253  5 15 15 18 18 22 22 27 181.05117187.90
7903281991104037405357473053357 27 22 27 56 67 39 15 56 391.46114188.50
7903291991116050635347606747447 80 48 94 56 39 80111 39 681.77123191.40
7903301991125043301323172017213 48 32 15  5  9  6  7  6 160.94135186.60
7903311991133033171730333353247 15 18  6  6 15 18 18 56 191.05147201.40
7904011991144347304043332363323 32 39 15 27 32 18  9 94 331.36131202.60
7904021991156350333737473737340 94 48 18 22 22 39 22 22 361.46134203.50
7904031991163023272727536780333 15  9 12 12 12 56111207 541.67135194.20
7904041991176763535347201723343111 94 56 56 39  7  6  9 471.57138183.40
7904051991184340476067633727383 32 27 39 80111 94 22 12 521.67109179.30
7904061991193727301327332320210 22 12 15  5 12 18  9  7 120.73 91176.20
7904071991202330302717232333207  9 15 15 12  6  9  9 18 120.73 77166.80
7904081991213327232017233033207 18 12  9  7  6  9 15 18 120.73 69169.00
790409199122403310 713171713150 27 18  4  3  5  6  6  5  90.52 61169.70
7904101991231027332330302720200  4 12 18  9 15 15 12  7 120.73 75173.00
790411199124 710131313301320120  3  4  5  5  5 15  5  7  60.31 94169.90
7904121991252030303323303040237  7 15 15 18  9 15 15 27 150.94107174.50
7904131991262323232733331723203  9  9  9 12 18 18  6  9 110.63113175.80
7904141991272323202727372747230  9  9  7 12 12 22 12 39 150.94116170.90
7904151992 14030202743332733253 27 15  7 12 32 18 12 18 181.05117168.00
7904161992 24047333023272010230 27 39 18 15  9 12  7  4 160.94119171.70
7904171992 33027302320172723197 15 12 15  9  7  6 12  9 110.63107168.00
7904181992 42020132310101317127  7  7  5  9  4  4  5  6  60.31 98158.60
7904191992 51020171010231313117  4  7  6  4  4  9  5  5  60.21 79159.40
7904201992 6 7 0 7 3 3 7 7 3 37  3  0  3  2  2  3  3  2  20.00 68156.10
7904211992 71017232740434050250  4  6  9 12 27 32 27 48 211.15 68161.50
7904221992 85757405043504743387 67 67 27 48 32 48 39 32 451.57 79159.70
7904231992 95050333333332720280 48 48 18 18 18 18 12  7 231.15 76162.30
7904241992103333332323201740223 18 18 18  9  9  7  6 27 140.84 72161.90
7904251992117780777070505757537179207179132132 48 67 671261.98 85172.60
7904261992124023102010273030190 27  9  4  7  4 12 15 15 120.73118182.00
7904271992133333302733504750303 18 18 15 12 18 48 39 48 271.26125195.00
7904281992144740534337334040333 39 27 56 32 22 18 27 27 311.36132192.00
7904291992154053534343535057393 27 56 56 32 32 56 48 67 471.57132185.60
7904301992165343334343303027303 56 32 18 32 32 15 15 12 261.26120185.20
7905011992173343333313273040253 18 32 18 18  5 12 15 27 181.05108180.30
7905021992184737272323272010213 39 22 12  9  9 12  7  4 140.84106179.20
7905031992192317 71320172020137  9  6  3  5  7  6  7  7  60.31103164.30
7905041992202310 71310173023133  9  4  3  5  4  6 15  9  70.31112176.00
7905051992212020132013272013147  7  7  5  7  5 12  7  5  70.31113169.50
7905061992221310171320201020123  5  4  6  5  7  7  4  7  60.31122171.10
7905071992232013133037273020190  7  5  5 15 22 12 15  7 110.63148177.90
7905081992241023301720201320153  4  9 15  6  7  7  5  7  80.42157182.40
7905091992251023273333304023220  4  9 12 18 18 15 27  9 140.84162181.30
7905101992261710101320302017137  6  4  4  5  7 15  7  6  70.31145174.70
7905111992272723433040403033267 12  9 32 15 27 27 15 18 191.05148178.60
7905121993 12323172730232020183  9  9  6 12 15  9  7  7  90.52158184.10
7905131993 22020231723272013163  7  7  9  6  9 12  7  5  80.42163186.70
7905141993 32023202337332320200  7  9  7  9 22 18  9  7 110.63203181.90
7905151993 42323272333302323207  9  9 12  9 18 15  9  9 110.63207181.90
7905161993 5202320 7 3 72013113  7  9  7  3  2  3  7  5  50.21187176.30
7905171993 6171013 7 7 3 7 0 63  6  4  5  3  3  2  3  0  30.10184187.70
7905181993 717 7 71323234337170  6  3  3  5  9  9 32 22 110.63148171.20
7905191993 84740273740333737297 39 27 12 22 27 18 22 22 241.15109161.40
7905201993 92740272323232330217 12 27 12  9  9  9  9 15 130.73107155.70
790521199310 7 7272037274033197  3  3 12  7 22 12 27 18 130.73114155.60
7905221993114337374733505350350 32 22 22 39 18 48 56 48 361.46121156.50
79052319931233301010 7 73733167 18 15  4  4  3  3 22 18 110.63117155.90
7905241993133733374040334350313 22 18 22 27 27 18 32 48 271.26119159.20
7905251993144353403343475037347 32 56 27 18 32 39 48 22 341.46124153.30
7905261993154743333340473030303 39 32 18 18 27 39 15 15 251.26123149.00
7905271993163037373333273027253 15 22 22 18 18 12 15 12 170.94118149.40
790528199317302017 320304023183 15  7  6  2  7 15 27  9 110.63110149.20
7905291993182010131717235770227  7  4  5  6  6  9 67132 301.36113150.10
79053019931933373017171710 7167 18 22 15  6  6  6  4  3 100.63 96158.40
790531199320 310 323172027 7110  2  4  2  9  6  7 12  3  60.31120174.90
790601199321 7101010 7131027 93  3  4  4  4  3  5  4 12  50.21121189.40
7906021993221717 7201310 727117  6  6  3  7  5  4  3 12  60.31145206.80
790603199323 7 3 31013131317 80  3  2  2  4  5  5  5  6  40.10154216.10
79060419932413171720201320 7127  5  6  6  7  7  5  7  3  60.31178228.90
7906051993251010171013 7 7 7 80  4  4  6  4  5  3  3  3  40.10207230.10
7906061993261013 72737307060253  4  5  3 12 22 15132 80 341.36226238.10
7906071993273750471730434333300 22 48 39  6 15 32 32 18 261.26222238.10
7906081994 13027232727303727227 15 12  9 12 12 15 22 12 140.84220242.70
7906091994 22327233333373727240  9 12  9 18 18 22 22 12 150.94224247.30
7906101994 32327303030333323230  9 12 15 15 15 18 18  9 140.84205239.90
7906111994 42330232030271720190  9 15  9  7 15 12  6  7 100.63186229.60
7906121994 5202317 710 73020133  7  9  6  3  4  3 15  7  70.31199208.30
7906131994 61310 31327302327147  5  4  2  5 12 15  9 12  80.42172193.60
7906141994 72323171717231713150  9  9  6  6  6  9  6  5  70.42149185.60
7906151994 81023271327232730180  4  9 12  5 12  9 12 15 100.52117175.90
7906161994 92727332340273730243 12 12 18  9 27 12 22 15 160.94103167.50
7906171994102333232037403020227  9 18  9  7 22 27 15  7 140.84122158.10
7906181994111323171310171713123  5  9  6  5  4  6  6  5  60.31126152.50
7906191994121327201313131317130  5 12  7  5  5  5  5  6  60.31110146.10
7906201994131710201023232727157  6  4  7  4  9  9 12 12  80.42111151.50
7906211994141723302330334037233  6  9 15  9 15 18 27 22 150.94124148.80
7906221994154020332737435333287 27  7 18 12 22 32 56 18 241.26108141.10
7906231994163037403727272740263 15 22 27 22 12 12 12 27 191.05 96139.10
7906241994172733302017132020180 12 18 15  7  6  5  7  7 100.52 90141.20
7906251994182327232017133017170  9 12  9  7  6  5 15  6  90.52120147.90
790626199419 310172050434340227  2  4  6  7 48 32 32 27 201.05132153.60
79062719942030272327272713 3177 15 12  9 12 12 12  5  2 100.63112158.40
790628199421 31020 7 7 71713 83  2  4  7  3  3  3  6  5  40.10128159.10
79062919942213 3 31320203323130  5  2  2  5  7  7 18  9  70.31124166.80
7906301994232017171717372330177  7  6  6  6  6 22  9 15 100.52154176.60
7907011994242017271713231713147  7  6 12  6  5  9  6  5  70.42158186.30
79070219942517 7 3 710101310 77  6  3  2  3  4  4  5  4  40.10168200.80
790703199426 7 7234337303030207  3  3  9 32 22 15 15 15 140.84205213.40
7907041994273033301713 71013153 15 18 15  6  5  3  4  5  90.52219218.00
7907051995 1 717232323303023177  3  6  9  9  9 15 15  9  90.52232204.50
7907061995 21020274027236040247  4  7 12 27 12  9 80 27 221.15249211.30
7907071995 34040302353533323297 27 27 15  9 56 56 18  9 271.26223207.10
7907081995 42023232023302323187  7  9  9  7  9 15  9  9  90.52219206.60
7907091995 51017131013301313120  4  6  5  4  5 15  5  5  60.31191197.80
7907101995 61017 7 720132320117  4  6  3  3  7  5  9  7  60.21163185.80
7907111995 710131313 7 71010 83  4  5  5  5  3  3  4  4  40.10155178.50
7907121995 8 710 31027404023160  3  4  2  4 12 27 27  9 110.63145170.20
7907131995 92727232337473017230 12 12  9  9 22 39 15  6 160.94142161.40
7907141995102013102327174743200  7  5  4  9 12  6 39 32 140.84127154.80
7907151995113737302727273023237 22 22 15 12 12 12 15  9 150.84121151.20
7907161995123023271320233033200 15  9 12  5  7  9 15 18 110.63107143.60
7907171995133330172730232343227 18 15  6 12 15  9  9 32 140.84109142.70
7907181995143330332727232737237 18 15 18 12 12  9 12 22 150.84109141.20
7907191995153733231023171730190 22 18  9  4  9  6  6 15 110.63135143.50
7907201995161023204047303340243  4  9  7 27 39 15 18 27 181.05158146.50
7907211995172323172720202727183  9  9  6 12  7  7 12 12  90.52151143.70
7907221995181717171010172310120  6  6  6  4  4  6  9  4  60.31152155.80
790723199519 723131013132020120  3  9  5  4  5  5  7  7  60.31154163.10
790724199520231710 717131017113  9  6  4  3  6  5  4  6  50.21143168.60
7907251995211313 7 3 3 7 7 7 60  5  5  3  2  2  3  3  3  30.10144164.50
790726199522 710171313174757180  3  4  6  5  5  6 39 67 170.94142165.60
7907271995235343173023473030273 56 32  6 15  9 39 15 15 231.15146159.10
7907281995244330 3 7 7172030157 32 15  2  3  3  6  7 15 100.63132158.10
7907291995252727333040405043290 12 12 18 15 27 27 48 32 241.26148156.70
7907301995263020173027232010177 15  7  6 15 12  9  7  4  90.52150160.30
790731199527 313 7 7 3 3 3 3 43  2  5  3  3  2  2  2  2  30.00144152.50
7908011996 1 3 3 73747373037200  2  2  3 22 39 22 15 22 160.94115149.20
7908021996 230303330132320 7187 15 15 18 15  5  9  7  3 110.63 96143.90
7908031996 32030303320171023183  7 15 15 18  7  6  4  9 100.63121145.10
7908041996 42333332733274027243  9 18 18 12 18 12 27 12 160.94110141.70
7908051996 510272013 7232723150  4 12  7  5  3  9 12  9  80.42 93141.60
7908061996 63033404040332020257 15 18 27 27 27 18  7  7 181.05104149.50
7908071996 72020302020233327193  7  7 15  7  7  9 18 12 100.63110151.20
7908081996 82020171720202720160  7  7  6  6  7  7 12  7  70.42132152.70
7908091996 923201720202313 3140  9  7  6  7  7  9  5  2  60.31115157.20
790810199610 713101720203027143  3  5  4  6  7  7 15 12  70.42 92152.20
7908111996112317132023173333180  9  6  5  7  9  6 18 18 100.52 84154.40
7908121996123020234017173753237 15  7  9 27  6  6 22 56 181.05 87144.80
7908131996133010336773677057407 15  4 18111154111132 67 761.87 91155.90
7908141996143317131017202017147 18  6  5  4  6  7  7  6  70.42112158.20
790815199615 71310 710131320 93  3  5  4  3  4  5  5  7  40.21135167.60
7908161996161313231317 7 713107  5  5  9  5  6  3  3  5  50.21115164.90
790817199617201320 7 7303310140  7  5  7  3  3 15 18  4  80.42124165.80
79081819961813 7101023232350160  5  3  4  4  9  9  9 48 110.73143179.90
7908191996195750435043372737343 67 48 32 48 32 22 12 22 351.46176186.40
7908201996203327372733706343333 18 12 22 12 18132 94 32 421.57187204.10
7908211996215040373333273723280 48 27 22 18 18 12 22  9 221.15218207.60
7908221996223027272330302720213 15 12 12  9 15 15 12  7 120.73216223.20
790823199623 310171320101710100  2  4  6  5  7  4  6  4  50.21206218.70
790824199624 7 7131723474027180  3  3  5  6  9 39 27 12 130.73203225.30
7908251996251717304337404743273  6  6 15 32 22 27 39 32 221.15201229.30
7908261996263730332730233713230 22 15 18 12 15  9 22  5 150.84182223.30
7908271996271730333020332713203  6 15 18 15  7 18 12  5 120.73189212.70
7908281997 1302723302320 727187 15 12  9 15  9  7  3 12 100.63174214.30
7908291997 23047535360776760447 15 39 56 56 80179111 80 771.87158197.50
7908301997 34740332717171713210 39 27 18 12  6  6  6  5 150.84150187.90
7908311997 41013203040272730197  4  5  7 15 27 12 12 15 120.73168179.80
7909011997 52010 71317234030160  7  4  3  5  6  9 27 15 100.52165175.90
7909021997 62310131310171017113  9  4  5  5  4  6  4  6  50.21141180.10
7909031997 73323232327132310177 18  9  9  9 12  5  9  4  90.52148180.90
7909041997 81023302723273020190  4  9 15 12  9 12 15  7 100.63157175.30
7909051997 93733273033333727257 22 18 12 15 18 18 22 12 170.94139177.10
790906199710374333233027 717217 22 32 18  9 15 12  3  6 150.84139180.40
790907199711203013 7 7 713 7103  7 15  5  3  3  3  5  3  60.21170186.30
7909081997121310272013102017130  5  4 12  7  5  4  7  6  60.31192183.60
790909199713201317 310101317103  7  5  6  2  4  4  5  6  50.21190187.40
7909101997142327132017272323173  9 12  5  7  6 12  9  9  90.52177184.60
7909111997152317274030372323220  9  6 12 27 15 22  9  9 140.84167181.60
7909121997162710 7 713202337143 12  4  3  3  5  7  9 22  80.42156181.70
7909131997173030 71023131323150 15 15  3  4  9  5  5  9  80.42175185.90
79091419971813132013 3174333157  5  5  7  5  2  6 32 18 100.63186192.30
7909151997192720102327202017163 12  7  4  9 12  7  7  6  80.42177193.80
7909161997203330233733232033233 18 15  9 22 18  9  7 18 140.84163196.30
7909171997212723172320271740193 12  9  6  9  7 12  6 27 110.63155202.70
7909181997225747706357604023417 67 39132 94 67 80 27  9 641.77177215.80
7909191997231713101013102727127  6  5  4  4  5  4 12 12  60.31195218.10
7909201997243317202750502340260 18  6  7 12 48 48  9 27 221.15191214.00
7909211997255053372327203327270 48 56 22  9 12  7 18 12 231.15184218.40
7909221997262723 71023171310130 12  9  3  4  9  6  5  4  60.31178216.60
790923199727172317 723271310137  6  9  6  3  9 12  5  4  70.31219224.10
7909241998 1 733233340272340227  3 18  9 18 27 12  9 27 150.94136230.70
7909251998 24040331320403733257 27 27 18  5  7 27 22 18 191.05252235.60
7909261998 33737332733334033273 22 22 18 12 18 18 27 18 191.05261230.00
7909271998 43347232327272720227 18 39  9  9 12 12 12  7 150.84256228.80
7909281998 52340402320273337243  9 27 27  9  7 12 18 22 160.94239233.80
7909291998 63737271737302327233 22 22 12  6 22 15  9 12 150.84235225.00
7909301998 73743372727332030253 22 32 22 12 12 18  7 15 181.05233231.80
7910011998 8372713233027 710173 22 12  5  9 15 12  3  4 100.63213212.90
7910021998 9 3 3 31720232730127  2  2  2  6  7  9 12 15  70.31187211.60
7910031998104037231020332713203 27 22  9  4  7 18 12  5 130.73167204.70
79100419981130173340 3 7 3 0133 15  6 18 27  2  3  2  0  90.52156197.80
791005199812 0 3 7 723202723110  0  2  3  3  9  7 12  9  60.31168192.80
7910061998133337375057603027330 18 22 22 48 67 80 15 12 361.46168195.60
7910071998143743403350434747340 22 32 27 18 48 32 39 39 321.36179196.90
7910081998155743434740473747360 67 32 32 39 27 39 22 39 371.46190200.30
7910091998164337434730303327290 32 22 32 39 15 15 18 12 231.15210209.60
7910101998174040303033203720250 27 27 15 15 18  7 22  7 170.94178208.70
791011199818 710272733302017170  3  4 12 12 18 15  7  6 100.52183211.90
791012199819 713102020202737153  3  5  4  7  7  7 12 22  80.52189216.40
7910131998203027302717233030213 15 12 15 12  6  9 15 15 120.73201239.20
79101419982123 72720102010 7123  9  3 12  7  4  7  4  3  60.31213236.40
791015199822 3 3102030302320140  2  2  4  7 15 15  9  7  80.42198230.80
7910161998233027172023101310150 15 12  6  7  9  4  5  4  80.42185232.40
7910171998241017101013 7 717 90  4  6  4  4  5  3  3  6  40.21214226.00
791018199825101010 0 3 0 713 53  4  4  4  0  2  0  3  5  30.00224236.90
79101919982610 3 71323171017100  4  2  3  5  9  6  4  6  50.21221237.30
79102019982727 3202010231317133 12  2  7  7  4  9  5  6  60.31214236.80
7910211999 11727132320272337187  6 12  5  9  7 12  9 22 100.63209230.10
7910221999 23333372720332017220 18 18 22 12  7 18  7  6 140.84191221.90
7910231999 31320132017172020140  5  7  5  7  6  6  7  7  60.31179214.90
7910241999 42030303330302010203  7 15 15 18 15 15  7  4 120.73161225.60
7910251999 52030432327233027223  7 15 32  9 12  9 15 12 140.84153215.30
7910261999 61733131720171723157  6 18  5  6  7  6  6  9  80.42145203.00
7910271999 7 3172317 7172017120  2  6  9  6  3  6  7  6  60.31136211.30
7910281999 81727172727131033170  6 12  6 12 12  5  4 18  90.52142210.00
7910291999 93733131713232723187 22 18  5  6  5  9 12  9 110.63184214.90
7910301999102720131310 3 3 3 93 12  7  5  5  4  2  2  2  50.21190213.70
791031199911 7 0 72013232023113  3  0  3  7  5  9  7  9  50.21223215.00
7911011999123030233030333730243 15 15  9 15 15 18 22 15 160.94224211.60
7911021999133337272730231710203 18 22 12 12 15  9  6  4 120.73157209.60
791103199914 7 3102723333333170  3  2  4 12  9 18 18 18 100.63155207.50
7911041999153330232720172010180 18 15  9 12  7  6  7  4 100.52172214.30
791105199916 3 0 3 710 710 3 43  2  0  2  3  4  3  4  2  20.00166235.50
791106199917 710 71310 3 3 3 57  3  4  3  5  4  2  2  2  30.10203273.30
7911071999181020172323374023193  4  7  6  9  9 22 27  9 120.73240286.90
7911081999192720473730231717217 12  7 39 22 15  9  6  6 140.84280310.20
7911091999202323271340474333250  9  9 12  5 27 39 32 18 191.05279314.40
7911101999211320171313131727133  5  7  6  5  5  5  6 12  60.31302367.20
7911111999223033172020302017187 15 18  6  7  7 15  7  6 100.63295325.70
7911121999231013232323232017153  4  5  9  9  9  9  7  6  70.42248294.60
7911131999244047374340505343353 27 39 22 32 27 48 56 32 351.46183272.70
79111419992550432710 710 3 0150 48 32 12  4  3  4  2  0 130.84218256.30
791115199926 010 71313 7 310 63  0  4  3  5  5  3  2  4  30.10186239.80
7911161999272333372020272720207  9 18 22  7  7 12 12  7 120.73166230.60
7911172000 13323272010 72010150 18  9 12  7  4  3  7  4  80.42238232.00
7911182000 227 710131010 3 3 83 12  3  4  5  4  4  2  2  40.21172232.00
7911192000 3 3 7132020202030133  2  3  5  7  7  7  7 15  70.31174215.00
7911202000 42013232730331713177  7  5  9 12 15 18  6  5 100.52153206.00
7911212000 527202010101317 3120 12  7  7  4  4  5  6  2  60.31124189.80
7911222000 6 0 01313 7 7 3 0 43  0  0  5  5  3  3  2  0  20.00116182.60
7911232000 7 3 0 31710101720 80  2  0  2  6  4  4  6  7  40.10142183.20
7911242000 83037404037374040300 15 22 27 27 22 22 27 27 241.15162175.30
7911252000 94350232017101317193 32 48  9  7  6  4  5  6 150.84155165.80
79112620001010 0 0 313132317 80  4  0  0  2  5  5  9  6  40.10141161.60
791127200011201023 710 7 7 3 87  7  4  9  3  4  3  3  2  40.21115155.80
791128200012 3 010 0 3 3 7 3 30  2  0  4  0  2  2  3  2  20.00119150.20
791129200013 3 0 7 7 7232310 80  2  0  3  3  3  9  9  4  40.10 98154.00
7911302000141017503333272020210  4  6 48 18 18 12  7  7 150.84116152.30
7912012000151710272723272320173  6  4 12 12  9 12  9  7  90.52122162.00
7912022000163330273023171713190 18 15 12 15  9  6  6  5 110.63156172.00
79120320001723333323171010 3153  9 18 18  9  6  4  4  2  90.52187195.20
7912042000182033403033402720243  7 18 27 15 18 27 12  7 160.94218221.10
7912052000192013232023231017150  7  5  9  7  9  9  4  6  70.42232223.40
79120620002023202317 7 31010113  9  7  9  6  3  2  4  4  60.21206223.40
7912072000211310 710 7 71713 83  5  4  3  4  3  3  6  5  40.10212222.70
7912082000221327202030232723183  5 12  7  7 15  9 12  9 100.52262229.00
7912092000232020202320131717150  7  7  7  9  7  5  6  6  70.31280232.40
79121020002410131010132717 7107  4  5  4  4  5 12  6  3  50.21260230.20
7912112000252313 7 7 7 72313100  9  5  3  3  3  3  9  5  50.21242230.70
791212200026 7 7 31010131717 83  3  3  2  4  4  5  6  6  40.10261232.30
791213200027 3 713 713 71010 70  2  3  5  3  5  3  4  4  40.10235231.70
7912142001 1 317101010131713 93  2  6  4  4  4  5  6  5  40.21230238.30
7912152001 21030172720232717170  4 15  6 12  7  9 12  6  90.52225231.70
7912162001 32730231720202033190 12 15  9  6  7  7  7 18 100.63215216.50
7912172001 43723302027302327217 22  9 15  7 12 15  9 12 130.73180202.30
7912182001 52710132320171717143 12  4  5  9  7  6  6  6  70.31151187.40
7912192001 61720171310131723130  6  7  6  5  4  5  6  9  60.31138183.10
7912202001 7 013 71020171310 90  0  5  3  4  7  6  5  4  40.10126180.80
7912212001 8 3 0 3 7 7132320 77  2  0  2  3  3  5  9  7  40.10124176.60
7912222001 92330234030333713230  9 15  9 27 15 18 22  5 150.84111175.20
791223200110 7 3 7 7 0101020 63  3  2  3  3  0  4  4  7  30.10116168.70
7912242001112317132310271013137  9  6  5  9  4 12  4  5  70.31130160.30
791225200112 0 0 0 013 31013 40  0  0  0  0  5  2  4  5  20.00143162.00
7912262001132013101720333727177  7  5  4  6  7 18 22 12 100.63116159.80
7912272001141330303030331710193  5 15 15 15 15 18  6  4 120.73 93153.60
7912282001151027174340331740227  4 12  6 32 27 18  6 27 160.94 98163.10
7912292001164050403740375043337 27 48 27 22 27 22 48 32 321.36121174.00
7912302001174743333327303327273 39 32 18 18 12 15 18 12 201.05139185.40
7912312001182323131013172337160  9  9  5  4  5  6  9 22  90.52135188.80
