8001012001192323233333435050280  9  9  9 18 18 32 48 48 241.26153189.10
8001022001204330202333201020200 32 15  7  9 18  7  4  7 120.73158199.80
8001032001212743173337273337253 12 32  6 18 22 12 18 22 181.05148211.80
8001042001223033303023403330250 15 18 15 15  9 27 18 15 160.94160212.40
8001052001232720202730273030210 12  7  7 12 15 12 15 15 120.73184207.70
8001062001242733201320201313160 12 18  7  5  7  7  5  5  80.42207222.10
800107200125 3 0 71010132327 93  2  0  3  4  4  5  9 12  50.21212228.00
80010820012627232023 7 310 7120 12  9  7  9  3  2  4  3  60.31221228.10
80010920012713 7 7 7 7 7 3 3 53  5  3  3  3  3  3  2  2  30.10249240.90
8001102002 1 3 3 0 71310 713 57  2  2  0  3  5  4  3  5  30.10219253.00
8001112002 2 717302727273027190  3  6 15 12 12 12 15 12 110.63245255.70
8001122002 3 710131713101010 90  3  4  5  6  5  4  4  4  40.21210245.20
8001132002 4 027334343404737270  0 12 18 32 32 27 39 22 231.15181221.70
8001142002 53730202017201317173 22 15  7  7  6  7  5  6  90.52178203.90
8001152002 6 7 3101720232313117  3  2  4  6  7  9  9  5  60.31146200.10
8001162002 74330231013 3 3 3130 32 15  9  4  5  2  2  2  90.52166188.50
8001172002 81020433033302013200  4  7 32 15 18 15  7  5 130.73145186.90
8001182002 913 710 713 31317 83  5  3  4  3  5  2  5  6  40.10130177.50
80011920021017 0 310 7171710 80  6  0  2  4  3  6  6  4  40.10118164.40
8001202002112723 7 710 72023123 12  9  3  3  4  3  7  9  60.31115156.60
800121200212271010102010 717110 12  4  4  4  7  4  3  6  60.21121153.50
800122200213 3 0101310173017100  2  0  4  5  4  6 15  6  50.21123158.20
8001232002141710201713 710 3 97  6  4  7  6  5  3  4  2  50.21124166.60
800124200215 3 0 71717232310100  2  0  3  6  6  9  9  4  50.21120171.10
800125200216 3 0 72323202727130  2  0  3  9  9  7 12 12  70.31107171.40
8001262002171323101017 72023123  5  9  4  4  6  3  7  9  60.31127178.90
8001272002182330272343434750287  9 15 12  9 32 32 39 48 241.26120190.50
8001282002193037232337505343297 15 22  9  9 22 48 56 32 271.26130194.00
8001292002205343172737433737293 56 32  6 12 22 32 22 22 261.26122197.00
8001302002213323302320201317180 18  9 15  9  7  7  5  6 100.52145198.00
80013120022217 3 71713101723107  6  2  3  6  5  4  6  9  50.21164213.80
8002012002232013172317173733177  7  5  6  9  6  6 22 18 100.63195212.50
800202200224233330232313 7 7160  9 18 15  9  9  5  3  3  90.52178217.90
800203200225 71010 7 3 7 310 57  3  4  4  3  2  3  2  4  30.10185225.80
800204200226 7102320 7 3 3 3 77  3  4  9  7  3  2  2  2  40.10182231.70
800205200227 0 0 713101010 7 57  0  0  3  5  4  4  4  3  30.10178218.90
8002062003 1 037434750535323307  0 22 32 39 48 56 56  9 331.36209221.80
8002072003 22020331733203333210  7  7 18  6 18  7 18 18 120.73220223.80
8002082003 33337333037331730250 18 22 18 15 22 18  6 15 170.94203218.80
8002092003 41730302327273020203  6 15 15  9 12 12 15  7 110.73172208.30
8002102003 5101713 7 3 7 7 7 70  4  6  5  3  2  3  3  3  40.10140204.60
8002112003 6 3231310101010 3 83  2  9  5  4  4  4  4  2  40.10148213.70
8002122003 7 7 0 31013 3 310 50  3  0  2  4  5  2  2  4  30.00128213.80
8002132003 8 3 0 0 7 7 71010 43  2  0  0  3  3  3  4  4  20.00131217.90
8002142003 91333304733402717240  5 18 15 39 18 27 12  6 181.05140201.10
8002152003102327202027305770273  9 12  7  7 12 15 67132 331.36159201.40
8002162003116057574343303023343 80 67 67 32 32 15 15  9 401.46163200.20
800217200312201717 720131313120  7  6  6  3  7  5  5  5  60.21132182.90
8002182003133017272020202730190 15  6 12  7  7  7 12 15 100.63122179.90
800219200314334327 710 3 310137 18 32 12  3  4  2  2  4 100.52129177.40
8002202003152010172013201013123  7  4  6  7  5  7  4  5  60.31125174.60
80022120031617 7101010101017 90  6  3  4  4  4  4  4  6  40.21114169.60
8002222003171010 313 717 717 83  4  4  2  5  3  6  3  6  40.10 99167.40
80022320031810 3132027333323163  4  2  5  7 12 18 18  9  90.52100160.10
800224200319232313202323 3 3133  9  9  5  7  9  9  2  2  60.31116157.30
80022520032010 3132327304043190  4  2  5  9 12 15 27 32 130.84121165.70
8002262003213730133033302720220 22 15  5 15 18 15 12  7 140.84152169.00
8002272003221330333333273030230  5 15 18 18 18 12 15 15 140.84175173.20
8002282003232727272717101730180 12 12 12 12  6  4  6 15 100.63197171.70
8002292003242320102023201313143  9  7  4  7  9  7  5  5  70.31181176.60
8003012003251313 7 31010 3 3 63  5  5  3  2  4  4  2  2  30.10181175.70
800302200326 3 7 3 3 7 710 3 43  2  3  2  2  3  3  4  2  30.00168172.90
800303200327 7 3 3 710271713 87  3  2  2  3  4 12  6  5  50.21151170.20
8003042004 1 7 3132313101020100  3  2  5  9  5  4  4  7  50.21136172.60
8003052004 22327202710 7 7 7127  9 12  7 12  4  3  3  3  70.31130171.80
8003062004 32020233023232017177  7  7  9 15  9  9  7  6  90.52132169.40
8003072004 42323101713172020143  9  9  4  6  5  6  7  7  70.31120166.30
8003082004 51323232013171313137  5  9  9  7  5  6  5  5  60.31101164.80
8003092004 62017301320231013147  7  6 15  5  7  9  4  5  70.42103161.40
8003102004 7 313 7202010 7 7 87  2  5  3  7  7  4  3  3  40.10 69153.90
8003112004 820 0 3271710 3 7 87  7  0  2 12  6  4  2  3  40.21 67147.80
8003122004 9 0 0 0 0 0 713 3 23  0  0  0  0  0  3  5  2  10.00 70138.60
8003132004101013301017 72023130  4  5 15  4  6  3  7  9  70.31 71144.70
800314200411202310 71317 7 3100  7  9  4  3  5  6  3  2  50.21 68141.20
800315200412 0 0 3 3 3 3 013 27  0  0  2  2  2  2  0  5  20.00 52139.30
8003162004131710 7171010 717 93  6  4  3  6  4  4  3  6  40.21 36137.30
80031720041413131323171010 7107  5  5  5  9  6  4  4  3  50.21 67143.00
8003182004151310 7 71010 7 7 70  5  4  3  3  4  4  3  3  40.10 63147.40
800319200416 3 7333030301710160  2  3 18 15 15 15  6  4 100.52119162.30
80032020041710101013 7131713 93  4  4  4  5  3  5  6  5  40.21108162.20
8003212004182333372730274337257  9 18 22 12 15 12 32 22 181.05105162.30
8003222004192733373343301723243 12 18 22 18 32 15  6  9 160.94130162.50
80032320042023301013 71010 0103  9 15  4  5  3  4  4  0  60.21149172.40
800324200421 3 717171317 310 87  2  3  6  6  5  6  2  4  40.10175172.50
800325200422 7 0 31013172037107  3  0  2  4  5  6  7 22  60.31176182.50
8003262004234757404043233037317 39 67 27 27 32  9 15 22 301.36191185.10
8003272004243013171720131017137 15  5  6  6  7  5  4  6  70.31205195.40
8003282004251727231317101023140  6 12  9  5  6  4  4  9  70.31221203.50
8003292004262323271010202023157  9  9 12  4  4  7  7  9  80.42191200.00
800330200427303733172010 730183 15 22 18  6  7  4  3 15 110.63182194.30
8003312005 13740404037302033277 22 27 27 27 22 15  7 18 211.15174187.30
8004012005 220 7 7 3131310 0 73  7  3  3  2  5  5  4  0  40.10168181.90
8004022005 3 7 7 3 7 7 7 317 57  3  3  2  3  3  3  2  6  30.10145181.20
8004032005 413271723172320 7147  5 12  6  9  6  9  7  3  70.42133176.10
8004042005 5 313303027333010177  2  5 15 15 12 18 15  4 110.63123184.30
8004052005 610171010233320 7130  4  6  4  4  9 18  7  3  70.31154209.80
8004062005 7 323134750505333273  2  9  5 39 48 48 56 18 281.26179238.40
8004072005 83327331727274740250 18 12 18  6 12 12 39 27 181.05194236.20
8004082005 93337274040271727247 18 22 12 27 27 12  6 12 170.94199241.80
8004092005103043374740331713260 15 32 22 39 27 18  6  5 201.05229244.90
8004102005114050404727232023270 27 48 27 39 12  9  7  9 221.15214249.10
8004112005123027433030435750310 15 12 32 15 15 32 67 48 301.36245249.90
8004122005135037303333433353313 48 22 15 18 18 32 18 56 281.26251245.80
8004132005144733373027332717250 39 18 22 15 12 18 12  6 181.05252232.80
800414200515102017 313273040160  4  7  6  2  5 12 15 27 100.52203226.50
8004152005164737332323333740273 39 22 18  9  9 18 22 27 201.05182206.20
8004162005173030271323302030203 15 15 12  5  9 15  7 15 120.73154192.60
800417200518374020 720232320190 22 27  7  3  7  9  9  7 110.73126192.00
8004182005191020 71010 7 717 87  4  7  3  4  4  3  3  6  40.10127201.40
80041920052010 3101013171717 97  4  2  4  4  5  6  6  6  50.21134214.60
8004202005212320 71013102017120  9  7  3  4  5  4  7  6  60.31164215.80
80042120052217171010 7101313 97  6  6  4  4  3  4  5  5  50.21143207.80
8004222005233327101327201717163 18 12  4  5 12  7  6  6  90.52122199.20
8004232005242723 7101717 720127 12  9  3  4  6  6  3  7  60.31 95186.30
8004242005252727101010201020133 12 12  4  4  4  7  4  7  70.31112186.30
800425200526272320273317 710163 12  9  7 12 18  6  3  4  90.52133186.00
800426200527 72013 320131013100  3  7  5  2  7  5  4  5  50.21159186.60
8004272006 1 313 3101713 727 93  2  5  2  4  6  5  3 12  50.21150200.50
8004282006 21710 3131720 7 7 93  6  4  2  5  6  7  3  3  40.21149203.80
8004292006 31317171320171013120  5  6  6  5  7  6  4  5  60.21145203.50
8004302006 41723102730231717163  6  9  4 12 15  9  6  6  80.52138200.90
8005012006 53020 71327272310157 15  7  3  5 12 12  9  4  80.52121218.50
8005022006 613101310101310 7 87  5  4  5  4  4  5  4  3  40.10149223.10
8005032006 7 3 71010 7 7 310 57  2  3  4  4  3  3  2  4  30.10140221.10
8005042006 8 317 7132017 7 3 87  2  6  3  5  7  6  3  2  40.10166223.20
8005052006 9 3 7171723232027137  2  3  6  6  9  9  7 12  70.31192221.90
8005062006102727272730232727213 12 12 12 12 15  9 12 12 120.73145203.60
800507200611 3 7201717274020150  2  3  7  6  6 12 27  7  90.52147203.30
800508200612303017 713 71017130 15 15  6  3  5  3  4  6  70.42157200.30
8005092006133030233330234740257 15 15  9 18 15  9 39 27 181.05168193.80
8005102006143313131713132323150 18  5  5  6  5  5  9  9  80.42144191.20
8005112006153720374043436060340 22  7 22 27 32 32 80 80 381.46142191.50
8005122006164750373327273030280 39 48 22 18 12 12 15 15 231.15143189.50
80051320061723272717 7203050200  9 12 12  6  3  7 15 48 140.84150193.00
8005142006184337232023304323243 32 22  9  7  9 15 32  9 170.94166202.90
8005152006191320271013 7 717113  5  7 12  4  5  3  3  6  60.31148199.90
80051620062010131310 3 3 3 0 57  4  5  5  4  2  2  2  0  30.10148202.80
800517200621 0 3 3 7 7 71017 53  0  2  2  3  3  3  4  6  30.10173207.50
800518200622 0 3 717102013 7 77  0  2  3  6  4  7  5  3  40.10215214.30
800519200623 3 7172030272317143  2  3  6  7 15 12  9  6  80.42218234.20
80052020062420131710131010 3 97  7  5  6  4  5  4  4  2  50.21230244.90
800521200625 3 0101010101320 77  2  0  4  4  4  4  5  7  40.10233252.50
8005222006261017201723231310133  4  6  7  6  9  9  5  4  60.31244276.70
8005232006272320101743302017180  9  7  4  6 32 15  7  6 110.63246289.40
8005242007 12010102327304037197  7  4  4  9 12 15 27 22 120.73256290.10
8005252007 23030506357371323303 15 15 48 94 67 22  5  9 341.46229292.90
8005262007 32710172710 71327137 12  4  6 12  4  3  5 12  70.42220284.10
8005272007 42710172710 71327137 12  4  6 12  4  3  5 12  70.42223281.20
8005282007 51313 7171313 7 3 87  5  5  3  6  5  5  3  2  40.10190280.90
8005292007 6 3 710 710133317100  2  3  4  3  4  5 18  6  60.31185252.20
8005302007 72720302023272717190 12  7 15  7  9 12 12  6 100.63150222.70
8005312007 82727232327372347233 12 12  9  9 12 22  9 39 160.94138200.60
8006012007 93033374733373337287 15 18 22 39 18 22 18 22 221.15152191.10
8006022007103313102013101020130 18  5  4  7  5  4  4  7  70.31124184.00
8006032007112710172333202720177 12  4  6  9 18  7 12  7  90.52128178.90
80060420071210 720171320 717110  4  3  7  6  5  7  3  6  50.21141181.60
800605200713 7 31317 7 7 710 70  3  2  5  6  3  3  3  4  40.10150178.40
8006062007141010102333433347210  4  4  4  9 18 32 18 39 160.94131172.40
8006072007153733303743434747317 22 18 15 22 32 32 39 39 271.26149165.80
8006082007165340373343272717277 56 27 22 18 32 12 12  6 231.15150172.50
8006092007172013133327233047207  7  5  5 18 12  9 15 39 140.84164174.30
8006102007184337403743505043343 32 22 27 22 32 48 48 32 331.36177176.10
8006112007193333575063576060413 18 18 67 48 94 67 80 80 591.77172183.00
8006122007204737374037404753337 39 22 22 27 22 27 39 56 321.36166189.40
8006132007214340403330404743317 32 27 27 18 15 27 39 32 271.26161186.40
8006142007223313171327272327180 18  5  6  5 12 12  9 12 100.63136188.70
8006152007231017 7 713171710 97  4  6  3  3  5  6  6  4  50.21129186.40
8006162007241013131730372320163  4  5  5  6 15 22  9  7  90.52134193.30
800617200725 713 3 7 3 3 310 50  3  5  2  3  2  2  2  4  30.10129197.50
800618200726 3 7 7 7 710 713 60  2  3  3  3  3  4  3  5  30.10146207.50
800619200727 317171017273720147  2  6  6  4  6 12 22  7  80.42166219.80
8006202008 1 713131320232010120  3  5  5  5  7  9  7  4  60.31179227.80
8006212008 21313102017271313127  5  5  4  7  6 12  5  5  60.31191228.00
8006222008 32013101017202023133  7  5  4  4  6  7  7  9  60.31196250.00
8006232008 42013101023171713123  7  5  4  4  9  6  6  5  60.31190251.60
8006242008 53727302727202330220 22 12 15 12 12  7  9 15 130.73193245.90
8006252008 62723201017132727163 12  9  7  4  6  5 12 12  80.52179238.90
8006262008 73317172040334323227 18  6  6  7 27 18 32  9 150.94166226.20
8006272008 813 3 7 3 7 3 3 7 47  5  2  3  2  3  2  2  3  30.00185212.50
8006282008 913 7 7 710 7 3 7 60  5  3  3  3  4  3  2  3  30.10188199.60
8006292008101010101310101023 97  4  4  4  5  4  4  4  9  50.21149188.70
8006302008112713132027231720160 12  5  5  7 12  9  6  7  80.42 97183.40
800701200812201313101010 717100  7  5  5  4  4  4  3  6  50.21101159.90
800702200813 7 3 313 3 71310 60  3  2  2  5  2  3  5  4  30.10108154.80
800703200814 71310171310 310 83  3  5  4  6  5  4  2  4  40.10 97147.60
800704200815 0 7172327301320137  0  3  6  9 12 15  5  7  70.42 85146.70
8007052008162740272733333317237 12 27 12 12 18 18 18  6 150.94 96152.50
8007062008172013103030272330183  7  5  4 15 15 12  9 15 100.63 98150.10
8007072008182320333727272723217  9  7 18 22 12 12 12  9 130.73 97152.50
8007082008194023172317303730217 27  9  6  9  6 15 22 15 140.84 87152.80
80070920082027272323171320 7157 12 12  9  9  6  5  7  3  80.42 84155.20
800710200821 310 01013131710 77  2  4  0  4  5  5  6  4  40.10 86162.30
8007112008222020101740202327177  7  7  4  6 27  7  9 12 100.63 87173.20
80071220082320101010 7231013103  7  4  4  4  3  9  4  5  50.21 98178.10
8007132008242323231023371710167  9  9  9  4  9 22  6  4  90.52105196.90
8007142008252317132323203023173  9  6  5  9  9  7 15  9  90.52128209.80
8007152008262323101710171020130  9  9  4  6  4  6  4  7  60.31161218.40
8007162008271710132017171320127  6  4  5  7  6  6  5  7  60.31198235.40
8007172009 12017171010102723133  7  6  6  4  4  4 12  9  60.31211250.20
8007182009 23020131720276067253 15  7  5  6  7 12 80111 301.36241249.70
8007192009 35340271023231317207 56 27 12  4  9  9  5  6 160.94220255.00
8007202009 4171313 733332717160  6  5  5  3 18 18 12  6  90.52227257.90
8007212009 53027201040332730217 15 12  7  4 27 18 12 15 140.84229254.00
8007222009 610 7 7 3 3171030 87  4  3  3  2  2  6  4 15  50.21201248.70
8007232009 713 3 31013171020 90  5  2  2  4  5  6  4  7  40.21184235.10
8007242009 81020 7 323133023130  4  7  3  2  9  5 15  9  70.31155222.10
8007252009 91013103747576370307  4  5  4 22 39 67 94132 461.57151206.30
8007262009106037233347332720280 80 22  9 18 39 18 12  7 261.26138197.30
8007272009113333303323232733237 18 18 15 18  9  9 12 18 150.84117188.40
8007282009123737272733332013227 22 22 12 12 18 18  7  5 140.84127169.50
800729200913 717101017232317123  3  6  4  4  6  9  9  6  60.31118155.20
8007302009142013171320232327157  7  5  6  5  7  9  9 12  80.42108143.20
8007312009152017201713101710123  7  6  7  6  5  4  6  4  60.31 81136.50
8008012009161017131010 7 710 83  4  6  5  4  4  3  3  4  40.10 78131.90
800802200917 3 7 71023202733130  2  3  3  4  9  7 12 18  70.42 63131.80
8008032009184033404343202713260 27 18 27 32 32  7 12  5 201.05 65133.10
80080420091917202320332310 3150  6  7  9  7 18  9  4  2  80.42 65130.90
80080520092013 7101313101013 90  5  3  4  5  5  4  4  5  40.21 53132.60
8008062009214030202747334330270 27 15  7 12 39 18 32 15 211.15 72143.20
8008072009222327232720172730193  9 12  9 12  7  6 12 15 100.63 64142.30
8008082009231710 3 71010 720 83  6  4  2  3  4  4  3  7  40.10 90146.40
8008092009241310101727333023163  5  4  4  6 12 18 15  9  90.52125156.40
8008102009252330302023231710177  9 15 15  7  9  9  6  4  90.52130173.50
8008112009261317201310203030153  5  6  7  5  4  7 15 15  80.42181184.10
800812200927432020 713101313140 32  7  7  3  5  4  5  5  80.52174189.50
8008132010 11710101020201320120  6  4  4  4  7  7  5  7  60.21172193.30
8008142010 210 3202020231710123  4  2  7  7  7  9  6  4  60.31193191.60
8008152010 317201017201310 7113  6  7  4  6  7  5  4  3  50.21192191.70
8008162010 41010131353634027230  4  4  5  5 56 94 27 12 261.26196195.70
8008172010 51310172327203733180  5  4  6  9 12  7 22 18 100.63190197.60
8008182010 63033405023201730243 15 18 27 48  9  7  6 15 181.05195204.10
8008192010 74023203350574037300 27  9  7 18 48 67 27 22 281.26185201.40
8008202010 82313 72723273727183  9  5  3 12  9 12 22 12 100.63179192.90
8008212010 93027271713101010143 15 12 12  6  5  4  4  4  80.42152194.00
8008222010101323232323233033193  5  9  9  9  9  9 15 18 100.63139178.20
8008232010112310102013 7 7 3 93  9  4  4  7  5  3  3  2  50.21154174.20
800824201012201710 7131010 3 90  7  6  4  3  5  4  4  2  40.21122164.30
800825201013 3 7 3 713131033 90  2  3  2  3  5  5  4 18  50.21109153.70
8008262010144033201723132033200 27 18  7  6  9  5  7 18 120.73101154.50
8008272010153333375047303013273 18 18 22 48 39 15 15  5 221.15 98159.20
80082820101620171310 713 3 3 87  7  6  5  4  3  5  2  2  40.10124168.30
800829201017 3 3 0 3 3102330 77  2  2  0  2  2  4  9 15  40.21158178.40
8008302010182023171313231710137  7  9  6  5  5  9  6  4  60.31184191.30
8008312010192723231717 71320147 12  9  9  6  6  3  5  7  70.42194198.60
800901201020332327101013 710133 18  9 12  4  4  5  3  4  70.42208213.20
8009022010211717101013 7 313 90  6  6  4  4  5  3  2  5  40.21226224.30
800903201022 3 0132030403337177  2  0  5  7 15 27 18 22 120.73232232.10
8009042010234330201320232720197 32 15  7  5  7  9 12  7 120.73233224.90
8009052010242327171720303027190  9 12  6  6  7 15 15 12 100.63188215.60
8009062010252020201727331027173  7  7  7  6 12 18  4 12  90.52179210.80
8009072010263027102313172033173 15 12  4  9  5  6  7 18 100.52136213.00
8009082010273317132323271013160 18  6  5  9  9 12  4  5  80.52140200.80
8009092011 11720232333402027203  6  7  9  9 18 27  7 12 120.73108189.70
8009102011 22317 7 3 3101017 90  9  6  3  2  2  4  4  6  40.21119188.60
8009112011 31317101717231317127  5  6  4  6  6  9  5  6  60.31125188.10
8009122011 41723432337403040253  6  9 32  9 22 27 15 27 181.05128178.80
8009132011 53740303040272013237 22 27 15 15 27 12  7  5 160.94133171.70
8009142011 62327102313 71037150  9 12  4  9  5  3  4 22  80.52100163.10
8009152011 72720201720202023167 12  7  7  6  7  7  7  9  80.42 83153.70
8009162011 8 717201717133323147  3  6  7  6  6  5 18  9  80.42 98159.50
8009172011 92723274033231730220 12  9 12 27 18  9  6 15 140.84 93157.90
800918201110 7 32313 3 72013 90  3  2  9  5  2  3  7  5  40.21114154.40
800919201111 7 3 31720171727110  3  2  2  6  7  6  6 12  60.21137160.00
80092020111233271313131710 7133 18 12  5  5  5  6  4  3  70.42150167.50
800921201113 3 0 3 3 7 7 3 3 30  2  0  2  2  3  3  2  2  20.00134159.50
800922201114 017172337272013153  0  6  6  9 22 12  7  5  80.52147178.60
800923201115 7171020 7101713100  3  6  4  7  3  4  6  5  50.21158188.60
800924201116 3 31310 7131313 77  2  2  5  4  3  5  5  5  40.10178191.30
8009252011171730171713171710137  6 15  6  6  5  6  6  4  70.31168183.80
800926201118 7171317171013 3 97  3  6  5  6  6  4  5  2  50.21209184.20
800927201119 720 71717202720133  3  7  3  6  6  7 12  7  60.31231183.20
80092820112020 717 723231723137  7  3  6  3  9  9  6  9  60.31181185.10
80092920112113 7201317234020153  5  3  7  5  6  9 27  7  90.52166178.20
800930201122231710 7 31023 3 97  9  6  4  3  2  4  9  2  50.21149174.00
801001201123 0 0 0 71310 710 47  0  0  0  3  5  4  3  4  20.00151171.10
801002201124101317172313 3 0 97  4  5  6  6  9  5  2  0  50.21135167.90
801003201125 0 0 710 7202030 93  0  0  3  4  3  7  7 15  50.21139174.00
8010042011263043333340504037307 15 32 18 18 27 48 27 22 261.26121175.20
8010052011274743403337302727283 39 32 27 18 22 15 12 12 221.15 96182.50
8010062012 13033373720272320227 15 18 22 22  7 12  9  7 140.84116185.30
8010072012 23730272333202317210 22 15 12  9 18  7  9  6 120.73135198.60
8010082012 31727301727303330210  6 12 15  6 12 15 18 15 120.73173212.00
8010092012 43727373323303720243 22 12 22 18  9 15 22  7 160.94186223.50
8010102012 53027202327373360257 15 12  7  9 12 22 18 80 221.15235232.60
8010112012 64757605350232323337 39 67 80 56 48  9  9  9 401.46260240.70
8010122012 71727331333232720193  6 12 18  5 18  9 12  7 110.63256247.70
8010132012 81010201720131313117  4  4  7  6  7  5  5  5  50.21213253.30
8010142012 91717201713304030183  6  6  7  6  5 15 27 15 110.63232250.90
8010152012103337373323202327233 18 22 22 18  9  7  9 12 150.84224236.90
80101620121123 7 7 3 3 3 7 7 60  9  3  3  2  2  2  3  3  30.10202214.90
801017201212 013171717101720110  0  5  6  6  6  4  6  7  50.21158201.00
8010182012133343433723334320277 18 32 32 22  9 18 32  7 211.15142200.60
8010192012142017232723273330200  7  6  9 12  9 12 18 15 110.63137203.10
8010202012151317 3101010 313 80  5  6  2  4  4  4  2  5  40.10167200.40
8010212012161323202023232017160  5  9  7  7  9  9  7  6  70.42155204.10
8010222012171733273733274753273  6 18 12 22 18 12 39 56 231.15164205.30
8010232012183343575760434730370 18 32 67 67 80 32 39 15 441.57140196.00
8010242012192723203037203333223 12  9  7 15 22  7 18 18 140.84127192.40
8010252012204023403733404043297 27  9 27 22 18 27 27 32 241.15118182.90
80102620122140304030171713 3190 27 15 27 15  6  6  5  2 130.73119180.20
801027201222 3 710 7 7 713 3 57  2  3  4  3  3  3  5  2  30.10134177.20
801028201223 0 0 3 3 3 3 7 7 27  0  0  2  2  2  2  3  3  20.00136178.10
801029201224 7 0 7 3 71013 7 53  3  0  3  2  3  4  5  3  30.10173186.40
80103020122520302713 3302033177  7 15 12  5  2 15  7 18 100.63184201.70
8010312012263333403353504040323 18 18 27 18 56 48 27 27 301.36178211.50
8011012012273033373733371717240 15 18 22 22 18 22  6  6 160.94188226.10
8011022013 11730172727372713193  6 15  6 12 12 22 12  5 110.63218234.20
8011032013 2 713171720131310110  3  5  6  6  7  5  5  4  50.21204241.50
8011042013 3 730274723202310187  3 15 12 39  9  7  9  4 120.73217249.90
8011052013 42013131317 71310107  7  5  5  5  6  3  5  4  50.21201263.20
8011062013 5 317131717202023130  2  6  5  6  6  7  7  9  60.31196273.90
8011072013 62720101013101020120 12  7  4  4  5  4  4  7  60.31175272.60
8011082013 72013101323132013127  7  5  4  5  9  5  7  5  60.31201266.30
8011092013 81320103027301713160  5  7  4 15 12 15  6  5  90.52158255.30
8011102013 92333303737171327217  9 18 15 22 22  6  5 12 140.84158257.20
8011112013103333404030334740297 18 18 27 27 15 18 39 27 241.15144255.90
8011122013114027273023131720197 27 12 12 15  9  5  6  7 120.73120233.30
80111320131227 7131310102320123 12  3  5  5  4  4  9  7  60.31103226.80
8011142013131713103033302717177  6  5  4 15 18 15 12  6 100.63108218.70
8011152013143740473733332737290 22 27 39 22 18 18 12 22 221.15105205.20
8011162013153333303333302330247 18 18 15 18 18 15  9 15 160.94112191.00
8011172013162710272323203033193 12  4 12  9  9  7 15 18 110.63109181.60
8011182013173027273733372733250 15 12 12 22 18 22 12 18 160.94113174.80
8011192013183333233337373030257 18 18  9 18 22 22 15 15 170.94125172.40
8011202013192330372733404023253  9 15 22 12 18 27 27  9 170.94112161.60
8011212013202040372713172033207  7 27 22 12  5  6  7 18 130.73107161.70
8011222013212723232017171320160 12  9  9  7  6  6  5  7  80.42119171.40
801123201322232717 7 3273727167  9 12  6  3  2 12 22 12 100.52112167.10
8011242013233033302017202333207 15 18 15  7  6  7  9 18 120.73128175.00
8011252013243033332333303333250 15 18 18  9 18 15 18 18 160.94127176.40
8011262013254043374043272720277 27 32 22 27 32 12 12  7 211.15140189.60
8011272013264030373030373730270 27 15 22 15 15 22 22 15 191.05168185.30
8011282013274737404337272333287 39 22 27 32 22 12  9 18 231.15167191.40
8011292014 13033403030203033247 15 18 27 15 15  7 15 18 160.94148206.00
8011302014 24733272723404347287 39 18 12 12  9 27 32 39 241.15153216.30
8012012014 35050332027131713223 48 48 18  7 12  5  6  5 191.05171223.00
8012022014 41310 72023172330143  5  4  3  7  9  6  9 15  70.42176213.20
8012032014 53337373730404033287 18 22 22 22 15 27 27 18 211.15152198.00
8012042014 6233723202010 717157  9 22  9  7  7  4  3  6  80.52146199.50
8012052014 71717 3 3 310 310 67  6  6  2  2  2  4  2  4  40.10131186.40
8012062014 8 710 7 7 71313 3 67  3  4  3  3  3  5  5  2  40.10126170.90
8012072014 91713172013 71720123  6  5  6  7  5  3  6  7  60.31108176.50
80120820141023302310 7172330163  9 15  9  4  3  6  9 15  90.52124169.30
8012092014112020272017302033187  7  7 12  7  6 15  7 18 100.63117175.10
8012102014123337232320132017187 18 22  9  9  7  5  7  6 100.63145180.40
8012112014131717133330334343230  6  6  5 18 15 18 32 32 160.94148203.60
8012122014144737272313133330223 39 22 12  9  5  5 18 15 160.94178240.50
801213201415 71313272013 713113  3  5  5 12  7  5  3  5  60.31185244.20
80121420141610 3 32723302723147  4  2  2 12  9 15 12  9  80.42213253.10
8012152014172733232720232023197 12 18  9 12  7  9  7  9 100.63217266.10
8012162014183027233337433313240 15 12  9 18 22 32 18  5 160.94237273.10
801217201419131710 3 72023 7100  5  6  4  2  3  7  9  3  50.21198254.80
8012182014201317403323403027223  5  6 27 18  9 27 15 12 150.84183255.10
8012192014213350473773777047433 18 48 39 22154179132 39 791.87166238.50
8012202014224037402730334330280 27 22 27 12 15 18 32 15 211.15171235.80
8012212014234047473327304340307 27 39 39 18 12 15 32 27 261.26170224.70
8012222014243030332720202017197 15 15 18 12  7  7  7  6 110.63178231.00
8012232014251317102313101710113  5  6  4  9  5  4  6  4  50.21177226.10
801224201426 7 3 3 7 7 7 7 3 43  3  2  2  3  3  3  3  2  30.00191223.60
801225201427102317172313 733143  4  9  6  6  9  5  3 18  80.42200220.70
8012262015 1202013172317 3 7120  7  7  5  6  9  6  2  3  60.31208220.10
8012272015 2 727333727131713173  3 12 18 22 12  5  6  5 100.63206268.60
8012282015 3 7 7131020 710 3 77  3  3  5  4  7  3  4  2  40.10206231.50
8012292015 4 720131730232330163  3  7  5  6 15  9  9 15  90.52208217.20
8012302015 53027403727 71017193 15 12 27 22 12  3  4  6 130.73187209.90
8012312015 63733271317333733230 22 18 12  5  6 18 22 18 150.94182199.00
