8201012028212017171723401710160  7  6  6  6  9 27  6  4  90.52 92179.80
8201022028221717171720333023173  6  6  6  6  7 18 15  9  90.52 94177.10
8201032028233030232720434740260 15 15  9 12  7 32 39 27 201.05112176.10
8201042028244023132023302330203 27  9  5  7  9 15  9 15 120.73109170.40
82010520282523171720 7 3 7 0 93  9  6  6  7  3  2  3  0  40.21112165.40
8201062028262327332320203017193  9 12 18  9  7  7 15  6 100.63 86166.80
8201072028272327272030303027213  9 12 12  7 15 15 15 12 120.73 94166.90
8201082029 13327201713232717177 18 12  7  6  5  9 12  6  90.52 97156.90
8201092029 21717 310 7 7 713 80  6  6  2  4  3  3  3  5  40.10 98164.40
8201102029 313 3 3 3 0 31723 67  5  2  2  2  0  2  6  9  40.10 85145.70
8201112029 4232710 7101017 0103  9 12  4  3  4  4  6  0  50.21 46136.40
8201122029 52013 3 7 0 0 0 7 50  7  5  2  3  0  0  0  3  20.00 52132.40
8201132029 6 0131310 713 7 7 70  0  5  5  4  3  5  3  3  40.10 51127.50
8201142029 7 0 0 313 7 7 717 53  0  0  2  5  3  3  3  6  30.00 58130.60
8201152029 82340202323232727207  9 27  7  9  9  9 12 12 120.73 81136.40
8201162029 91320372333334337240  5  7 22  9 18 18 32 22 170.94 76146.70
8201172029103727202723231310180 22 12  7 12  9  9  5  4 100.63111152.50
8201182029111723131310174347183  6  9  5  5  4  6 32 39 130.84139167.60
82011920291220 3 0 713 7 7 7 63  7  2  0  3  5  3  3  3  30.10143169.40
82012020291323231710 7 72017123  9  9  6  4  3  3  7  6  60.31134167.10
8201212029141023273330403027220  4  9 12 18 15 27 15 12 140.84134163.40
8201222029153747404033403743317 22 39 27 27 18 27 22 32 271.26121152.90
8201232029163743303340304037290 22 32 15 18 27 15 27 22 221.15 93148.00
8201242029173737333337333340283 22 22 18 18 22 18 18 27 211.15 70149.20
8201252029182727231727201320173 12 12  9  6 12  7  5  7  90.52 82169.40
8201262029191710 71017103030130  6  4  3  4  6  4 15 15  70.42119182.80
8201272029202730232333201740213 12 15  9  9 18  7  6 27 130.73125197.20
8201282029213043374330271317240 15 32 22 32 15 12  5  6 170.94168234.80
820129202922 717101020374027167  3  6  4  4  7 22 27 12 110.63216267.10
8201302029235353404033302317290 56 56 27 27 18 15  9  6 271.26211284.70
8201312029243347375057474027337 18 39 22 48 67 39 27 12 341.36237289.00
8202012029252030235060476050340  7 15  9 48 80 39 80 48 411.57258284.80
8202022029265060706057502727400 48 80132 80 67 48 12 12 601.77241279.90
8202032029273747504347434047353 22 39 48 32 39 32 27 39 351.46232273.10
8202042030 15353475053434757403 56 56 39 48 56 32 39 67 491.67221252.80
8202052030 26060303730473340337 80 80 15 22 15 39 18 27 371.46219245.30
8202062030 33340504737535350363 18 27 48 39 22 56 56 48 391.46230245.40
8202072030 45350373720273340297 56 48 22 22  7 12 18 27 261.26226239.90
8202082030 54033233727274033260 27 18  9 22 12 12 27 18 181.05232245.20
8202092030 63737303033232327240 22 22 15 15 18  9  9 12 150.94211231.80
8202102030 73030235353574343333 15 15  9 56 56 67 32 32 351.46181213.70
8202112030 84353403050574360377 32 56 27 15 48 67 32 80 451.57158211.10
8202122030 96037174353335353350 80 22  6 32 56 18 56 56 411.57156204.10
8202132030105343534750505363413 56 32 56 39 48 48 56 94 541.67162194.90
8202142030114057574043405343373 27 67 67 27 32 27 56 32 421.57142185.30
820215203012373343404030 7 7237 22 18 32 27 27 15  3  3 181.05134180.40
82021620301317231020231717 7133  6  9  4  7  9  6  6  3  60.31111170.60
820217203014 323405047474747303  2  9 27 48 39 39 39 39 301.36120162.60
8202182030153740503743374753343 22 27 48 22 32 22 39 56 341.36103165.70
8202192030164357503747404337353 32 67 48 22 39 27 32 22 361.46107171.00
8202202030173330474037334047307 18 15 39 27 22 18 27 39 261.26119171.30
8202212030183017275347203333260 15  6 12 56 39  7 18 18 211.15120165.30
8202222030193347274053506763380 18 39 12 27 56 48111 94 511.67100163.90
8202232030206030203330474043303 80 15  7 18 15 39 27 32 291.36 97173.10
8202242030215043333037272347290 48 32 18 15 22 12  9 39 241.26120186.10
8202252030224363535047374327363 32 94 56 48 39 22 32 12 421.57128184.20
8202262030234357505033305057370 32 67 48 48 18 15 48 67 431.57136204.20
8202272030243027233730202023210 15 12  9 22 15  7  7  9 120.73154222.10
82022820302520 7172017274320170  7  3  6  7  6 12 32  7 100.63163224.10
8203012030262323334763704780387  9  9 18 39 94132 39207 681.77168231.30
8203022030278077677360534740497207179111154 80 56 39 271071.98174228.20
8203032031 13327233730272720223 18 12  9 22 15 12 12  7 130.84175230.10
8203042031 22010274033272023200  7  4 12 27 18 12  7  9 120.73177238.20
8203052031 3374747301710 7 7200 22 39 39 15  6  4  3  3 160.94163245.40
8203062031 410 3 3 3 7 7 310 47  4  2  2  2  3  3  2  4  30.00165229.90
8203072031 5 7 7 0 3 3 7 317 47  3  3  0  2  2  3  2  6  30.00146228.30
8203082031 62717131320202743180 12  6  5  5  7  7 12 32 110.63140207.00
8203092031 74723233030403340267 39  9  9 15 15 27 18 27 201.05116192.20
8203102031 84340333323271020230 32 27 18 18  9 12  4  7 160.94122178.90
8203112031 91733371017272313177  6 18 22  4  6 12  9  5 100.63119178.20
820312203110101310 713333027143  4  5  4  3  5 18 15 12  80.42135181.10
8203132031114737232020102020197 39 22  9  7  7  4  7  7 130.73155185.60
8203142031123020131727273720190 15  7  5  6 12 12 22  7 110.63153201.20
820315203113332717 7 710 713120 18 12  6  3  3  4  3  5  70.31140207.70
8203162031141320 7 710131013 93  5  7  3  3  4  5  4  5  40.21156227.70
820317203115 7 7172037403340200  3  3  6  7 22 27 18 27 140.84180230.50
8203182031164037373733333327277 27 22 22 22 18 18 18 12 201.05168226.80
8203192031173730302020101020177 22 15 15  7  7  4  4  7 100.63167219.60
820320203118 723402730272327203  3  9 27 12 15 12  9 12 120.73160217.00
8203212031191333433330434740283  5 18 32 18 15 32 39 27 231.15153212.30
8203222031206063503333402723330 80 94 48 18 18 27 12  9 381.46146213.70
820323203121232320233017 310150  9  9  7  9 15  6  2  4  80.42144202.30
8203242031221320203023373327203  5  7  7 15  9 22 18 12 120.73122189.00
8203252031233733333740373330280 22 18 18 22 27 22 18 15 201.05152189.90
8203262031242723172717332033197 12  9  6 12  6 18  7 18 110.63147192.70
82032720312537272323231010 7160 22 12  9  9  9  4  4  3  90.52182195.40
82032820312613332010 7 3 313103  5 18  7  4  3  2  2  5  60.31179200.50
8203292031271737432313172330203  6 22 32  9  5  6  9 15 130.73169198.00
8203302032 13037202740302027230 15 22  7 12 27 15  7 12 150.84162194.50
8203312032 23740303030403337277 22 27 15 15 15 27 18 22 201.05132184.20
8204012032 32313202340204753240  9  5  7  9 27  7 39 56 201.05145172.20
8204022032 45053403047574750373 48 56 27 15 39 67 39 48 421.57115172.10
8204032032 54360604347504347393 32 80 80 32 39 48 32 39 481.67151169.90
8204042032 65040403327273333283 48 27 27 18 12 12 18 18 221.15137158.10
8204052032 73340374020303743280 18 27 22 27  7 15 22 32 211.15112159.90
8204062032 83037403330372730263 15 22 27 18 15 22 12 15 181.05117165.20
8204072032 92017131713131010113  7  6  5  6  5  5  4  4  50.21130164.10
8204082032101023272330233037203  4  9 12  9 15  9 15 22 120.73131162.10
8204092032113323131327232723183 18  9  5  5 12  9 12  9 100.63132167.40
8204102032123333374360636370403 18 18 22 32 80 94 94132 611.77138177.10
8204112032135753535347474737393 67 56 56 56 39 39 39 22 471.57152178.60
8204122032142033233047272717223  7 18  9 15 39 12 12  6 150.84142177.50
8204132032153340271717 7 327170 18 27 12  6  6  3  2 12 110.63133170.90
820414203216 710201317201320120  3  4  7  5  6  7  5  7  60.21136158.00
8204152032171313272723272030180  5  5 12 12  9 12  7 15 100.52127152.10
82041620321820232013 7403727187  7  9  7  5  3 27 22 12 120.73122148.30
8204172032193323504033302320253 18  9 48 27 18 15  9  7 191.05108145.90
8204182032201010231337333030187  4  4  9  5 22 18 15 15 120.73 91146.90
8204192032211317131323302030160  5  6  5  5  9 15  7 15  80.52 87145.10
8204202032223340433730232040267 18 27 32 22 15  9  7 27 201.05 93144.20
8204212032234327404050435043337 32 12 27 27 48 32 48 32 321.36 91145.30
8204222032244753271717271710213 39 56 12  6  6 12  6  4 181.05109156.90
8204232032251713203027302020177  6  5  7 15 12 15  7  7  90.52138175.30
8204242032263023131327235327210 15  9  5  5 12  9 56 12 150.94145181.00
8204252032274360676353402720373 32 80111 94 56 27 12  7 521.67149182.60
8204262033 11010132320202327147  4  4  5  9  7  7  9 12  70.42150178.30
8204272033 2 323331730505347257  2  9 18  6 15 48 56 39 241.26126167.20
8204282033 34740302733303340280 39 27 15 12 18 15 18 27 211.15 90161.00
8204292033 43737333340475350330 22 22 18 18 27 39 56 48 311.36 85155.50
8204302033 55043473737473337330 48 32 39 22 22 39 18 22 301.36 79149.80
8205012033 64333403333473020280 32 18 27 18 18 39 15  7 221.15 63151.60
8205022033 74343303743405340330 32 32 15 22 32 27 56 27 301.36 57147.40
8205032033 84350504357534747390 32 48 48 32 67 56 39 39 451.57 46147.60
8205042033 93327275040371717247 18 12 12 48 27 22  6  6 191.05 58144.70
8205052033102333333030303010220  9 18 18 15 15 15 15  4 140.84 63148.60
8205062033112320171713201317140  9  7  6  6  5  7  5  6  60.31 64153.00
8205072033121713 31317 3 710 83  6  5  2  5  6  2  3  4  40.10 69150.90
82050820331323131310 710 717100  9  5  5  4  3  4  3  6  50.21 89150.80
8205092033142730201320101713150 12 15  7  5  7  4  6  5  80.42 47139.90
820510203315201710 317101317107  7  6  4  2  6  4  5  6  50.21 53130.60
8205112033163023171723232723183 15  9  6  6  9  9 12  9  90.52 58132.30
82051220331717202023102017 7133  6  7  7  9  4  7  6  3  60.31 75132.30
820513203318171717 710232320133  6  6  6  3  4  9  9  7  60.31 78129.80
8205142033191720102730231017153  6  7  4 12 15  9  4  6  80.42 58132.20
8205152033203730273037474017263 22 15 12 15 22 39 27  6 201.05 52132.20
8205162033212020303020232323190  7  7 15 15  7  9  9  9 100.52 69139.00
8205172033222030172333332723207  7 15  6  9 18 18 12  9 120.73 76142.20
8205182033233330275333232737263 18 15 12 56 18  9 12 22 201.05 89146.80
8205192033243330272323232030210 18 15 12  9  9  9  7 15 120.73110155.80
8205202033252323232720231317170  9  9  9 12  7  9  5  6  80.42112155.70
8205212033261017302330171320160  4  6 15  9 15  6  5  7  80.52 98165.40
82052220332710131013 7 7 310 73  4  5  4  5  3  3  2  4  40.10121158.80
8205232034 117 7 3 0 3 7 7 0 43  6  3  2  0  2  3  3  0  20.00107155.70
8205242034 2 71013 7171310 7 83  3  4  5  3  6  5  4  3  40.10110144.70
8205252034 31017101320272333153  4  6  4  5  7 12  9 18  80.42 88145.70
8205262034 42727202340505043280 12 12  7  9 27 48 48 32 241.26117157.90
8205272034 53347534763605053407 18 39 56 39 94 80 48 56 541.67130171.50
8205282034 64753505060534760420 39 56 48 48 80 56 39 80 561.67119171.30
8205292034 74343504343375043353 32 32 48 32 32 22 48 32 351.46112170.80
8205302034 84037434743434057350 27 22 32 39 32 32 27 67 351.46 77142.80
8205312034 94340474337474340340 32 27 39 32 22 39 32 27 311.36 82136.70
8206012034104033302020334343263 27 18 15  7  7 18 32 32 201.05 70134.10
8206022034115043332020133023233 48 32 18  7  7  5 15  9 181.05 83135.10
8206032034122727232320171327177 12 12  9  9  7  6  5 12  90.52 94141.50
8206042034132720 71020131027133 12  7  3  4  7  5  4 12  70.31104158.20
8206052034141717132013171317127  6  6  5  7  5  6  5  6  60.31111156.50
8206062034154030402727231720223 27 15 27 12 12  9  6  7 140.84108149.50
8206072034163027374027231717217 15 12 22 27 12  9  6  6 140.84115158.60
8206082034171313102023332730170  5  5  4  7  9 18 12 15  90.52127167.30
8206092034185037272733131317217 48 22 12 12 18  5  5  6 160.94142177.40
8206102034193763575360572330380 22 94 67 56 80 67  9 15 511.67147196.00
8206112034203747433027434757330 22 39 32 15 12 32 39 67 321.36138224.30
8206122034215733272060676360387 67 18 12  7 80111 94 80 591.77144238.30
8206132034225043505063536360433 48 32 48 48 94 56 94 80 621.77139240.10
8206142034232740434033474323297 12 27 32 27 18 39 32  9 241.26137240.70
8206152034243330472737533737300 18 15 39 12 22 56 22 22 261.26125235.80
8206162034253317202033272320193 18  6  7  7 18 12  9  7 100.63128210.70
820617203426132327232310 7 0127  5  9 12  9  9  4  3  0  60.31136206.00
820618203427 727271013132313133  3 12 12  4  5  5  9  5  70.31134200.60
8206192035 11717333043474050277  6  6 18 15 32 39 27 48 241.26134207.50
8206202035 24027373030373327260 27 12 22 15 15 22 18 12 181.05139207.10
8206212035 3202030273017 323170  7  7 15 12 15  6  2  9  90.52143210.70
8206222035 41717202043374350247  6  6  7  7 32 22 32 48 201.05146197.20
8206232035 54347432330202030257 32 39 32  9 15  7  7 15 201.05116187.30
8206242035 62020302727134060237  7  7 15 12 12  5 27 80 211.15112168.20
8206252035 7433743402313 713220 32 22 32 27  9  5  3  5 170.94 92159.10
8206262035 81323201730334047223  5  9  7  6 15 18 27 39 160.94 94142.20
8206272035 95340403033235053323 56 27 27 15 18  9 48 56 321.36 49127.50
8206282035104043334330433347313 27 32 18 32 15 32 18 39 271.26 36123.10
8206292035114323234023403040263 32  9  9 27  9 27 15 27 191.05 32111.60
8206302035124367504327233750340 32111 48 32 12  9 22 48 391.46 38108.40
8207012035134330333330203733260 32 15 18 18 15  7 22 18 181.05 50106.50
8207022035142730301720202723193 12 15 15  6  7  7 12  9 100.63 41106.90
82070320351523201317131710 7120  9  7  5  6  5  6  4  3  60.31 33109.40
8207042035161010 3 7 3 3 0 3 40  4  4  2  3  2  2  0  2  20.00 42111.40
820705203517 3 3 7 323131010 73  2  2  3  2  9  5  4  4  40.10 39114.00
8207062035183013132723473730220 15  5  5 12  9 39 22 15 150.94 32121.20
8207072035194040332737403720273 27 27 18 12 22 27 22  7 201.05 33128.20
8207082035202033303323372737240  7 18 15 18  9 22 12 22 150.94 42150.30
8207092035213727272017172020183 22 12 12  7  6  6  7  7 100.63 61176.50
8207102035223030201727172713180 15 15  7  6 12  6 12  5 100.52110203.40
8207112035232023205063574340317  7  9  7 48 94 67 32 27 361.46146226.30
8207122035242727175067675043347 12 12  6 48111111 48 32 481.67187239.70
8207132035254757504343838790500 39 67 48 32 322363004001442.09219252.70
8207142035269077677060706760560400179111132 80132111 801532.09222269.30
8207152035275047405043434343360 48 39 27 48 32 32 32 32 361.46246274.00
8207162036 13333436030603770367 18 18 32 80 15 80 22132 501.67263269.40
8207172036 26033304330131337260 80 18 15 32 15  5  5 22 241.26272273.30
8207182036 34327374050373323290 32 12 22 27 48 22 18  9 241.15270247.20
8207192036 44027334057402743307 27 12 18 27 67 27 12 32 281.26234234.60
8207202036 55053503320101317247 48 56 48 18  7  4  5  6 241.26192196.40
8207212036 61717201327333333193  6  6  7  5 12 18 18 18 110.63138173.80
8207222036 73717231747402717223 22  6  9  6 39 27 12  6 160.94 99149.60
8207232036 83020172737272723207 15  7  6 12 22 12 12  9 120.73 74128.50
8207242036 93750474347676040390 22 48 39 32 39111 80 27 501.67 27117.70
8207252036103750402733273337283 22 48 27 12 18 12 18 22 221.15 25108.10
8207262036114740334037433740317 39 27 18 27 22 32 22 27 271.26 29102.00
8207272036123750532727373040300 22 48 56 12 12 22 15 27 271.26 22097.90
8207282036133730374030374327280 22 15 22 27 15 22 32 12 211.15 19096.40
8207292036144320403347403023277 32  7 27 18 39 27 15  9 221.15 23097.50
8207302036152717373333533740277 12  6 22 18 18 56 22 27 231.15 38112.30
8207312036163347534030302330287 18 39 56 27 15 15  9 15 241.26 60114.50
8208012036172327172030233333207  9 12  6  7 15  9 18 18 120.73 55123.40
8208022036184337275053606363397 32 22 12 48 56 80 94 94 551.67 68138.20
8208032036194040374043404033313 27 27 22 27 32 27 27 18 261.26 68153.40
8208042036202723233030334030237 12  9  9 15 15 18 27 15 150.84 81167.30
8208052036212727432733403330260 12 12 32 12 18 27 18 15 181.05 97180.90
8208062036223323204340305347290 18  9  7 32 27 15 56 39 251.26128201.10
8208072036236077736770773310467 80179154111132179 18  41071.98144219.60
8208082036241310171720202017133  5  4  6  6  7  7  7  6  60.31150217.50
8208092036252017374013435047267  7  6 22 27  5 32 48 39 231.15161212.40
8208102036264337473737433737317 32 22 39 22 22 32 22 22 271.26155209.60
8208112036273727234047535020297 22 12  9 27 39 56 48  7 281.26157205.00
8208122037 12730334353332730277 12 15 18 32 56 18 12 15 221.15138195.20
8208132037 22327302327171727190  9 12 15  9 12  6  6 12 100.63113183.00
8208142037 32317131313232317143  9  6  5  5  5  9  9  6  70.31100176.80
8208152037 417 7 0 3 7 7 717 63  6  3  0  2  3  3  3  6  30.10100172.90
8208162037 5 713 7 713232030120  3  5  3  3  5  9  7 15  60.31 86161.50
8208172037 62733301320104047220 12 18 15  5  7  4 27 39 160.94 93165.10
8208182037 73333301730303340247 18 18 15  6 15 15 18 27 160.94105166.30
8208192037 82323202317203327187  9  9  7  9  6  7 18 12 100.52 97159.20
8208202037 93020102033233033200 15  7  4  7 18  9 15 18 120.73 77144.60
8208212037104040232727302320230 27 27  9 12 12 15  9  7 150.84 79138.70
8208222037113323233340435043290 18  9  9 18 27 32 48 32 241.26 90138.80
8208232037123023302733373340253 15  9 15 12 18 22 18 27 170.94 71141.30
8208242037134037372737303320260 27 22 22 12 22 15 18  7 181.05 79142.90
8208252037143033403330302747270 15 18 27 18 15 15 12 39 201.05101158.40
8208262037153330333050273037270 18 15 18 15 48 12 15 22 201.05 98166.40
8208272037163327232727232323207 18 12  9 12 12  9  9  9 110.63115180.30
82082820371717 7102013273747177  6  3  4  7  5 12 22 39 120.73132181.40
8208292037183743574757433737357 22 32 67 39 67 32 22 22 381.46134183.30
8208302037193043503740404037317 15 32 48 22 27 27 27 22 281.26144174.50
8208312037203030371737273033240 15 15 22  6 22 12 15 18 160.94120174.90
8209012037212720172727272017180 12  7  6 12 12 12  7  6  90.52115184.30
8209022037222723272327273030213 12  9 12  9 12 12 15 15 120.73124168.60
8209032037232737404743273027277 12 22 27 39 32 12 15 12 211.15146171.00
8209042037243037404750434050337 15 22 27 39 48 32 27 48 321.36176188.10
8209052037253743504047402367347 22 32 48 27 39 27  9111 391.46160179.50
8209062037268083838387737063623207236236236300154132 941992.19141172.10
8209072037277063506757607337477132 94 48111 67 80154 22 881.87117176.90
8209082038 11730233017233037207  6 15  9 15  6  9 15 22 120.73115178.50
8209092038 26743505343505333393111 32 48 56 32 48 56 18 501.67 94179.20
8209102038 33330131313332320180 18 15  5  5  5 18  9  7 100.63 81165.50
8209112038 42727203033332330223 12 12  7 15 18 18  9 15 130.84 86158.40
8209122038 53333202013173740213 18 18  7  7  5  6 22 27 140.84 78152.40
8209132038 64333173327301330227 32 18  6 18 12 15  5 15 150.94 81151.20
8209142038 71740201323274327210  6 27  7  5  9 12 32 12 140.84104147.20
8209152038 81033302027272733207  4 18 15  7 12 12 12 18 120.73129149.00
8209162038 92720232330273030210 12  7  9  9 15 12 15 15 120.73133147.20
8209172038101720304017272013183  6  7 15 27  6 12  7  5 110.63127147.00
8209182038114343333040375347327 32 32 18 15 27 22 56 39 301.36107143.20
8209192038123340334043474340320 18 27 18 27 32 39 32 27 281.26117142.60
8209202038132733474040372347293 12 18 39 27 27 22  9 39 241.26104146.90
8209212038145067605757474773457 48111 80 67 67 39 39154 761.87102145.30
8209222038157783807767604353540179236207179111 80 32 561351.98 95146.20
8209232038164050434030333733307 27 48 32 27 15 18 22 18 261.26 97152.50
8209242038173340473740372027280 18 27 39 22 27 22  7 12 221.15109165.40
8209252038182020132023374330207  7  7  5  7  9 22 32 15 130.73118170.40
8209262038192337435773737360440  9 22 32 67154154154 80 841.87138187.30
8209272038206747434037534037363111 39 32 27 22 56 27 22 421.57133191.40
8209282038214340232013171733207 32 27  9  7  5  6  6 18 140.84132196.80
8209292038222023302723132310170  7  9 15 12  9  5  9  4  90.52144204.60
820930203823 713272733273033197  3  5 12 12 18 12 15 18 120.73160202.30
8210012038242030303033434760293  7 15 15 15 18 32 39 80 281.26132205.20
8210022038255037404043303023293 48 22 27 27 32 15 15  9 241.26164209.50
8210032038263027301713131727173 15 12 15  6  5  5  6 12 100.52143197.00
8210042038271727373027201710183  6 12 22 15 12  7  6  4 100.63120182.30
8210052039 13037232310 71317160 15 22  9  9  4  3  5  6  90.52109163.80
8210062039 23033303033304340270 15 18 15 15 18 15 32 27 191.05 55152.00
8210072039 35357534040432320330 56 67 56 27 27 32  9  7 351.46 54140.10
8210082039 43743372330334037280 22 32 22  9 15 18 27 22 211.15 55136.90
8210092039 517171010 717 727110  6  6  4  4  3  6  3 12  60.21 54137.40
8210102039 63320133727273043230 18  7  5 22 12 12 15 32 150.94 88134.80
8210112039 73327272730203727227 18 12 12 12 15  7 22 12 140.84 87137.40
8210122039 82723233017234340227 12  9  9 15  6  9 32 27 150.84 92136.30
8210132039 93743273033574060327 22 32 12 15 18 67 27 80 341.36 98143.90
8210142039105750434040333023317 67 48 32 27 27 18 15  9 301.36 88140.30
8210152039112023172327132717167  7  9  6  9 12  5 12  6  80.42 71134.10
8210162039122020272733373037230  7  7 12 12 18 22 15 22 140.84 65129.90
8210172039134043303733273340283 27 32 15 22 18 12 18 27 211.15 54130.10
8210182039144040373340433330297 27 27 22 18 27 32 18 15 231.15 33132.90
8210192039153027332030303743250 15 12 18  7 15 15 22 32 170.94 56136.70
8210202039163733403330201013217 22 18 27 18 15  7  4  5 140.84 70146.20
8210212039173027271713273317190 15 12 12  6  5 12 18  6 110.63 95161.40
821022203918373010 317131010130 22 15  4  2  6  5  4  4  80.42100168.20
821023203919 3 7171317172313110  2  3  6  5  6  6  9  5  50.21128177.20
821024203920 710 71310202010 97  3  4  3  5  4  7  7  4  50.21145190.90
8210252039211740302037273033233  6 27 15  7 22 12 15 18 150.94142196.90
8210262039225347435340371717307 56 39 32 56 27 22  6  6 301.36135193.50
8210272039232027333733333333250  7 12 18 22 18 18 18 18 160.94131187.80
8210282039242010203027133033183  7  4  7 15 12  5 15 18 100.63103181.40
8210292039253753534347403343350 22 56 56 32 39 27 18 32 351.46101170.90
8210302039264340403740433740320 32 27 27 22 27 32 22 27 271.26 96166.70
821031203927374333 743406350317 22 32 18  3 32 27 94 48 341.46 73165.10
8211012040 16037373743505030343 80 22 22 22 32 48 48 15 361.46 80159.50
8211022040 23327303740575050323 18 12 15 22 27 67 48 48 321.36 88154.50
8211032040 3474743433710 0 0227 39 39 32 32 22  4  0  0 211.15 75147.40
8211042040 4 310232023272717150  2  4  9  7  9 12 12  6  80.42100143.50
8211052040 52713132327233010167 12  5  5  9 12  9 15  4  90.52100136.40
8211062040 623274030202713 7187  9 12 27 15  7 12  5  3 110.63 76142.10
8211072040 7131310 7 7 31010 73  5  5  4  3  3  2  4  4  40.10 98142.30
8211082040 81310171723404323187  5  4  6  6  9 27 32  9 120.73 86144.80
8211092040 92727231717131717157 12 12  9  6  6  5  6  6  80.42102147.50
8211102040102720172730233030203 12  7  6 12 15  9 15 15 110.73109152.90
8211112040114340273733332737277 32 27 12 22 18 18 12 22 201.05112154.00
8211122040124027233733273027243 27 12  9 22 18 12 15 12 160.94 83164.90
8211132040134337204020274020247 32 22  7 27  7 12 27  7 181.05 98161.30
8211142040142320273333302027213  9  7 12 18 18 15  7 12 120.73116159.40
8211152040152023103727333030210  7  9  4 22 12 18 15 15 130.73116157.00
8211162040162323272710 31730160  9  9 12 12  4  2  6 15  90.52100163.30
82111720401713 7 7 3 7172727107  5  3  3  2  3  6 12 12  60.31108158.00
8211182040182333232333331727213  9 18  9  9 18 18  6 12 120.73117170.20
8211192040193027 71020233033180 15 12  3  4  7  9 15 18 100.63122182.40
82112020402013 7 31313 72730113  5  3  2  5  5  3 12 15  60.31118189.30
8211212040213743373333334347307 22 32 22 18 18 18 32 39 251.26131200.80
82112220402263604730101313 3240 94 80 39 15  4  5  5  2 301.36141231.10
821123204023 0 7133333636353267  0  3  5 18 18 94 94 56 361.46120196.00
8211242040243327305773707367430 18 12 15 67154132154111 831.87 96173.00
8211252040256753575753433733400111 56 67 67 56 32 22 18 541.67 75164.80
8211262040263040434040432047303 15 27 32 27 27 32  7 39 261.26 73168.80
8211272040272033333737333723253  7 18 18 22 22 18 22  9 170.94 71158.70
8211282041 16037303730334037303 80 22 15 22 15 18 27 22 281.26 74160.30
8211292041 23327203340536047313 18 12  7 18 27 56 80 39 321.36 82161.40
8211302041 3403330173723 7 7193 27 18 15  6 22  9  3  3 130.73 76164.80
8212012041 4 3 013 3 3 0 7 3 33  2  0  5  2  2  0  3  2  20.00 88167.80
8212022041 5 3 3 0102013 713 70  2  2  0  4  7  5  3  5  40.10125166.30
8212032041 61713202027302030177  6  5  7  7 12 15  7 15  90.52132181.70
8212042041 7333313 7 7132747180 18 18  5  3  3  5 12 39 130.73137194.50
8212052041 8404030 7101017 7160 27 27 15  3  4  4  6  3 110.63137195.90
8212062041 91313 7 7 7 7 3 7 63  5  5  3  3  3  3  2  3  30.10174210.30
821207204110 333332347406340283  2 18 18  9 39 27 94 27 291.36175244.40
8212082041114337374343404723313 32 22 22 32 32 27 39  9 271.26184241.80
8212092041122030273353332720243  7 15 12 18 56 18 12  7 181.05152258.60
8212102041132327636053534737363  9 12 94 80 56 56 39 22 461.57166273.50
8212112041143743172323404040263 22 32  6  9  9 27 27 27 201.05171259.40
8212122041153323204037302020223 18  9  7 27 22 15  7  7 140.84194251.10
82121320411613201317 7172027133  5  7  5  6  3  6  7 12  60.31172239.00
8212142041171320101710 32740140  5  7  4  6  4  2 12 27  80.52160235.50
821215204118303033372017 7 3177 15 15 18 22  7  6  3  2 110.63166221.80
8212162041191013232727333043207  4  5  9 12 12 18 15 32 130.84140213.30
8212172041204350736057435043420 32 48154 80 67 32 48 32 621.77118200.50
8212182041214740506050474327363 39 27 48 80 48 39 32 12 411.57102186.60
8212192041224040505747272747333 27 27 48 67 39 12 12 39 341.36 79176.80
8212202041234343475060505343390 32 32 39 48 80 48 56 32 461.57 63159.20
8212212041243340474340534753357 18 27 39 32 27 56 39 56 371.46 87149.30
8212222041256767302347432027323111111 15  9 39 32  7 12 421.57 88150.10
8212232041262320335047474037297  9  7 18 48 39 39 27 22 261.26 96157.10
8212242041274727333333333323263 39 12 18 18 18 18 18  9 191.05100166.90
8212252042 13027332333372313220 15 12 18  9 18 22  9  5 140.84122170.60
8212262042 227302323272013 7170 12 15  9  9 12  7  5  3  90.52116168.80
8212272042 32720473333272340250 12  7 39 18 18 12  9 27 181.05126166.20
8212282042 43337333337304337283 18 22 18 18 22 15 32 22 211.15120157.00
8212292042 53740373333303730277 22 27 22 18 18 15 22 15 201.05 98147.30
8212302042 63740333320233020237 22 27 18 18  7  9 15  7 150.94 79142.50
8212312042 73323101713101017133 18  9  4  6  5  4  4  6  70.42 69134.40
