8301012042 82337271717272727200  9 22 12  6  6 12 12 12 110.73 60131.40
8301022042 91723171727171717150  6  9  6  6 12  6  6  6  70.42 65131.40
8301032042101713273340232013187  6  5 12 18 27  9  7  5 110.63 55136.10
8301042042111713172333202727177  6  5  6  9 18  7 12 12  90.52 63138.20
83010520421210 317233020 7 7117  4  2  6  9 15  7  3  3  60.31 82154.60
830106204213 7 310 3 7131010 63  3  2  4  2  3  5  4  4  30.10103161.60
8301072042141710 7101310 7 7 80  6  4  3  4  5  4  3  3  40.10109163.30
8301082042151723101330202727167  6  9  4  5 15  7 12 12  90.52126155.90
8301092042163323232720533043253 18  9  9 12  7 56 15 32 201.05100150.00
8301102042177383705033272330390154236132 48 18 12  9 15 781.87 83144.20
8301112042181020301323272043187  4  7 15  5  9 12  7 32 110.73 90139.40
8301122042194040373333232723257 27 27 22 18 18  9 12  9 181.05 77135.70
830113204220272720 313272323163 12 12  7  2  5 12  9  9  80.52 89135.10
8301142042211723201323132033163  6  9  7  5  9  5  7 18  80.42 92137.30
8301152042224333332333473733283 32 18 18  9 18 39 22 18 221.15 77141.10
8301162042233343404340404020300 18 32 27 32 27 27 27  7 251.26 89140.10
8301172042244327273747334343300 32 12 12 22 39 18 32 32 251.26102138.00
8301182042254737375343404040337 39 22 22 56 32 27 27 27 321.36 86134.80
8301192042262337373343302023247  9 22 22 18 32 15  7  9 170.94 93127.40
8301202042273333303310133327213 18 18 15 18  4  5 18 12 140.84 81120.60
8301212043 13037231327203320203 15 22  9  5 12  7 18  7 120.73 74116.10
8301222043 22017302023132013157  7  6 15  7  9  5  7  5  80.42 73113.40
8301232043 31027131310103040153  4 12  5  5  4  4 15 27 100.52 59115.40
8301242043 43040272333334050277 15 27 12  9 18 18 27 48 221.15 58114.10
8301252043 53333273330303727250 18 18 12 18 15 15 22 12 160.94 75122.70
8301262043 62727273330302710210 12 12 12 18 15 15 12  4 120.73 77132.60
8301272043 72330302017173310180  9 15 15  7  6  6 18  4 100.63 75133.50
8301282043 8 7 0171023302740153  3  0  6  4  9 15 12 27 100.52 89140.50
8301292043 92727131333503327223 12 12  5  5 18 48 18 12 160.94 99148.90
8301302043102333334740302330260  9 18 18 39 27 15  9 15 191.05101154.90
8301312043113337232030233023220 18 22  9  7 15  9 15  9 130.73110161.80
8302012043122730272330272310197 12 15 12  9 15 12  9  4 110.63103162.60
830202204313 0 7 3 7 7271327 90  0  3  2  3  3 12  5 12  50.21 85156.60
8302032043142323171020 32027143  9  9  6  4  7  2  7 12  70.42 88145.50
8302042043152020202020777760313  7  7  7  7  7179179 80 591.77 94156.80
8302052043167380737373607067570154207154154154 801321111432.09 82154.30
8302062043176357505053502313360 94 67 48 48 56 48  9  5 471.57 71152.40
8302072043183347535353603040370 18 39 56 56 56 80 15 27 431.57 72142.10
8302082043194743402723201027237 39 32 27 12  9  7  4 12 181.05 63133.30
8302092043203030172740334037253 15 15  6 12 27 18 27 22 181.05 39122.00
8302102043215353303323232720263 56 56 15 18  9  9 12  7 231.15 26113.40
8302112043221013204047275347257  4  5  7 27 39 12 56 39 241.15 21107.00
8302122043234030375760403023317 27 15 22 67 80 27 15  9 331.36 18099.90
8302132043244340505343334047350 32 27 48 56 32 18 27 39 351.46 11095.50
8302142043254337533730372747310 32 22 56 22 15 22 12 39 281.26 10091.80
8302152043262737404047434030303 12 22 27 27 39 32 27 15 251.26 24088.60
8302162043273753403740473737327 22 56 27 22 27 39 22 22 301.36 17089.70
8302172044 13033273330333727250 15 18 12 18 15 18 22 12 160.94 22092.00
8302182044 23733372730202317223 22 18 22 12 15  7  9  6 140.84 32097.20
8302192044 31027332323201033180  4 12 18  9  9  7  4 18 100.63 33094.60
8302202044 44340403747505360370 32 27 27 22 39 48 56 80 411.57 32097.30
8302212044 54350404743474050360 32 48 27 39 32 39 27 48 361.46 39101.60
8302222044 65333303027173737263 56 18 15 15 12  6 22 22 211.15 33106.30
8302232044 74040201717373337240 27 27  7  6  6 22 18 22 170.94 40112.00
8302242044 83033202330373720230 15 18  7  9 15 22 22  7 140.84 50114.40
8302252044 9 717101313232013117  3  6  4  5  5  9  7  5  60.21 67120.30
83022620441020 71013 7131313 97  7  3  4  5  3  5  5  5  50.21 70126.30
83022720441113 7133013102723137  5  3  5 15  5  4 12  9  70.42 88138.30
830228204412 713101713203033143  3  5  4  6  5  7 15 18  80.42 98137.70
8303012044133733303033304343280 22 18 15 15 18 15 32 32 211.15109145.40
8303022044147067705757605050480132111132 67 67 80 48 48 861.87 93138.60
8303032044156043474343404037143 80 32 39 32 32 27 27 22 361.46 86140.90
8303042044164337402737304350307 32 22 27 12 22 15 32 48 261.26 93143.60
8303052044173743434340373047320 22 32 32 32 27 22 15 39 281.26113146.60
8303062044185320 71010201317150 56  7  3  4  4  7  5  6 120.73 88139.20
8303072044193723172713 0 013130 22  9  6 12  5  0  0  5  70.42 77132.30
83030820442027 7 31023231717127 12  3  2  4  9  9  6  6  60.31 68128.00
8303092044213023101013202713147 15  9  4  4  5  7 12  5  80.42 74122.00
830310204422 7 7171710173323130  3  3  6  6  4  6 18  9  70.31 55115.00
8303112044232717203340234360263 12  6  7 18 27  9 32 80 241.26 49103.00
8303122044245027304033605773370 48 12 15 27 18 80 67154 531.67 32099.50
8303132044256040403330232720273 80 27 27 18 15  9 12  7 241.26 12095.80
8303142044262747533343304027300 12 39 56 18 32 15 27 12 261.26 24095.90
8303152044272733273033372330240 12 18 12 15 18 22  9 15 150.94 44100.60
8303162045 11037231740131723180  4 22  9  6 27  5  6  9 110.63 63107.80
8303172045 23733232710101327180 22 18  9 12  4  4  5 12 110.63 74114.60
8303182045 32020231717434057237  7  7  9  6  6 32 27 67 201.05 88117.70
8303192045 44750433740373033317 39 48 32 22 27 22 15 18 281.26 82118.30
8303202045 54757302337474737323 39 67 15  9 22 39 39 22 321.36 82120.70
8303212045 64327232023233020210 32 12  9  7  9  9 15  7 120.73 87118.70
8303222045 73030201017132323167 15 15  7  4  6  5  9  9  90.52 70117.20
8303232045 82727301320201717170 12 12 15  5  7  7  6  6  90.52 66116.10
8303242045 93033171717173323187 15 18  6  6  6  6 18  9 100.63 60117.10
8303252045103753635753434743397 22 56 94 67 56 32 39 32 501.67 48114.20
830326204511474020 720102020183 39 27  7  3  7  4  7  7 130.73 70114.70
830327204512 3 0 31713 7 713 63  2  0  2  6  5  3  3  5  30.10 72109.50
8303282045132040534740574347347  7 27 56 39 27 67 32 39 371.46 48104.80
8303292045145053473743504743370 48 56 39 22 32 48 39 32 401.46 44098.90
8303302045153343433733473047313 18 32 32 22 18 39 15 39 271.26 54100.60
8303312045164753334737274030313 39 56 18 39 22 12 27 15 281.26 37098.70
8304012045172337373327474030273  9 22 22 18 12 39 27 15 201.05 53100.70
8304022045183727332730303033247 22 12 18 12 15 15 15 18 160.94 70101.20
8304032045193740233037171033227 22 27  9 15 22  6  4 18 150.94 61101.40
8304042045202040232727374030243  7 27  9 12 12 22 27 15 160.94 53100.70
8304052045215333272333271713227 56 18 12  9 18 12  6  5 170.94 36098.70
8304062045223740434757434737350 22 27 32 39 67 32 39 22 351.46 49099.50
8304072045233743375353404043347 22 32 22 56 56 27 27 32 341.46 64102.20
8304082045244343433050372723297 32 32 32 15 48 22 12  9 251.26 59104.10
8304092045253030332730473337267 15 15 18 12 15 39 18 22 191.05 59106.20
8304102045264040473330333333290 27 27 39 18 15 18 18 18 221.15 64103.30
83041120452723303017 7 71713143  9 15 15  6  3  3  6  5  80.42 69104.40
8304122046 13027173723272317200 15 12  6 22  9 12  9  6 110.73 65107.70
8304132046 24750306050373333340 39 48 15 80 48 22 18 18 361.46 64109.00
8304142046 34047474343536053387 27 39 39 32 32 56 80 56 451.57 64111.70
8304152046 46753604753475740423111 56 80 39 56 39 67 27 591.77 53103.60
8304162046 55043374043433750343 48 32 22 27 32 32 22 48 331.36 54105.20
8304172046 63333333020404333267 18 18 18 15  7 27 32 18 191.05 63113.50
8304182046 73030171727303017197 15 15  6  6 12 15 15  6 110.63 75120.60
8304192046 8 720233023272720177  3  7  9 15  9 12 12  7  90.52110125.00
8304202046 94033202720233023217 27 18  7 12  7  9 15  9 130.73 90127.30
8304212046103337231720172733207 18 22  9  6  7  6 12 18 120.73 87133.30
830422204611434040431313 310207 32 27 27 32  5  5  2  4 170.94 83139.70
8304232046123737302020232050237 22 22 15  7  7  9  7 48 170.94 91140.40
8304242046134753475057576360433 39 56 39 48 67 67 94 80 611.77 92142.60
8304252046144740304037434753337 39 27 15 27 22 32 39 56 321.36123145.70
8304262046155043473037402743317 48 32 39 15 22 27 12 32 281.26118146.70
8304272046164037302027272023223 27 22 15  7 12 12  7  9 140.84126149.50
8304282046173337272030172020203 18 22 12  7 15  6  7  7 120.73146156.30
8304292046183730373350605747350 22 15 22 18 48 80 67 39 391.46142148.30
8304302046194043433340404033313 27 32 32 18 27 27 27 18 261.26137147.10
8305012046203027333733206033273 15 12 18 22 18  7 80 18 241.15114141.90
8305022046213327131720434020213 18 12  5  6  7 32 27  7 140.84104145.40
8305032046222720272333202027197 12  7 12  9 18  7  7 12 100.63 94139.30
8305042046233043373747473733310 15 32 22 22 39 39 22 18 261.26 85132.90
8305052046243027204057403733283 15 12  7 27 67 27 22 18 241.26 95130.70
8305062046252740332723272720223 12 27 18 12  9 12 12  7 140.84 88125.80
8305072046261320202727232020170  5  7  7 12 12  9  7  7  80.42 92117.30
8305082046273017232017272733193 15  6  9  7  6 12 12 18 110.63 98127.00
8305092047 1302013 710101313117 15  7  5  3  4  4  5  5  60.31110132.20
8305102047 21713 32020203027150  6  5  2  7  7  7 15 12  80.42114143.50
8305112047 33030536043576053387 15 15 56 80 32 67 80 56 501.67101159.40
8305122047 46053474340575057407 80 56 39 32 27 67 48 67 521.67114160.40
8305132047 54037574347534040357 27 22 67 32 39 56 27 27 371.46132154.40
8305142047 65040373027404020283 48 27 22 15 12 27 27  7 231.15125153.40
8305152047 73733333337333040277 22 18 18 18 22 18 15 27 201.05130145.70
8305162047 82020202027232330183  7  7  7  7 12  9  9 15  90.52 99133.90
8305172047 94727334357477373400 39 12 18 32 67 39154154 641.77 93131.60
8305182047103023333327232017207 15  9 18 18 12  9  7  6 120.73 99137.50
83051920471110202317 7 710 7100  4  7  9  6  3  3  4  3  50.21 88146.80
8305202047121013 7 310 73050130  4  5  3  2  4  3 15 48 100.63105151.80
8305212047132033333053604320293  7 18 18 15 56 80 32  7 291.36110149.70
8305222047143353534040506360393 18 56 56 27 27 48 94 80 511.67104152.00
8305232047155043534037475340363 48 32 56 27 22 39 56 27 381.46102143.60
8305242047164040302747807767407 27 27 15 12 39207179111 771.87111140.40
83052520471750332010 3 313 3137 48 18  7  4  2  2  5  2 110.63 98138.80
830526204718 3 7101313274033147  2  3  4  5  5 12 27 18 100.52100132.20
8305272047193327231327302027200 18 12  9  5 12 15  7 12 110.63 85130.50
8305282047202023 7 7 71310 7 93  7  9  3  3  3  5  4  3  50.21 68133.10
8305292047211010 7301710 3 7 93  4  4  3 15  6  4  2  3  50.21 88138.90
830530204722 717202313333320167  3  6  7  9  5 18 18  7  90.52 68135.30
8305312047233023331723332023203 15  9 18  6  9 18  7  9 110.73 60138.00
8306012047241743272317302720203  6 32 12  9  6 15 12  7 120.73 61131.20
830602204725 317232027271713147  2  6  9  7 12 12  6  5  70.42 72139.00
8306032047262313172310231017137  9  5  6  9  4  9  4  6  60.31 73139.30
83060420472713 717 3 3 3 310 60  5  3  6  2  2  2  2  4  30.10 68149.20
8306052048 1 710132323232017137  3  4  5  9  9  9  7  6  60.31 77167.80
8306062048 22013271330332027183  7  5 12  5 15 18  7 12 100.63 85191.30
8306072048 323232013101720 7133  9  9  7  5  4  6  7  3  60.31104179.60
8306082048 4 317203330373030200  2  6  7 18 15 22 15 15 120.73100173.70
8306092048 52020373027434733257  7  7 22 15 12 32 39 18 191.05100159.40
8306102048 64037274063633020320 27 22 12 27 94 94 15  7 371.46 86150.50
8306112048 73727231713133020180 22 12  9  6  5  5 15  7 100.63 73139.20
8306122048 83033233330333037250 15 18  9 18 15 18 15 22 160.94 66134.60
8306132048 97077574750375037423132179 67 39 48 22 48 22 701.77 72128.20
8306142048103730302020232027207 22 15 15  7  7  9  7 12 120.73 88126.40
8306152048113327303333304017243 18 12 15 18 18 15 27  6 160.94 92128.70
8306162048122313132023331723167  9  5  5  7  9 18  6  9  80.52 84128.80
8306172048132017302727434337243  7  6 15 12 12 32 32 22 170.94 79130.70
8306182048143350574037533747353 18 48 67 27 22 56 22 39 371.46 78130.40
8306192048153337373737373030277 18 22 22 22 22 22 15 15 201.05103133.70
8306202048163733273340332727257 22 18 12 18 27 18 12 12 170.94117136.80
8306212048173340402327334330270 18 27 27  9 12 18 32 15 201.05117144.00
8306222048181720232740504723247  6  7  9 12 27 48 39  9 201.05136148.80
8306232048193027473330332030250 15 12 39 18 15 18  7 15 170.94143149.80
830624204820272317 7131713 7123 12  9  6  3  5  6  5  3  60.31122141.70
830625204821 3 0 31010103020 87  2  0  2  4  4  4 15  7  50.21122141.40
8306262048221327202333402330210  5 12  7  9 18 27  9 15 130.73110144.00
8306272048231713231717202030157  6  5  9  6  6  7  7 15  80.42 92137.00
8306282048242310 72737333027193  9  4  3 12 22 18 15 12 120.73 83129.30
8306292048252027373733231720213  7 12 22 22 18  9  6  7 130.73 68128.90
8306302048261713202320201720150  6  5  7  9  7  7  6  7  70.31 63126.70
8307012048272320101317132013130  9  7  4  5  6  5  7  5  60.31 62124.00
8307022049 11017131323273327163  4  6  5  5  9 12 18 12  90.52 59125.40
8307032049 22717202313202723170 12  6  7  9  5  7 12  9  80.52 61131.50
8307042049 31717131023273020157  6  6  5  4  9 12 15  7  80.42 87137.20
8307052049 41710102317231010120  6  4  4  9  6  9  4  4  60.31 80132.10
8307062049 51720234733272327217  6  7  9 39 18 12  9 12 140.84 79132.30
8307072049 61317173337272740210  5  6  6 18 22 12 12 27 140.84 79132.60
8307082049 72023332317232327190  7  9 18  9  6  9  9 12 100.63 82127.90
8307092049 83037133320232727210 15 22  5 18  7  9 12 12 120.73 69123.10
8307102049 917201713 7 710 7 97  6  7  6  5  3  3  4  3  50.21 59123.10
830711204910 7 7 7171010 720 83  3  3  3  6  4  4  3  7  40.10 68125.70
83071220491117 7132337374737217  6  3  5  9 22 22 39 22 160.94 86124.70
8307132049125040403330131020237 48 27 27 18 15  5  4  7 191.05 85123.60
830714204913 720232020201710137  3  7  9  7  7  7  6  4  60.31 88124.40
8307152049141317 7 710101720100  5  6  3  3  4  4  6  7  50.21 92124.60
8307162049152733204343304337277 12 18  7 32 32 15 32 22 211.15 93121.30
8307172049164040374337374043317 27 27 22 32 22 22 27 32 261.26 96120.00
8307182049174740303033332730270 39 27 15 15 18 18 12 15 201.05 98116.40
8307192049182720232317302320183 12  7  9  9  6 15  9  7  90.52 96119.50
8307202049192323271310131720147  9  9 12  5  4  5  6  7  70.42101125.00
8307212049201323172017201717143  5  9  6  7  6  7  6  6  60.31109128.10
83072220492123101010 7 72747140  9  4  4  4  3  3 12 39 100.52114138.90
8307232049223033334730304740290 15 18 18 39 15 15 39 27 231.15 95132.90
8307242049235750403760404033357 67 48 27 22 80 27 27 18 401.46105136.30
8307252049243037272327232017203 15 22 12  9 12  9  7  6 120.73 85136.70
8307262049252320172020171720153  9  7  6  7  7  6  6  7  70.31 58128.80
8307272049261320203020202733183  5  7  7 15  7  7 12 18 100.52 49123.10
8307282049271320202320333330193  5  7  7  9  7 18 18 15 110.63 40127.10
8307292050 13043273723272323233 15 32 12 22  9 12  9  9 150.84 73138.40
8307302050 24033274027233040260 27 18 12 27 12  9 15 27 181.05 89144.30
8307312050 33020131323131713143 15  7  5  5  9  5  6  5  70.42110153.10
8308012050 4 71720 713 71323107  3  6  7  3  5  3  5  9  50.21131151.10
8308022050 54340533353374337340 32 27 56 18 56 22 32 22 331.36128145.40
8308032050 63727132333304337243 22 12  5  9 18 15 32 22 170.94105139.30
8308042050 72023131010 71317113  7  9  5  4  4  3  5  6  50.21103136.60
8308052050 8 7 3 3 0 3 3 713 40  3  2  2  0  2  2  3  5  20.00 79136.60
8308062050 91020 3 720202317120  4  7  2  3  7  7  9  6  60.31 49142.00
83080720501010 7201720234360200  4  3  7  6  7  9 32 80 181.05 60141.90
8308082050117377634323231327343154179 94 32  9  9  5 12 621.77 70141.10
8308092050124730171720201310173 39 15  6  6  7  7  5  4 110.63 69142.90
830810205013 72310171710 313100  3  9  4  6  6  4  2  5  50.21 63151.70
8308112050142017 71317172713130  7  6  3  5  6  6 12  5  60.31 88151.30
8308122050152743373040375043307 12 32 22 15 27 22 48 32 261.26103156.70
8308132050164033435040202743297 27 18 32 48 27  7 12 32 251.26104147.40
8308142050173017171020273023173 15  6  6  4  7 12 15  9  90.52 97141.60
8308152050183020102723331727187 15  7  4 12  9 18  6 12 100.63 93135.80
83081620501913 0 0 317132320 90  5  0  0  2  6  5  9  7  40.10 80132.20
8308172050202320131713101323133  9  7  5  6  5  4  5  9  60.31 72126.80
830818205021 7 3 0 3 3 3 0 7 27  3  2  0  2  2  2  0  3  20.00 71122.10
830819205022 0 3 32033402323147  0  2  2  7 18 27  9  9  90.52 54117.70
8308202050231027171720274027183  4 12  6  6  7 12 27 12 110.63 40118.60
8308212050244330334733433740307 32 15 18 39 18 32 22 27 251.26 52114.20
8308222050251717203027275027213  6  6  7 15 12 12 48 12 150.84 50110.80
8308232050263060474040334727323 15 80 39 27 27 18 39 12 321.36 51110.80
8308242050273343404333333733297 18 32 27 32 18 18 22 18 231.15 35108.70
8308252051 16040534040334730343 80 27 56 27 27 18 39 15 361.46 52104.20
8308262051 24747303330435017297 39 39 15 18 15 32 48  6 261.26 53105.80
8308272051 323 3 3 7231713 7 97  9  2  2  3  9  6  5  3  50.21 51103.70
8308282051 42720132323132717163 12  7  5  9  9  5 12  6  80.42 55102.80
8308292051 52723132330334047237 12  9  5  9 15 18 27 39 170.94 63105.70
8308302051 64340372327302733260 32 27 22  9 12 15 12 18 181.05 59104.10
8308312051 75037403327474343320 48 22 27 18 12 39 32 32 291.36 45104.20
8309012051 84347172723233027237 32 39  6 12  9  9 15 12 170.94 46110.50
8309022051 92017131310202023137  7  6  5  5  4  7  7  9  60.31 56110.90
830903205110202323 7131310 3113  7  9  9  3  5  5  4  2  60.21 59106.40
830904205111 7 0 3 7 3 31317 53  3  0  2  3  2  2  5  6  30.10 69110.50
83090520511217 3 0 010101317 70  6  2  0  0  4  4  5  6  30.10 84117.60
8309062051132020101010131717117  7  7  4  4  4  5  6  6  50.21 78120.70
8309072051141720203743534030260  6  7  7 22 32 56 27 15 221.15 72118.60
8309082051152320373733273327237  9  7 22 22 18 12 18 12 150.84 68118.40
8309092051163027233030304037247 15 12  9 15 15 15 27 22 160.94 74115.30
8309102051173320202723273323207 18  7  7 12  9 12 18  9 120.73 70109.70
8309112051183320202727273723213 18  7  7 12 12 12 22  9 120.73 65110.60
8309122051192330333337101723207  9 15 18 18 22  4  6  9 130.73 41104.90
8309132051202717201323171023150 12  6  7  5  9  6  4  9  70.42 36104.40
8309142051212013201013231720137  7  5  7  4  5  9  6  7  60.31 36105.10
8309152051223320302720474743267 18  7 15 12  7 39 39 32 211.15 42106.30
8309162051232740433740474033307 12 27 32 22 27 39 27 18 261.26 33106.20
8309172051244053503720332727287 27 56 48 22  7 18 12 12 251.26 35105.10
8309182051253027231720233033203 15 12  9  6  7  9 15 18 110.73 45102.60
8309192051264750404750476363407 39 48 27 39 48 39 94 94 541.67 40101.20
8309202051274343333340402723283 32 32 18 18 27 27 12  9 221.15 32100.40
8309212052 13327331323271323193 18 12 18  5  9 12  5  9 110.63 36103.00
8309222052 23327334320171020203 18 12 18 32  7  6  4  7 130.73 38106.10
8309232052 31010 3131713 710 83  4  4  2  5  6  5  3  4  40.10 42112.50
8309242052 43013101727301723167 15  5  4  6 12 15  6  9  90.52 46111.80
8309252052 54743373343534740343 39 32 22 18 32 56 39 27 331.36 42110.60
8309262052 65053474333202327297 48 56 39 32 18  7  9 12 281.26 50114.60
8309272052 74023232727202037217 27  9  9 12 12  7  7 22 130.84 51119.80
8309282052 84030 71323232023180 27 15  3  5  9  9  7  9 100.63 48114.70
8309292052 937331020 7 71313140 22 18  4  7  3  3  5  5  80.52 43114.60
830930205210 7 0 3 710 3 713 50  3  0  2  3  4  2  3  5  30.00 33113.00
8310012052112017101310402737173  7  6  4  5  4 27 12 22 110.63 29117.60
8310022052123350403337333333293 18 48 27 18 22 18 18 18 231.15 51120.50
8310032052132730434033232037253 12 15 32 27 18  9  7 22 181.05 63123.10
8310042052143033435060673730350 15 18 32 48 80111 22 15 431.57 74125.20
8310052052152017272027131727167  7  6 12  7 12  5  6 12  80.52 65126.60
8310062052163327303037504033280 18 12 15 15 22 48 27 18 221.15 75132.70
8310072052172340202317271727193  9 27  7  9  6 12  6 12 110.63 87133.80
8310082052183027272330473323240 15 12 12  9 15 39 18  9 160.94 99131.20
831009205219271710 710131013107 12  6  4  3  4  5  4  5  50.21106130.50
831010205220 310171313233717133  2  4  6  5  5  9 22  6  70.42121133.60
831011205221172323201713 3 0117  6  9  9  7  6  5  2  0  60.21136138.40
831012205222 310 713 7101720 87  2  4  3  5  3  4  6  7  40.10122133.60
8310132052234753404033473037327 39 56 27 27 18 39 15 22 301.36100133.60
8310142052243727332330334747277 22 12 18  9 15 18 39 39 221.15 80131.50
8310152052254037304033233730270 27 22 15 27 18  9 22 15 191.05 72127.00
8310162052262040231720303030210  7 27  9  6  7 15 15 15 130.73 61117.20
8310172052272333505053535363380  9 18 48 48 56 56 56 94 481.67 60110.90
8310182053 15350535750505730400 56 48 56 67 48 48 67 15 511.67 63103.60
8310192053 230302720 72010 7150 15 15 12  7  3  7  4  3  80.42 46105.10
8310202053 3 0231320 7102323120  0  9  5  7  3  4  9  9  60.31 26099.10
8310212053 41710273333373740233  6  4 12 18 18 22 22 27 160.94 18089.30
8310222053 55040372733202327257 48 27 22 12 18  7  9 12 191.05 22087.20
8310232053 62323232740335047267  9  9  9 12 27 18 48 39 211.15 22087.80
8310242053 74330233337374730280 32 15  9 18 22 22 39 15 221.15 20088.60
8310252053 82320101320171020133  9  7  4  5  7  6  4  7  60.31 18089.30
8310262053 9 3131710 3 3 3 3 57  2  5  6  4  2  2  2  2  30.10 20089.10
831027205310 0 3 7 3 3 713 0 37  0  2  3  2  2  3  5  0  20.00 12089.00
83102820531123 7 0 0 3202350127  9  3  0  0  2  7  9 48 100.52 15090.40
8310292053124743474747334740350 39 32 39 39 39 18 39 27 341.36 16090.80
8310302053134033372333403717260 27 18 22  9 18 27 22  6 191.05 15092.60
831031205314272027272323 727180 12  7 12 12  9  9  3 12 100.52 16096.30
8311012053154040233333133343260 27 27  9 18 18  5 18 32 191.05 17098.30
8311022053164360504743333033340 32 80 48 39 32 18 15 18 351.46 22097.70
8311032053173320172730534330253 18  7  6 12 15 56 32 15 201.05 37096.90
8311042053182020101727201017140  7  7  4  6 12  7  4  6  70.31 51103.20
8311052053191010 713 7 3 3 7 60  4  4  3  5  3  2  2  3  30.10 66105.10
831106205320 3 3 3 710 713 3 50  2  2  2  3  4  3  5  2  30.10 74000.00
831107205321 310132727333337183  2  4  5 12 12 18 18 22 120.73 84108.50
8311082053225333404340373033310 56 18 27 32 27 22 15 18 271.26 90103.50
8311092053233747334043407050360 22 39 18 27 32 27132 48 431.57 70099.20
8311102053245037332733405733310 48 22 18 12 18 27 67 18 291.36 68100.90
8311112053254727305050376053353 39 12 15 48 48 22 80 56 401.46 56096.70
8311122053263750604353435043380 22 48 80 32 56 32 48 32 441.57 43089.60
8311132053272337374333374343297  9 22 22 32 18 22 32 32 241.15 36091.90
8311142054 11033474347534020293  4 18 39 32 39 56 27  7 281.26 29091.00
8311152054 23330302740404743290 18 15 15 12 27 27 39 32 231.15 28090.90
8311162054 35033372733474053320 48 18 22 12 18 39 27 56 301.36 38090.50
8311172054 45043406037434340357 48 32 27 80 22 32 32 27 381.46 31085.60
8311182054 54750233737434030307 39 48  9 22 22 32 27 15 271.26 36084.40
8311192054 63733332330303043260 22 18 18  9 15 15 15 32 181.05 26082.30
8311202054 73730404343434333313 22 15 27 32 32 32 32 18 261.26 12080.30
8311212054 83023131010303020167 15  9  5  4  4 15 15  7  90.52 18079.30
8311222054 92323231310 71310123  9  9  9  5  4  3  5  4  60.31  0080.20
831123205410 7 7 7 0 3 0 7 3 33  3  3  3  0  2  0  3  2  20.00  0078.20
8311242054111327273023303317200  5 12 12 15  9 15 18  6 120.73  0078.80
8311252054122737303027173040237 12 22 15 15 12  6 15 27 160.94  0079.20
8311262054135043432327273720270 48 32 32  9 12 12 22  7 221.15  7080.30
831127205414 317232727201710143  2  6  9 12 12  7  6  4  70.42 10084.40
8311282054151010101733434333200  4  4  4  6 18 32 32 18 150.84 12086.60
8311292054164333234737273740287 32 18  9 39 22 12 22 27 231.15 19089.40
8311302054174030333333404727283 27 15 18 18 18 27 39 12 221.15 21090.10
8312012054183333232323233033223 18 18  9  9  9  9 15 18 130.84 26090.50
8312022054192027231723232010163  7 12  9  6  9  9  7  4  80.42 23088.90
831203205420 7 7 3 310101020 70  3  3  2  2  4  4  4  7  40.10 15088.50
831204205421 0131310 7231013 90  0  5  5  4  3  9  4  5  40.21 14091.90
8312052054223033302327333037243 15 18 15  9 12 18 15 22 160.94 17092.00
8312062054233343474050333737320 18 32 39 27 48 18 22 22 281.26 39097.10
8312072054243743404040434037320 22 32 27 27 27 32 27 22 271.26 41098.60
8312082054253730231727102327193 22 15  9  6 12  4  9 12 110.63 48098.30
8312092054262010 3 3 3 7 7 0 53  7  4  2  2  2  3  3  0  30.10 71108.10
831210205427 030474340404027267  0 15 39 32 27 27 27 12 221.15 82107.90
8312112055 12730334060504047327 12 15 18 27 80 48 27 39 331.36 76101.80
8312122055 23730333747403733293 22 15 18 22 39 27 22 18 231.15 66101.10
8312132055 34037303733374343300 27 22 15 22 18 22 32 32 241.15 66100.80
8312142055 43340373337374343303 18 27 22 18 22 22 32 32 241.26 52096.50
8312152055 54033333030271737247 27 18 18 15 15 12  6 22 170.94 50092.10
8312162055 630201017 7 01013107 15  7  4  6  3  0  4  5  60.21 35093.50
8312172055 72313 71017202020130  9  5  3  4  6  7  7  7  60.31 46092.00
8312182055 813 0 0 717302727120  5  0  0  3  6 15 12 12  70.31 36090.10
8312192055 93030232313202020180 15 15  9  9  5  7  7  7  90.52 31086.20
8312202055103020 3 3 3 3 713 83 15  7  2  2  2  2  3  5  50.21 25083.60
831221205511 717 3 3 7131010 70  3  6  2  2  3  5  4  4  40.10 21082.20
8312222055122723233727332323217 12  9  9 22 12 18  9  9 120.73 15082.80
8312232055132730272030232717200 12 15 12  7 15  9 12  6 110.63 20083.00
83122420551413 3101743433040200  5  2  4  6 32 32 15 27 150.94 22083.10
8312252055153727172727232717200 22 12  6 12 12  9 12  6 110.73 21082.40
8312262055162030172320274743227  7 15  6  9  7 12 39 32 160.94 23082.90
8312272055174030132020274033223 27 15  5  7  7 12 27 18 150.84 12083.50
8312282055183330273330172027217 18 15 12 18 15  6  7 12 130.73 10080.70
831229205519301727273017 710163 15  6 12 12 15  6  3  4  90.52 11081.10
8312302055202740435043534733337 12 27 32 48 32 56 39 18 331.36 13081.30
8312312055213040333333504743310 15 27 18 18 18 48 39 32 271.26  9083.80
