8501012069103343373727375757327 18 32 22 22 12 22 67 67 331.36  0068.30
8501022069114033332327202347247 27 18 18  9 12  7  9 39 170.94  0067.80
8501032069123727232710173337210 22 12  9 12  4  6 18 22 130.84  0067.70
8501042069133020131710131327143 15  7  5  6  4  5  5 12  70.42  0067.80
8501052069142017101010171327123  7  6  4  4  4  6  5 12  60.31  0067.00
8501062069152320 7 7 7132017113  9  7  3  3  3  5  7  6  50.21  0067.90
850107206916132313 3 7101717103  5  9  5  2  3  4  6  6  50.21  0068.10
8501082069172010201323375347223  7  4  7  5  9 22 56 39 191.05 11067.40
8501092069184360574757473733380 32 80 67 39 67 39 22 18 461.57 14068.10
8501102069194350374733434030323 32 48 22 39 18 32 27 15 291.36  0067.40
8501112069203033404030303733273 15 18 27 27 15 15 22 18 201.05  0067.70
8501122069212737333337333337270 12 22 18 18 22 18 18 22 191.05 13068.40
8501132069223033302733332717230 15 18 15 12 18 18 12  6 140.84 16072.60
8501142069231327172327331313167  5 12  6  9 12 18  5  5  90.52 26072.40
8501152069241313202320333020173  5  5  7  9  7 18 15  7  90.52 25072.50
85011620692523302323232010 7160  9 15  9  9  9  7  4  3  80.42 26074.70
850117206926 0 3103323332720150  0  2  4 18  9 18 12  7  90.52 29075.80
8501182069272017101317132013123  7  6  4  5  6  5  7  5  60.31 26074.10
8501192070 1 7 72027203010 3123  3  3  7 12  7 15  4  2  70.31 27075.40
8501202070 213 7131010272713120  5  3  5  4  4 12 12  5  60.31 55081.70
8501212070 31747302327201313190  6 39 15  9 12  7  5  5 120.73 59084.90
8501222070 41310232013232347173  5  4  9  7  5  9  9 39 110.63 50085.30
8501232070 53357535047403037347 18 67 56 48 39 27 15 22 361.46 39082.50
8501242070 61017231020202320143  4  6  9  4  7  7  9  7  70.31 33078.20
8501252070 73030302013101310157 15 15 15  7  5  4  5  4  90.52 20074.00
8501262070 81010131710271723127  4  4  5  6  4 12  6  9  60.31  9071.10
8501272070 92327131010173343177  9 12  5  4  4  6 18 32 110.63  8069.50
8501282070105750475057605057427 67 48 39 48 67 80 48 67 581.77  0069.60
8501292070115040102020234057260 48 27  4  7  7  9 27 67 241.26  9068.70
8501302070124030332723372733250 27 15 18 12  9 22 12 18 170.94  0068.30
8501312070133323234037302030237 18  9  9 27 22 15  7 15 150.94 17069.90
8502012070142730333327402717233 12 15 18 18 12 27 12  6 150.84 18072.20
8502022070151040272323232723197  4 27 12  9  9  9 12  9 110.73 22073.80
85020320701617171010332727 3143  6  6  4  4 18 12 12  2  80.42 25073.60
8502042070171010 3 3 3 01010 50  4  4  2  2  2  0  4  4  30.00 22070.90
8502052070181333433047373337273  5 18 32 15 39 22 18 22 211.15 20071.30
8502062070195040534753535737390 48 27 56 39 56 56 67 22 461.57 16070.60
8502072070203327374043332337273 18 12 22 27 32 18  9 22 201.05  7070.30
8502082070214023174330434347287 27  9  6 32 15 32 32 39 241.26 16072.50
8502092070223033473337332330267 15 18 39 18 22 18  9 15 191.05 24073.20
8502102070233737433037375023293 22 22 32 15 22 22 48  9 241.26 19073.60
8502112070242027272330303333223  7 12 12  9 15 15 18 18 130.84 13073.30
85021220702520333020303017 7187  7 18 15  7 15 15  6  3 110.63 10072.30
850213207026 7 0 31727274333157  3  0  2  6 12 12 32 18 110.63 11070.80
8502142070273027372320372740240 15 12 22  9  7 22 12 27 160.94 13070.60
8502152071 1373027 7 3 71723150 22 15 12  3  2  3  6  9  90.52 11070.30
8502162071 2 310101323233020133  2  4  4  5  9  9 15  7  70.31 10069.80
8502172071 32033302333302710207  7 18 15  9 18 15 12  4 120.73 12070.90
8502182071 4 3131713 7 710 7 77  2  5  6  5  3  3  4  3  40.10 10073.40
8502192071 51320 71010102733130  5  7  3  4  4  4 12 18  70.42 19076.20
8502202071 63330332323 71310173 18 15 18  9  9  3  5  4 100.63 27075.00
8502212071 7 010171317273327143  0  4  6  5  6 12 18 12  80.42 27074.30
8502222071 82720102020201720153 12  7  4  7  7  7  6  7  70.42 25073.30
8502232071 92020171320172723157  7  7  6  5  7  6 12  9  70.42 16071.70
8502242071103740372727232340253 22 27 22 12 12  9  9 27 181.05 11070.50
8502252071112333372320331317200  9 18 22  9  7 18  5  6 120.73 11070.10
850226207112272313 0 0 72017107 12  9  5  0  0  3  7  6  50.21 11069.70
8502272071132017101717132367183  7  6  4  6  6  5  9111 191.05 10068.90
8502282071146370675050373320390 94132111 48 48 22 18  7 601.77  9069.80
8503012071152353403010 71327203  9 56 27 15  4  3  5 12 160.94 13069.30
8503022071162333303740433740283  9 18 15 22 27 32 22 27 221.15 13069.10
8503032071172347331313232330207  9 39 18  5  5  9  9 15 140.84  9069.00
8503042071183023131020272033177 15  9  5  4  7 12  7 18 100.52  0068.60
8503052071193740504030475763363 22 27 48 27 15 39 67 94 421.57  0067.50
8503062071204737473730333333297 39 22 39 22 15 18 18 18 241.26  0068.00
8503072071213330333333404737287 18 15 18 18 18 27 39 22 221.15  0068.00
8503082071224753433733333030307 39 56 32 22 18 18 15 15 271.26 14068.70
8503092071232010 7 0 3 3 027 70  7  4  3  0  2  2  0 12  40.10 15068.70
8503102071242310102317272737173  9  4  4  9  6 12 12 22 100.52 13068.00
85031120712517101017301313 3113  6  4  4  6 15  5  5  2  60.31 16069.60
850312207126 013 7 320173333127  0  5  3  2  7  6 18 18  70.42 18069.20
850313207127 3131723 7 7 0 7 77  2  5  6  9  3  3  0  3  40.10 14069.50
8503142072 1 7 7 71330202713123  3  3  3  5 15  7 12  5  70.31 10069.50
8503152072 23027433727101717207 15 12 32 22 12  4  6  6 140.84  0069.70
8503162072 32720201333272330193 12  7  7  5 18 12  9 15 110.63 11070.10
8503172072 427101013 7 33030130 12  4  4  5  3  2 15 15  80.42 20072.10
8503182072 5403320 3 7 33030167 27 18  7  2  3  2 15 15 110.63 35074.60
8503192072 61720101723234020170  6  7  4  6  9  9 27  7  90.52 27074.20
8503202072 710 717172020 3 3 97  4  3  6  6  7  7  2  2  50.21 19074.20
8503212072 81323 3 313101317 97  5  9  2  2  5  4  5  6  50.21  9076.00
8503222072 92710 3 710 7 313 80 12  4  2  3  4  3  2  5  40.21 15075.90
8503232072102327 3 7 7 31713100  9 12  2  3  3  2  6  5  50.21 22077.30
85032420721120 7101013101030110  7  3  4  4  5  4  4 15  60.31 36079.70
85032520721220 0 3 710173017103  7  0  2  3  4  6 15  6  50.21 30078.50
8503262072132720172323132313160 12  7  6  9  9  5  9  5  80.42 33079.60
8503272072142020172323233327187  7  7  6  9  9  9 18 12 100.52 27077.40
850328207215434033 320172723207 32 27 18  2  7  6 12  9 140.84 36077.60
85032920721617 7131010232723130  6  3  5  4  4  9 12  9  60.31 25076.70
8503302072173713 71320171710133 22  5  3  5  7  6  6  4  70.42 29075.80
85033120721823233333231020 7173  9  9 18 18  9  4  7  3 100.52 23076.50
8504012072191720273750533727267  6  7 12 22 48 56 22 12 231.15 25072.20
8504022072201730332330374327240  6 15 18  9 15 22 32 12 160.94 21072.70
8504032072214730272727334730267 39 15 12 12 12 18 39 15 201.05 23072.50
8504042072222333302730403730250  9 18 15 12 15 27 22 15 170.94 17071.90
8504052072232333102017 710 7127  9 18  4  7  6  3  4  3  70.31 23071.20
850406207224 3 0101713102320 97  2  0  4  6  5  4  9  7  50.21 19070.50
850407207225 7202720202717 3140  3  7 12  7  7 12  6  2  70.42 11070.40
850408207226 3 7172017304053187  2  3  6  7  6 15 27 56 150.94  9069.90
85040920722740404343576333 7327 27 27 32 32 67 94 18  3 381.46  9069.40
8504102073 1 317233730272327187  2  6  9 22 15 12  9 12 110.63  0069.70
8504112073 2403320201330 710173 27 18  7  7  5 15  3  4 110.63  0069.00
8504122073 317171313131313 3103  6  6  5  5  5  5  5  2  50.21  0069.70
8504132073 4 710131713201327120  3  4  5  6  5  7  5 12  60.31  0069.80
8504142073 53037231023171713170 15 22  9  4  9  6  6  5 100.52 10070.70
8504152073 61317101010 7 717 90  5  6  4  4  4  3  3  6  40.21  0070.00
8504162073 71320132727131723153  5  7  5 12 12  5  6  9  80.42  0069.40
8504172073 817 717 713 3 723 93  6  3  6  3  5  2  3  9  50.21  0070.20
8504182073 927 3 7 7 710 310 73 12  2  3  3  3  4  2  4  40.10 10071.70
8504192073102027373033334050270  7 12 22 15 18 18 27 48 211.15  9071.80
8504202073115057633320305767377 48 67 94 18  7 15 67111 531.67 11072.30
8504212073128373805747574337477236154207 67 39 67 32 221031.98 17077.90
8504222073133023233723271723203 15  9  9 22  9 12  6  9 110.73 31089.80
8504232073143723272027302720210 22  9 12  7 12 15 12  7 120.73 28093.40
8504242073154043433323231313233 27 32 32 18  9  9  5  5 170.94 30089.00
8504252073163743404333232333277 22 32 27 32 18  9  9 18 211.15 37095.30
8504262073174750434020374047323 39 48 32 27  7 22 27 39 301.36 33088.30
8504272073183750373343473357337 22 48 22 18 32 39 18 67 331.36 31080.60
8504282073196757706747272720380111 67132111 39 12 12  7 611.77 27078.10
850429207320306033 720131710190 15 80 18  3  7  5  6  4 170.94 26083.20
85043020732117 3105373505033290  6  2  4 56154 48 48 18 421.57 26080.80
850501207322232323303023 323180  9  9  9 15 15  9  2  9 100.52 19080.50
8505022073235060605727171317300 48 80 80 67 12  6  5  6 381.46 15076.50
85050320732410 7202720171320133  4  3  7 12  7  6  5  7  60.31 14072.60
8505042073252027272327301310177  7 12 12  9 12 15  5  4 100.52 18070.80
8505052073261320201013202727150  5  7  7  4  5  7 12 12  70.42 16071.30
8505062073273723331017201723180 22  9 18  4  6  7  6  9 100.63 14075.00
8505072074 13317131013101730143 18  6  5  4  5  4  6 15  80.42 32079.00
8505082074 22317202713231327163  9  6  7 12  5  9  5 12  80.42 44083.70
8505092074 327302323131020 0147 12 15  9  9  5  4  7  0  80.42 56089.60
8505102074 4 0 0 3 310101733 77  0  0  2  2  4  4  6 18  40.21 49091.70
8505112074 520202313 71013 7113  7  7  9  5  3  4  5  3  50.21 49089.90
8505122074 61013332733233030200  4  5 18 12 18  9 15 15 120.73 33092.10
8505132074 73327131317272337190 18 12  5  5  6 12  9 22 110.63 32091.90
8505142074 83323171313172313153 18  9  6  5  5  6  9  5  80.42 32090.60
8505152074 93733232327332737240 22 18  9  9 12 18 12 22 150.94 32092.00
8505162074101017171727303037183  4  6  6  6 12 15 15 22 110.63 31095.50
8505172074111710 71327231730143  6  4  3  5 12  9  6 15  80.42 38092.30
8505182074122717131023232730170 12  6  5  4  9  9 12 15  90.52 41092.60
8505192074132723201320272323177 12  9  7  5  7 12  9  9  90.52 40089.60
8505202074142710 7 0 7172313103 12  4  3  0  3  6  9  5  50.21 37086.80
8505212074151717 7 717272727143  6  6  3  3  6 12 12 12  80.42 36084.30
85052220741617171310 3 71713 97  6  6  5  4  2  3  6  5  50.21 34082.70
8505232074172323 7 3 7 31010 87  9  9  3  2  3  2  4  4  40.21 32080.00
8505242074181310 3 3 7102723 97  5  4  2  2  3  4 12  9  50.21 25078.30
850525207419 3 7 7 313272343127  2  3  3  2  5 12  9 32  80.52 19077.20
8505262074203317101723272317167 18  6  4  6  9 12  9  6  90.52 11075.50
850527207421131713202310 710113  5  6  5  7  9  4  3  4  50.21 12074.60
850528207422 713101017101317 97  3  5  4  4  6  4  5  6  50.21 12072.70
850529207423171317 3 3131010 87  6  5  6  2  2  5  4  4  40.10 10072.40
850530207424 0 3 7 710 7 317 53  0  2  3  3  4  3  2  6  30.10  8071.40
850531207425302317 3 3 71327123 15  9  6  2  2  3  5 12  70.31  8069.60
8506012074264337303723303027257 32 22 15 22  9 15 15 12 181.05 10069.40
8506022074271713101320102317123  6  5  4  5  7  4  9  6  60.31  0072.40
8506032075 1 7 3 0 713171713 77  3  2  0  3  5  6  6  5  40.10 11074.60
8506042075 217 310 713171713 97  6  2  4  3  5  6  6  5  50.21 26077.50
8506052075 31313131010101317100  5  5  5  4  4  4  5  6  50.21 35084.20
8506062075 42730172347503053277 12 15  6  9 39 48 15 56 251.26 37087.40
8506072075 53743474347434327330 22 32 39 32 39 32 32 12 301.36 38088.40
8506082075 64043373323232020240 27 32 22 18  9  9  7  7 160.94 42088.90
8506092075 713232310 7234763210  5  9  9  4  3  9 39 94 221.15 42089.80
8506102075 85357474323233030307 56 67 39 32  9  9 15 15 301.36 58091.70
8506112075 92733202317232727197 12 18  7  9  6  9 12 12 110.63 66091.30
8506122075103030271320202320183 15 15 12  5  7  7  9  7 100.52 54089.80
850613207511 7 7 7 313171323 90  3  3  3  2  5  6  5  9  40.21 45089.10
85061420751213 713 710 7 317 77  5  3  5  3  4  3  2  6  40.10 36085.30
8506152075131730 7 3 3 71710 93  6 15  3  2  2  3  6  4  50.21 37083.80
850616207514 71010 3 3 3 710 53  3  4  4  2  2  2  3  4  30.10 30080.90
8506172075152010131023331717143  7  4  5  4  9 18  6  6  70.42 21077.30
850618207516 713 710132010 7 87  3  5  3  4  5  7  4  3  40.10 18073.70
85061920751710 7 71010 7 7 7 63  4  3  3  4  4  3  3  3  30.10 10072.20
850620207518 317101733502030180  2  6  4  6 18 48  7 15 130.84  9071.90
8506212075191723171723171317143  6  9  6  6  9  6  5  6  70.31  9071.50
85062220752020272320 710 7 7120  7 12  9  7  3  4  3  3  60.31  9071.60
8506232075212720 7172717 710130 12  7  3  6 12  6  3  4  70.31 12071.80
850624207522 7 3101013131323 93  3  2  4  4  5  5  5  9  50.21 13070.80
8506252075233023301317204030203 15  9 15  5  6  7 27 15 120.73 12071.00
8506262075242727273743304737273 12 12 12 22 32 15 39 22 211.15 10070.00
8506272075253020231720373333213 15  7  9  6  7 22 18 18 130.73  8070.20
8506282075264033333033273037263 27 18 18 15 18 12 15 22 181.05  8071.00
8506292075273020274027273020220 15  7 12 27 12 12 15  7 130.84  9072.20
8506302076 123 7 71313203340157  9  3  3  5  5  7 18 27 100.52 11074.70
8507012076 25023301320202323203 48  9 15  5  7  7  9  9 140.84 21076.90
8507022076 313 7 3 3 7 71013 63  5  3  2  2  3  3  4  5  30.10 27079.10
8507032076 4101710 313132033120  4  6  4  2  5  5  7 18  60.31 30081.20
8507042076 53323303360405347320 18  9 15 18 80 27 56 39 331.36 32080.40
8507052076 63030273033233040243 15 15 12 15 18  9 15 27 160.94 38083.30
8507062076 73330332730274050270 18 15 18 12 15 12 27 48 211.15 43087.40
8507072076 84340332737272333263 32 27 18 12 22 12  9 18 191.05 71097.70
8507082076 91323272727374340237  5  9 12 12 12 22 32 27 160.94 67096.60
8507092076102740231010101010140 12 27  9  4  4  4  4  4  80.52 82100.90
8507102076112017101013233330157  7  6  4  4  5  9 18 15  80.52 82104.60
8507112076122727232023203323197 12 12  9  7  9  7 18  9 100.63 61097.30
8507122076134350375350506730380 32 48 22 56 48 48111 15 481.67 45092.90
8507132076142313174040374740257  9  5  6 27 27 22 39 27 201.05 25085.60
8507142076153743433027201313227 22 32 32 15 12  7  5  5 160.94  9076.50
8507152076161737202013101010137  6 22  7  7  5  4  4  4  70.42  8073.00
850716207617101010 713171317 97  4  4  4  3  5  6  5  6  50.21  9071.90
8507172076183337175047302020253 18 22  6 48 39 15  7  7 201.05 11071.90
8507182076193323202327272737217 18  9  7  9 12 12 12 22 130.73 11071.80
85071920762020131730301710 3140  7  5  6 15 15  6  4  2  80.42 11071.70
8507202076211327131723331710153  5 12  5  6  9 18  6  4  80.42 11071.70
85072120762217202017 7 7 710103  6  7  7  6  3  3  3  4  50.21 10071.20
850722207623 7 7131013 32017 90  3  3  5  4  5  2  7  6  40.21 10071.00
8507232076241743302720132730207  6 32 15 12  7  5 12 15 130.73 18071.10
8507242076251717233027233730203  6  6  9 15 12  9 22 15 120.73 12071.00
8507252076263330302310233023203 18 15 15  9  4  9 15  9 120.73 10075.60
8507262076272040232720233743233  7 27  9 12  7  9 22 32 160.94 13077.40
8507272077 13033373733171730233 15 18 22 22 18  6  6 15 150.94 12079.20
8507282077 23327172720274023213 18 12  6 12  7 12 27  9 130.73 36081.20
8507292077 31313 7 713172013103  5  5  3  3  5  6  7  5  50.21 51083.50
8507302077 41730202740231320190  6 15  7 12 27  9  5  7 110.63 46083.80
8507312077 51727405347534353333  6 12 27 56 39 56 32 56 361.46 40082.40
8508012077 64030232743332333253 27 15  9 12 32 18  9 18 181.05 35080.50
8508022077 72330272013303027200  9 15 12  7  5 15 15 12 110.63 25080.40
8508032077 82317 71310202320133  9  6  3  5  4  7  9  7  60.31 27079.20
8508042077 92023201320101717140  7  9  7  5  7  4  6  6  60.31 27079.30
850805207710 71010 710101010 73  3  4  4  3  4  4  4  4  40.10 20078.50
85080620771110 3 7 3 3 717 7 57  4  2  3  2  2  3  6  3  30.10 14077.90
85080720771213 3 7 3 3 31023 67  5  2  3  2  2  2  4  9  40.10 12079.50
8508082077132317101013101723123  9  6  4  4  5  4  6  9  60.31 12078.50
85080920771420 7 3 3 3 72723 93  7  3  2  2  2  3 12  9  50.21 17074.90
8508102077151723302313131313147  6  9 15  9  5  5  5  5  70.42 12072.80
8508112077163317 31310 0 3 3 83 18  6  2  5  4  0  2  2  50.21 12068.40
850812207717 7 3102023336360220  3  2  4  7  9 18 94 80 271.26 12069.70
8508132077185760504733304343363 67 80 48 39 18 15 32 32 411.57  0069.00
8508142077193030372323171723200 15 15 22  9  9  6  6  9 110.73  0069.20
8508152077202730332723172723207 12 15 18 12  9  6 12  9 120.73  0069.00
8508162077212320172327172727180  9  7  6  9 12  6 12 12  90.52 14068.20
850817207722 733302320231323173  3 18 15  9  7  9  5  9  90.52 12067.80
8508182077231323202323272743200  5  9  7  9  9 12 12 32 120.73 11068.50
850819207724304323 713102330180 15 32  9  3  5  4  9 15 120.73 12069.10
8508202077253033271027272027200 15 18 12  4 12 12  7 12 120.73 10070.50
8508212077263027272310171730180 15 12 12  9  4  6  6 15 100.63  9070.40
8508222077273730475027404733310 22 15 39 48 12 27 39 18 281.26  0072.70
8508232078 14337203727233033250 32 22  7 22 12  9 15 18 170.94  0072.90
8508242078 23323171313101013133 18  9  6  5  5  4  4  5  70.42  0072.00
8508252078 32340503027271727240  9 27 48 15 12 12  6 12 181.05  0072.40
8508262078 43733201323233340223 22 18  7  5  9  9 18 27 140.84  8072.30
8508272078 54030234023302320230 27 15  9 27  9 15  9  7 150.84  8073.10
8508282078 62320203020373733220  9  7  7 15  7 22 22 18 130.84 10073.10
8508292078 73333332737304023257 18 18 18 12 22 15 27  9 170.94  9073.10
8508302078 83333 7 7 7273323170 18 18  3  3  3 12 18  9 100.63  8073.90
8508312078 93740505043473733337 22 27 48 48 32 39 22 18 321.36  9074.00
8509012078101317 3 310172327113  5  6  2  2  4  6  9 12  60.31  7073.00
850902207811 713 7171313 710 87  3  5  3  6  5  5  3  4  40.10  0072.80
850903207812 3172013 7 7 313 83  2  6  7  5  3  3  2  5  40.10  0073.10
850904207813 317 3 3 0 7 7 3 43  2  6  2  2  0  3  3  2  20.00  0073.50
850905207814 0 7 3 3 3 31017 47  0  3  2  2  2  2  4  6  30.00  0072.20
8509062078151020131323302733170  4  7  5  5  9 15 12 18  90.52  0072.50
8509072078163030201313132323167 15 15  7  5  5  5  9  9  90.52  0070.90
8509082078171313231733302723180  5  5  9  6 18 15 12  9 100.63  0070.30
8509092078182023233330303027217  7  9  9 18 15 15 15 12 120.73  0070.60
8509102078191727372713203033203  6 12 22 12  5  7 15 18 120.73  0070.20
8509112078202327302013103313170  9 12 15  7  5  4 18  5  90.52  7069.20
85091220782117 3131017231713113  6  2  5  4  6  9  6  5  50.21  0068.50
850913207822 31710231013 320100  2  6  4  9  4  5  2  7  50.21  9070.60
8509142078232323474763302727287  9  9 39 39 94 15 12 12 291.36  9070.30
8509152078241727 71020206037197  6 12  3  4  7  7 80 22 181.05  9071.10
8509162078254750275350372740330 39 48 12 56 48 22 12 27 331.36  9070.20
8509172078263330233030173023217 18 15  9 15 15  6 15  9 130.73  8070.00
85091820782717101720171710 7113  6  4  6  7  6  6  4  3  50.21 10070.40
8509192079 12320336037535737320  9  7 18 80 22 56 67 22 351.46 10070.70
8509202079 24350434733303043320 32 48 32 39 18 15 15 32 291.36  9069.80
8509212079 33733434033433727293 22 18 32 27 18 32 22 12 231.15  8069.50
8509222079 43030372033272317217 15 15 22  7 18 12  9  6 130.73  7069.80
8509232079 513233337101713 3150  5  9 18 22  4  6  5  2  90.52  0069.10
8509242079 6 723233333374040237  3  9  9 18 18 22 27 27 170.94  0069.00
8509252079 72727402327374037257 12 12 27  9 12 22 27 22 181.05  0068.80
8509262079 827303750 7173340240 12 15 22 48  3  6 18 27 191.05  0068.40
8509272079 92333373720133047240  9 18 22 22  7  5 15 39 170.94  0067.70
8509282079102017132323131013133  7  6  5  9  9  5  4  5  60.31  0067.70
8509292079111313 31710 71313 90  5  5  2  6  4  3  5  5  40.21  7068.30
8509302079122310 7 7 7101323100  9  4  3  3  3  4  5  9  50.21  7068.30
85100120791313 7 3 3 7 7 7 7 53  5  3  2  2  3  3  3  3  30.10  0068.30
85100220791423132013 3101317113  9  5  7  5  2  4  5  6  50.21  0067.50
8510032079151023272730332317190  4  9 12 12 15 18  9  6 110.63  0068.70
8510042079162730272320173033207 12 15 12  9  7  6 15 18 120.73  0068.30
8510052079172760605043507063423 12 80 80 48 32 48132 94 661.77  0067.00
8510062079185340575350403343370 56 27 67 56 48 27 18 32 411.57  0066.00
8510072079194043403327504037310 27 32 27 18 12 48 27 22 271.26  0065.90
8510082079203337303023333723247 18 22 15 15  9 18 22  9 160.94  0065.80
851009207921172723 313132010127  6 12  9  2  5  5  7  4  60.31  0066.00
8510102079221020231317 72317130  4  7  9  5  6  3  9  6  60.31  0066.70
8510112079232027332723373737240  7 12 18 12  9 22 22 22 160.94  0067.70
8510122079244720171320272323190 39  7  6  5  7 12  9  9 120.73  0066.90
8510132079252747272337433030263 12 39 12  9 22 32 15 15 201.05 11066.70
8510142079262030173317171710160  7 15  6 18  6  6  6  4  80.52 13069.80
8510152079271747532320232030233  6 39 56  9  7  9  7 15 181.05 15071.70
8510162080 14040433323271023240 27 27 32 18  9 12  4  9 170.94 25073.20
8510172080 23033202330373330237 15 18  7  9 15 22 18 15 150.84 19075.50
8510182080 34023234043373743287 27  9  9 27 32 22 22 32 221.15 20075.50
8510192080 440303340231310 7197 27 15 18 27  9  5  4  3 140.84 31077.60
8510202080 51020272017 720 3123  4  7 12  7  6  3  7  2  60.31 44079.40
8510212080 6 723272730502733223  3  9 12 12 15 48 12 18 160.94 50084.70
8510222080 73740401717233733243 22 27 27  6  6  9 22 18 170.94 72094.30
8510232080 83027233023272337220 15 12  9 15  9 12  9 22 130.73 67093.10
8510242080 927232310 3202713147 12  9  9  4  2  7 12  5  80.42 63092.50
8510252080102730202017232320180 12 15  7  7  6  9  9  7  90.52 55088.60
851026208011 710171313 0 710 77  3  4  6  5  5  0  3  4  40.10 40083.00
851027208012 7 310 7 3 71323 73  3  2  4  3  2  3  5  9  40.10 27078.50
85102820801323101713 3 0 3 3 73  9  4  6  5  2  0  2  2  40.10 14076.70
851029208014333330372017 3 7180 18 18 15 22  7  6  2  3 110.73 11073.60
851030208015 7 7 7 710 317 7 63  3  3  3  3  4  2  6  3  30.10  0070.50
8510312080161020 71713272310127  4  7  3  6  5 12  9  4  60.31  0069.60
8511012080172727232730374323237 12 12  9 12 15 22 32  9 150.94  0069.00
851102208018 320302747436057287  2  7 15 12 39 32 80 67 321.36  0068.80
8511032080195347274737432330307 56 39 12 39 22 32  9 15 281.26  0068.00
8511042080204337302017333023233 32 22 15  7  6 18 15  9 160.94  0067.60
8511052080211310172723202340173  5  4  6 12  9  7  9 27 100.63 16068.50
8511062080223047201727301717203 15 39  7  6 12 15  6  6 130.84 19070.00
8511072080232030202010 31320137  7 15  7  7  4  2  5  7  70.31 19071.80
85110820802427 3 7 017132723117 12  2  3  0  6  5 12  9  60.31 18073.70
8511092080252027103030403720213  7 12  4 15 15 27 22  7 140.84 25072.90
8511102080263333303330202750257 18 18 15 18 15  7 12 48 191.05 15072.50
8511112080273023272720202320190 15  9 12 12  7  7  9  7 100.52 17074.70
8511122081 1 71710 7 7 31720 87  3  6  4  3  3  2  6  7  40.10 19074.70
8511132081 22723202340336043270 12  9  7  9 27 18 80 32 241.26 30074.30
8511142081 34333202730273037247 32 18  7 12 15 12 15 22 170.94 44076.80
8511152081 43730133340203030233 22 15  5 18 27  7 15 15 160.94 48082.20
8511162081 52730202723202027193 12 15  7 12  9  7  7 12 100.63 39078.80
8511172081 6 717232333473723210  3  6  9  9 18 39 22  9 140.84 43077.40
8511182081 72737302027303337240 12 22 15  7 12 15 18 22 150.94 37077.30
8511192081 84350131710172013183 32 48  5  6  4  6  7  5 140.84 30075.70
8511202081 910 7 310 3 0 717 57  4  3  2  4  2  0  3  6  30.10 28075.70
85112120811020101010 7 32020100  7  4  4  4  3  2  7  7  50.21 18073.70
85112220811130331013201323 3147 15 18  4  5  7  5  9  2  80.42 12073.10
8511232081121017 7 7 7 7 313 70  4  6  3  3  3  3  2  5  40.10 10072.80
851124208113 317131010 3 317 77  2  6  5  4  4  2  2  6  40.10  0071.90
8511252081142313101720101310117  9  5  4  6  7  4  5  4  60.21  0070.30
85112620811513302713 3 31013113  5 15 12  5  2  2  4  5  60.31  0069.50
851127208116 737473340432323253  3 22 39 18 27 32  9  9 201.05  0069.80
85112820811727331320 7131713143 12 18  5  7  3  5  6  5  80.42  0069.00
851129208118 7 3303330376767273  3  2 15 18 15 22111111 371.46  0069.10
8511302081197353574753333323373154 56 67 39 56 18 18  9 521.67  0068.80
8512012081202030173023234737227  7 15  6 15  9  9 39 22 150.94  0067.80
8512022081213733372023233323230 22 18 22  7  9  9 18  9 140.84 16068.40
8512032081222027231720332013173  7 12  9  6  7 18  7  5  90.52 13068.50
8512042081231330172720304027203  5 15  6 12  7 15 27 12 120.73  0068.30
8512052081243023132023202013163 15  9  5  7  9  7  7  5  80.42 18069.70
8512062081252317232020131313143  9  6  9  7  7  5  5  5  70.31 26071.10
85120720812610101320 71320 7100  4  4  5  7  3  5  7  3  50.21 15071.90
851208208127 7 0 7 7 71013 3 53  3  0  3  3  3  4  5  2  30.10 12073.10
8512092082 12317 3 310132317110  9  6  2  2  4  5  9  6  50.21 16075.20
8512102082 22727234343332327247 12 12  9 32 32 18  9 12 170.94 15075.50
8512112082 34327201317202027187 32 12  7  5  6  7  7 12 110.63 18076.60
8512122082 4202010 3 7172333133  7  7  4  2  3  6  9 18  70.42 19077.30
8512132082 54043375350372340323 27 32 22 56 48 22  9 27 301.36 18075.60
8512142082 63327232020232037203 18 12  9  7  7  9  7 22 110.73 30076.30
8512152082 737272310 3132727167 22 12  9  4  2  5 12 12 100.52 47080.20
8512162082 8271023 710 71323120 12  4  9  3  4  3  5  9  60.31 66083.80
8512172082 94017171017171310140 27  6  6  4  6  6  5  4  80.42 63080.30
851218208210 710333040301720187  3  4 18 15 27 15  6  7 120.73 52078.40
8512192082113347575043505040370 18 39 67 48 32 48 48 27 411.57 40077.50
8512202082124030273023 7 710173 27 15 12 15  9  3  3  4 110.63 24075.40
85122120821317231317 3 31010 97  6  9  5  6  2  2  4  4  50.21 17075.10
85122220821410272317201310 7127  4 12  9  6  7  5  4  3  60.31 11073.40
851223208215 7 317 7 7 71723 87  3  2  6  3  3  3  6  9  40.21  0071.20
85122420821633234020171313 0160 18  9 27  7  6  5  5  0 100.52  0069.90
85122520821713 0 7 710131337100  5  0  3  3  4  5  5 22  60.31  0067.30
8512262082183333101717 713 7137 18 18  4  6  6  3  5  3  80.42  0066.30
8512272082191323202020174337193  5  9  7  7  7  6 32 22 120.73  0066.20
8512282082204353504343474327350 32 56 48 32 32 39 32 12 351.46  0066.20
8512292082212330171310 71020130  9 15  6  5  4  3  4  7  70.31  0066.00
8512302082225057604040534043383 48 67 80 27 27 56 27 32 461.57  0066.30
8512312082233730373340434030290 22 15 22 18 27 32 27 15 221.15  0066.60
