8701012096112330373733333733263  9 15 22 22 18 18 22 18 181.05 19071.60
8701022096121027232037271720180  4 12  9  7 22 12  6  7 100.63 15070.50
8701032096132027231713 71313133  7 12  9  6  5  3  5  5  60.31 13069.10
87010420961413 7 3 0 0 71013 53  5  3  2  0  0  3  4  5  30.00 12069.00
87010520961513 3 7 3 01010 7 53  5  2  3  2  0  4  4  3  30.10 11070.30
870106209616 717 710 7 3 310 63  3  6  3  4  3  2  2  4  30.10 10069.30
8701072096171317 7 3 3 71327 90  5  6  3  2  2  3  5 12  50.21 11069.70
8701082096182313171717232020150  9  5  6  6  6  9  7  7  70.31  0068.20
8701092096192020403323171010173  7  7 27 18  9  6  4  4 100.63  0068.00
87011020962010172320201010 7117  4  6  9  7  7  4  4  3  60.21  0067.40
870111209621 31313 7 7102327103  2  5  5  3  3  4  9 12  50.21  0068.00
8701122096222737272717201310177 12 22 12 12  6  7  5  4 100.63  0069.00
8701132096231710131313231717123  6  4  5  5  5  9  6  6  60.31  0069.70
870114209624101017 7201020 3 97  4  4  6  3  7  4  7  2  50.21  8071.10
870115209625 310 7 3 3132330 93  2  4  3  2  2  5  9 15  50.21  9071.50
8701162096262723173030373013207 12  9  6 15 15 22 15  5 120.73  0070.60
8701172096273027101313172037167 15 12  4  5  5  6  7 22 100.52 13070.70
8701182097 130131723 7131727147 15  5  6  9  3  5  6 12  80.42 13070.60
8701192097 2 710302320132020143  3  4 15  9  7  5  7  7  70.42  9070.00
8701202097 31730373030434023250  6 15 22 15 15 32 27  9 181.05  9068.90
8701212097 41720232733132327183  6  7  9 12 18  5  9 12 100.52 14071.30
8701222097 52320201323233327183  9  7  7  5  9  9 18 12 100.52 20073.60
8701232097 62730173323132030193 12 15  6 18  9  5  7 15 110.63 23072.10
8701242097 72327231310202010147  9 12  9  5  4  7  7  4  70.42 14071.60
8701252097 8 327231717201723147  2 12  9  6  6  7  6  9  70.42 13071.50
8701262097 927232317231313 3143 12  9  9  6  9  5  5  2  70.42 14072.60
8701272097101027133027 7 710130  4 12  5 15 12  3  3  4  70.42 13069.90
8701282097112323231717333033200  9  9  9  6  6 18 15 18 110.63 20070.80
8701292097124733201013 7 713150 39 18  7  4  5  3  3  5 100.63 15070.60
87013020971317 3 0 3 7171310 70  6  2  0  2  3  6  5  4  40.10 14069.90
870131209714333317171310 713143 18 18  6  6  5  4  3  5  80.42 11068.70
8702012097152727101020131320140 12 12  4  4  7  5  5  7  70.42  0069.20
87020220971613 71010102010 3 83  5  3  4  4  4  7  4  2  40.10  0069.80
87020320971717131710 3 3 7 7 77  6  5  6  4  2  2  3  3  40.10  0070.00
870204209718 7 3 3 7102320 7 80  3  2  2  3  4  9  7  3  40.10  0068.30
870205209719 3 31017 720 717 83  2  2  4  6  3  7  3  6  40.10  0067.50
8702062097203017 31020131330137 15  6  2  4  7  5  5 15  70.42  0067.70
8702072097212317171723232333177  9  6  6  6  9  9  9 18  90.52  0069.10
8702082097222333371723373720227  9 18 22  6  9 22 22  7 140.84  0068.90
8702092097232323173027271033190  9  9  6 15 12 12  4 18 110.63  0069.20
8702102097243030202313231010160 15 15  7  9  5  9  4  4  80.52  7069.20
8702112097252310 7 010133717117  9  4  3  0  4  5 22  6  70.31  0068.50
8702122097264030332740432317253 27 15 18 12 27 32  9  6 181.05  0067.80
870213209727232310 0 7 31010 87  9  9  4  0  3  2  4  4  40.21  0067.90
8702142098 1101717171313 7 3 97  4  6  6  6  5  5  3  2  50.21  8068.30
8702152098 2 317101727171720127  2  6  4  6 12  6  6  7  60.31  7069.40
8702162098 32320232730333317207  9  7  9 12 15 18 18  6 120.73  0068.40
8702172098 41020171320303027167  4  7  6  5  7 15 15 12  90.52  0068.20
8702182098 52017132317101730147  7  6  5  9  6  4  6 15  70.42  0069.70
8702192098 610 7 71010171323 97  4  3  3  4  4  6  5  9  50.21  0069.50
8702202098 71740405047434333313  6 27 27 48 39 32 32 18 291.36  0069.60
8702212098 83030473713372737257 15 15 39 22  5 22 12 22 191.05  7070.70
8702222098 92043403720202343247  7 32 27 22  7  7  9 32 181.05  7070.50
8702232098103330232737273320230 18 15  9 12 22 12 18  7 140.84  0070.50
8702242098112317172020234037197  9  6  6  7  7  9 27 22 120.73  0072.10
8702252098122713172317132310143 12  5  6  9  6  5  9  4  70.42  7073.50
87022620981313 3102720171010110  5  2  4 12  7  6  4  4  60.21  9073.90
8702272098141017272323333333200  4  6 12  9  9 18 18 18 120.73  8074.00
8702282098152017234027232737213  7  6  9 27 12  9 12 22 130.73  8072.70
8703012098162023131317273027170  7  9  5  5  6 12 15 12  90.52 13072.80
870302209817 0 313 7 717 713 67  0  2  5  3  3  6  3  5  30.10 23073.30
870303209818 323172010132320130  2  9  6  7  4  5  9  7  60.31 15071.60
8703042098193720132723201327180 22  7  5 12  9  7  5 12 100.63 16073.30
8703052098201733204040433343270  6 18  7 27 27 32 18 32 211.15 24073.70
8703062098213023232013 72733177 15  9  9  7  5  3 12 18 100.52 23075.60
8703072098224340473343132317260 32 27 39 18 32  5  9  6 211.15 24075.40
8703082098233023333027331320210 15  9 18 15 12 18  5  7 120.73 22076.90
87030920982433372313101310 7147 18 22  9  5  4  5  4  3  90.52 14073.50
870310209825132333274030 7 0173  5  9 18 12 27 15  3  0 110.63 11071.30
8703112098261317232023302713167  5  6  9  7  9 15 12  5  80.52  9070.50
8703122098273033203017133043217 15 18  7 15  6  5 15 32 140.84  0069.40
8703132099 13020232317101023157 15  7  9  9  6  4  4  9  80.42  0069.50
8703142099 22027202320172317167  7 12  7  9  7  6  9  6  80.42 10071.10
8703152099 32033273020132023187  7 18 12 15  7  5  7  9 100.63 11070.50
8703162099 43010272733132730197 15  4 12 12 18  5 12 15 120.73 11070.90
8703172099 53340201717171013167 18 27  7  6  6  6  4  5 100.63 22071.20
8703182099 62310201023373040193  9  4  7  4  9 22 15 27 120.73 21072.50
8703192099 74030232720102023193 27 15  9 12  7  4  7  9 110.63 12071.50
8703202099 810 3 7 710131013 73  4  2  3  3  4  5  4  5  40.10 12073.80
8703212099 91313203037434043240  5  5  7 15 22 32 27 32 181.05 15074.10
8703222099104323202313204037220 32  9  7  9  5  7 27 22 150.84 17073.80
870323209911171720202017 7 3120  6  6  7  7  7  6  3  2  60.21 19075.50
870324209912 7 32710 3101713 90  3  2 12  4  2  4  6  5  50.21 19075.90
870325209913 3 0 7 713371327107  2  0  3  3  5 22  5 12  60.31 16075.70
8703262099142727303327332710213 12 12 15 18 12 18 12  4 130.73 12075.50
8703272099153037334743473337307 15 22 18 39 32 39 18 22 261.26 11075.40
87032820991643333023171013 7177 32 18 15  9  6  4  5  3 120.73 12074.90
870329209917 7132720 3 71310100  3  5 12  7  2  3  5  4  50.21 13075.30
870330209918 710 710171317 3 83  3  4  3  4  6  5  6  2  40.10 15074.50
870331209919 717101013 710 7 80  3  6  4  4  5  3  4  3  40.10 15071.90
8704012099202737332017172010180 12 22 18  7  6  6  7  4 100.63 14072.50
870402209921 72013171013 3 3 87  3  7  5  6  4  5  2  2  40.10 12071.90
870403209922 0 0 3 3 3 3 7 3 23  0  0  2  2  2  2  3  2  20.00 10072.40
870404209923 737204347331313213  3 22  7 32 39 18  5  5 160.94 13073.90
8704052099243033201327332727210 15 18  7  5 12 18 12 12 120.73 28077.60
8704062099251727 71727231017143  6 12  3  6 12  9  4  6  70.42 47089.30
87040720992633373720273013 7203 18 22 22  7 12 15  5  3 130.73 56094.40
8704082099271320302723233330200  5  7 15 12  9  9 18 15 110.63 64094.70
8704092100 11317132323203317160  5  6  5  9  9  7 18  6  80.42 69100.50
8704102100 243401717 7 7 7 0137 32 27  6  6  3  3  3  0 100.63 77100.00
8704112100 3 72323202717 717140  3  9  9  7 12  6  3  6  70.31 80101.20
8704122100 41023 7 71310 320 93  4  9  3  3  5  4  2  7  50.21 80098.60
8704132100 520131727 7433033190  7  5  6 12  3 32 15 18 120.73 79099.20
8704142100 6 310102030231710123  2  4  4  7 15  9  6  4  60.31 77097.70
8704152100 72013 71020202013123  7  5  3  4  7  7  7  5  60.31 78097.70
8704162100 8 71313101310 013 80  3  5  5  4  5  4  0  5  40.10 60095.30
8704172100 923 7 3 7171713 7 93  9  3  2  3  6  6  5  3  50.21 41097.20
870418210010 7 7 71310101010 73  3  3  3  5  4  4  4  4  40.10 36094.00
8704192100112023332713101713157  7  9 18 12  5  4  6  5  80.42 29091.70
870420210012133737402013 3 3167  5 22 22 27  7  5  2  2 120.73 12085.70
870421210013 0201710 3 3 0 0 53  0  7  6  4  2  2  0  0  30.00 19078.30
870422210014 020101313101317 97  0  7  4  5  5  4  5  6  40.21 26076.50
870423210015 717 7 7 7 7 710 67  3  6  3  3  3  3  3  4  40.10 25076.50
8704242100162323232333132317180  9  9  9  9 18  5  9  6  90.52 35078.60
870425210017 713131013131013 93  3  5  5  4  5  5  4  5  40.21 25075.80
8704262100181313 310201010 7 87  5  5  2  4  7  4  4  3  40.10 21074.20
8704272100191013302717302017163  4  5 15 12  6 15  7  6  90.52 11074.80
87042821002017 0 0 3 3 0 310 37  6  0  0  2  2  0  2  4  20.00 14074.30
87042921002113 7 710 3102313 87  5  3  3  4  2  4  9  5  40.21 20073.50
870430210022 7 7 7 7 7131317 77  3  3  3  3  3  5  5  6  40.10 30076.80
870501210023 7 3133017202327140  3  2  5 15  6  7  9 12  70.42 39079.30
8705022100241710201710171713120  6  4  7  6  4  6  6  5  60.21 40080.20
870503210025 7102723231313 3120  3  4 12  9  9  5  5  2  60.31 27082.70
870504210026101727131313 7 7107  4  6 12  5  5  5  3  3  50.21 23084.40
870505210027 3 3 717132017 7 87  2  2  3  6  5  7  6  3  40.10 24086.10
8705062101 1 3 3 0 313172727 93  2  2  0  2  5  6 12 12  50.21 27087.80
8705072101 2273320201313 713147 12 18  7  7  5  5  3  5  80.42 34088.10
8705082101 31020 710 710 313 80  4  7  3  4  3  4  2  5  40.10 25089.00
8705092101 4 71713171310 710 93  3  6  5  6  5  4  3  4  40.21 23087.30
8705102101 51013203737231710167  4  5  7 22 22  9  6  4 100.63 25089.40
8705112101 617101013 7102027113  6  4  4  5  3  4  7 12  60.31 26086.40
8705122101 7 7 7 0 0 3 3 713 40  3  3  0  0  2  2  3  5  20.00 23085.30
8705132101 8 710201013202030130  3  4  7  4  5  7  7 15  60.31 22087.40
8705142101 93017202030201723177 15  6  7  7 15  7  6  9  90.52 13091.10
870515210110 31013131317 7 7 83  2  4  5  5  5  6  3  3  40.10 39093.60
870516210111 7171010101017 7 87  3  6  4  4  4  4  6  3  40.10 50098.10
87051721011210 7 3 710101313 73  4  3  2  3  4  4  5  5  40.10 68096.70
870518210113 7 3 7 3 3 7 7 3 40  3  2  3  2  2  3  3  2  20.00 54098.40
870519210114 3 3 3 3 310 310 40  2  2  2  2  2  4  2  4  20.00 65100.10
87052021011517 710 71010 717 83  6  3  4  3  4  4  3  6  40.10 46099.80
8705212101161310 3 3 3 7 7 3 50  5  4  2  2  2  3  3  2  30.10 41099.90
870522210117 713101323301720133  3  5  4  5  9 15  6  7  70.31 38101.00
8705232101181717201713202730160  6  6  7  6  5  7 12 15  80.42 40094.80
8705242101192033272727404050263  7 18 12 12 12 27 27 48 201.05 38098.50
8705252101203057433043273710277 15 67 32 15 32 12 22  4 251.26 37096.80
870526210121 713202020204020160  3  5  7  7  7  7 27  7  90.52 37092.30
8705272101222730373723203027230 12 15 22 22  9  7 15 12 140.84 35087.50
8705282101232017172017103043173  7  6  6  7  6  4 15 32 100.63 21085.10
87052921012433474347401713 3243 18 39 32 39 27  6  5  2 211.15 17079.20
870530210125 3 7132733233017153  2  3  5 12 18  9 15  6  90.52 15077.90
8705312101261717232723273727197  6  6  9 12  9 12 22 12 110.63 12077.30
8706012101272713 71727172023150 12  5  3  6 12  6  7  9  80.42 15077.70
8706022102 13330231310101010140 18 15  9  5  4  4  4  4  80.42 11077.90
8706032102 2 310 71313101320 90  2  4  3  5  5  4  5  7  40.21  0076.40
8706042102 32013132020131317130  7  5  5  7  7  5  5  6  60.31  0077.30
8706052102 41317131023272323150  5  6  5  4  9 12  9  9  70.42 10076.10
8706062102 51020504743334040283  4  7 48 39 32 18 27 27 251.26  0075.80
8706072102 63010102723232720170 15  4  4 12  9  9 12  7  90.52  0076.00
8706082102 7131013 7 7 7 310 70  5  4  5  3  3  3  2  4  40.10  0077.10
8706092102 8 7 3 7 7 310 720 63  3  2  3  3  2  4  3  7  30.10  0076.80
8706102102 91710 3101713 710 87  6  4  2  4  6  5  3  4  40.10  0078.10
8706112102101713173020201717150  6  5  6 15  7  7  6  6  70.42 11080.70
8706122102112027202733333027217  7 12  7 12 18 18 15 12 130.73 21082.10
8706132102122323171717101713137  9  9  6  6  6  4  6  5  60.31 14082.20
8706142102131713271713 7 717117  6  5 12  6  5  3  3  6  60.31 10080.60
870615210214 7 3 3 7 3232013 80  3  2  2  3  2  9  7  5  40.10 11080.40
8706162102151710231013203327153  6  4  9  4  5  7 18 12  80.42 12081.30
8706172102162717 71017 7 720110 12  6  3  4  6  3  3  7  60.21 14081.90
8706182102172017171713171317130  7  6  6  6  5  6  5  6  60.31 24082.90
8706192102183030434030131737240 15 15 32 27 15  5  6 22 170.94 13082.40
8706202102192013101720173330160  7  5  4  6  7  6 18 15  80.52 22081.10
87062121022027171010 3102023120 12  6  4  4  2  4  7  9  60.31 29082.60
87062221022110 71010 7101310 77  4  3  4  4  3  4  5  4  40.10 38087.10
870623210222 713 7 3 7 710 7 60  3  5  3  2  3  3  4  3  30.10 37087.50
870624210223 3102010 7202730127  2  4  7  4  3  7 12 15  70.31 38089.20
870625210224 710 713 7103333120  3  4  3  5  3  4 18 18  70.42 38086.30
870626210225372710 717132327160 22 12  4  3  6  5  9 12  90.52 41084.20
870627210226171317231310 3 3100  6  5  6  9  5  4  2  2  50.21 33078.90
870628210227 71713 7 7 31020 83  3  6  5  3  3  2  4  7  40.10 41079.20
8706292103 110171013 7131320103  4  6  4  5  3  5  5  7  50.21 25076.70
8706302103 21310 7 7 3 7 3 3 53  5  4  3  3  2  3  2  2  30.10 14075.90
8707012103 3 3 7 0 3 710 7 7 43  2  3  0  2  3  4  3  3  20.00  0076.00
8707022103 4 710 3 3 3 71713 63  3  4  2  2  2  3  6  5  30.10  0074.40
8707032103 51010 71710104033137  4  4  3  6  4  4 27 18  90.52  0073.70
8707042103 637232010 7132313147 22  9  7  4  3  5  9  5  80.42  0073.20
8707052103 72017201317101717130  7  6  7  5  6  4  6  6  60.31 13073.40
8707062103 81317101013131317107  5  6  4  4  5  5  5  6  50.21  0073.30
8707072103 9 7 7 7 710 720 7 70  3  3  3  3  4  3  7  3  40.10  9074.10
8707082103102027233027201723187  7 12  9 15 12  7  6  9 100.52 12076.10
8707092103111727271713232030173  6 12 12  6  5  9  7 15  90.52 13076.30
8707102103123327202733202010190 18 12  7 12 18  7  7  4 110.63 11076.30
8707112103132023231013132020143  7  9  9  4  5  5  7  7  70.31  0075.70
870712210314 720232323172023157  3  7  9  9  9  6  7  9  70.42  0075.50
87071321031513 7 7 710 31023 80  5  3  3  3  4  2  4  9  40.10  0075.10
87071421031620201713 3101717117  7  7  6  5  2  4  6  6  50.21  0076.60
8707152103171717333747404347280  6  6 18 22 39 27 32 39 241.15 11078.80
8707162103184033333717403040270 27 18 18 22  6 27 15 27 201.05 17080.90
8707172103192737273037172730230 12 22 12 15 22  6 12 15 140.84 12081.50
8707182103203027202323203023197 15 12  7  9  9  7 15  9 100.63 17082.50
8707192103212317 72023202727163  9  6  3  7  9  7 12 12  80.42 23085.10
8707202103221727131020202737170  6 12  5  4  7  7 12 22  90.52 33093.80
8707212103231717231313171317130  6  6  9  5  5  6  5  6  60.31 67095.60
8707222103242023272010132320157  7  9 12  7  4  5  9  7  80.42 87102.60
8707232103251013 7 713132027110  4  5  3  3  5  5  7 12  60.21102115.60
870724210326171310 717404030173  6  5  4  3  6 27 27 15 120.73 92115.00
8707252103273327334337272723250 18 12 18 32 22 12 12  9 170.94 88114.90
8707262104 1 7 71710 7 7 7 7 67  3  3  6  4  3  3  3  3  40.10 85109.80
8707272104 220171710171010 7107  7  6  6  4  6  4  4  3  50.21 77105.40
8707282104 31317233750434353280  5  6  9 22 48 32 32 56 261.26 60102.50
8707292104 46770535050271310340111132 56 48 48 12  5  4 521.67 60097.30
8707302104 53313131323132330163 18  5  5  5  9  5  9 15  90.52 62094.00
8707312104 63350301720102013193 18 48 15  6  7  4  7  5 140.84 73091.90
8708012104 73040201720171313170 15 27  7  6  7  6  5  5 100.52 45091.10
8708022104 8231317 313101010100  9  5  6  2  5  4  4  4  50.21 47089.70
8708032104 91013202030473013183  4  5  7  7 15 39 15  5 120.73 39087.10
8708042104101320131313202327143  5  7  5  5  5  7  9 12  70.31 33084.00
8708052104113333333023232317217 18 18 18 15  9  9  9  6 130.73 31081.60
8708062104121020232020302010153  4  7  9  7  7 15  7  4  80.42 32085.20
8708072104132310 710101010 7 87  9  4  3  4  4  4  4  3  40.21 38089.60
8708082104141317201720202743177  5  6  7  6  7  7 12 32 100.63 45093.90
8708092104153023271327131710160 15  9 12  5 12  5  6  4  80.52 39094.90
8708102104161010101010131313 90  4  4  4  4  4  5  5  5  40.21 47094.00
8708112104171713 7 317233023133  6  5  3  2  6  9 15  9  70.31 56099.80
8708122104183327232030373340243 18 12  9  7 15 22 18 27 160.94 48100.00
8708132104193330574327233033277 18 15 67 32 12  9 15 18 231.15 47101.80
8708142104203340232727273333243 18 27  9 12 12 12 18 18 160.94 49102.40
8708152104212330403737233343267  9 15 27 22 22  9 18 32 191.05 49101.30
8708162104223333303023172320210 18 18 15 15  9  6  9  7 120.73 55102.70
8708172104232323202030402320200  9  9  7  7 15 27  9  7 110.63 46101.30
8708182104241727171313171317133  6 12  6  5  5  6  5  6  60.31 43100.40
8708192104251327271327231323167  5 12 12  5 12  9  5  9  90.52 45099.00
8708202104262320202723202313170  9  7  7 12  9  7  9  5  80.42 51101.30
87082121042727131710 71313 3103 12  5  6  4  3  5  5  2  50.21 48096.60
8708222105 11010102313232717133  4  4  4  9  5  9 12  6  70.31 34094.40
8708232105 22020271727302727193  7  7 12  6 12 15 12 12 100.63 39091.80
8708242105 32020 73737232323190  7  7  3 22 22  9  9  9 110.63 35089.60
8708252105 42717374760535347340 12  6 22 39 80 56 56 39 391.46 35089.90
8708262105 55760474743374030360 67 80 39 39 32 22 27 15 401.57 34087.30
8708272105 63027333743474017273 15 12 18 22 32 39 27  6 211.15 24085.10
8708282105 72327101727274047217  9 12  4  6 12 12 27 39 150.94 23081.30
8708292105 83710133013333327197 22  4  5 15  5 18 18 12 120.73 11080.00
8708302105 92327472017303027220  9 12 39  7  6 15 15 12 140.84 10078.50
8708312105103337572757533330327 18 22 67 12 67 56 18 15 341.46 20083.20
8709012105114753433347433347347 39 56 32 18 39 32 18 39 341.36 33085.30
8709022105123737302020232313203 22 22 15  7  7  9  9  5 120.73 38085.50
870903210513 313201310 7 0 7 73  2  5  7  5  4  3  0  3  40.10 37087.50
8709042105141723 71320201723140  6  9  3  5  7  7  6  9  60.31 38089.70
8709052105152020202317101317140  7  7  7  9  6  4  5  6  60.31 39093.50
8709062105162317203020233017180  9  6  7 15  7  9 15  6  90.52 44095.60
870907210517 717232737271033180  3  6  9 12 22 12  4 18 110.63 56099.50
8709082105183323232723231320187 18  9  9 12  9  9  5  7 100.52 67102.00
8709092105192023402717101717170  7  9 27 12  6  4  6  6 100.52 64100.90
8709102105202010103763604057297  7  4  4 22 94 80 27 67 381.46 59097.80
8709112105215340435337475047370 56 27 32 56 22 39 48 39 401.46 58095.50
8709122105222337403033374340283  9 22 27 15 18 22 32 27 221.15 44091.20
8709132105234037202340502047277 27 22  7  9 27 48  7 39 231.15 25089.80
8709142105245047373733274330303 48 39 22 22 18 12 32 15 261.26 18086.80
8709152105254037433733434350327 27 22 32 22 18 32 32 48 291.36 21085.00
8709162105264727333730303030263 39 12 18 22 15 15 15 15 191.05 14083.60
8709172105272337303030333737257  9 22 15 15 15 18 22 22 170.94 25084.00
8709182106 12320232313201720160  9  7  9  9  5  7  6  7  70.42 32082.50
8709192106 217 3 72010 7 3 0 67  6  2  3  7  4  3  2  0  30.10 35082.70
8709202106 31020 71323374323177  4  7  3  5  9 22 32  9 110.73 38084.90
8709212106 42330232737171313183  9 15  9 12 22  6  5  5 100.63 32083.10
8709222106 53737272017474363290 22 22 12  7  6 39 32 94 291.36 23081.30
8709232106 657373320201713 7203 67 22 18  7  7  6  5  3 170.94 26080.40
8709242106 73743272320202723220 22 32 12  9  7  7 12  9 140.84 25080.30
8709252106 82737434753605357377 12 22 32 39 56 80 56 67 461.57 11077.90
8709262106 93047433730273317263 15 39 32 22 15 12 18  6 201.05 10076.50
8709272106103020172723203327197 15  7  6 12  9  7 18 12 110.63 19080.30
8709282106115027234340273333277 48 12  9 32 27 12 18 18 221.15 22082.30
8709292106123737273053534337317 22 22 12 15 56 56 32 22 301.36 26083.60
8709302106135060504340574027367 48 80 48 32 27 67 27 12 431.57 26081.90
8710012106143723302320303023217 22  9 15  9  7 15 15  9 130.73 34084.30
8710022106153020233720 713 3153 15  7  9 22  7  3  5  2  90.52 26084.80
871003210616 323434760505337317  2  9 32 39 80 48 56 22 361.46 37085.70
8710042106173030273740231010207 15 15 12 22 27  9  4  4 140.84 58089.20
8710052106181020132317131013120  4  7  5  9  6  5  4  5  60.31 48090.20
87100621061910131313 7102020107  4  5  5  5  3  4  7  7  50.21 48089.50
871007210620 313172340171013137  2  5  6  9 27  6  4  5  80.42 39091.00
87100821062130202030201320 7160 15  7  7 15  7  5  7  3  80.42 55095.00
871009210622 3 7 7 3 0 01720 57  2  3  3  2  0  0  6  7  30.10 50092.80
871010210623302713 710132013133 15 12  5  3  4  5  7  5  70.42 51101.20
8710112106242730403037575037307 12 15 27 15 22 67 48 22 281.26 63100.80
871012210625202010 727302023157  7  7  4  3 12 15  7  9  80.42 53102.30
8710132106263030303040434743293 15 15 15 15 27 32 39 32 241.15 74105.60
8710142106274340434037574327330 32 27 32 27 22 67 32 12 311.36 92113.40
8710152107 13047434737433723307 15 39 32 39 22 32 22  9 261.26101117.80
8710162107 22333372327332317217  9 18 22  9 12 18  9  6 130.73101111.20
8710172107 32313204047373330243  9  5  7 27 39 22 18 15 181.05 91106.10
8710182107 4201313201713 7 3107  7  5  5  7  6  5  3  2  50.21 86106.60
8710192107 51313 72027231313130  5  5  3  7 12  9  5  5  60.31 82100.50
8710202107 61010101013202340137  4  4  4  4  5  7  9 27  80.42 79095.70
8710212107 73330172320334020217 18 15  6  9  7 18 27  7 130.84 61089.40
8710222107 81013101010102023107  4  5  4  4  4  4  7  9  50.21 50088.20
8710232107 937332023203310 7183 22 18  7  9  7 18  4  3 110.63 33087.00
8710242107102320233320235347243  9  7  9 18  7  9 56 39 191.05 22087.20
8710252107114753504337202330303 39 56 48 32 22  7  9 15 281.26 29092.30
8710262107121327303330301017190  5 12 15 18 15 15  4  6 110.63 40096.90
8710272107134333474043474753353 32 18 39 27 32 39 39 56 351.46 70106.00
8710282107145750505343504733383 67 48 48 56 32 48 39 18 441.57 79106.30
8710292107154037333337303030270 27 22 18 18 22 15 15 15 191.05 78102.80
8710302107162333333723132723213  9 18 18 22  9  5 12  9 130.73 85104.20
8710312107171327272723273320197  5 12 12 12  9 12 18  7 110.63 78097.90
87110121071827301720172010 3143 12 15  6  7  6  7  4  2  70.42 56099.20
8711022107192023302027435350267  7  9 15  7 12 32 56 48 231.15 57105.00
8711032107204330202737475343300 32 15  7 12 22 39 56 32 271.26 57098.10
8711042107213327201327 72023170 18 12  7  5 12  3  7  9  90.52 46101.20
8711052107221310202717272737177  5  4  7 12  6 12 12 22 100.63 47099.30
8711062107232333172327172317180  9 18  6  9 12  6  9  6  90.52 27094.90
87110721072413301710 710 3 7 97  5 15  6  4  3  4  2  3  50.21 31094.50
8711082107251013171020 7 7 3 87  4  5  6  4  7  3  3  2  40.10 43092.70
871109210726 3 3172023202347157  2  2  6  7  9  7  9 39 100.63 42090.30
8711102107273730233023101020183 22 15  9 15  9  4  4  7 110.63 30089.20
8711112108 12333333020202737223  9 18 18 15  7  7 12 22 140.84 28092.60
8711122108 25027333020204040260 48 12 18 15  7  7 27 27 201.05 25092.70
8711132108 34337373747473037313 32 22 22 22 39 39 15 22 271.26 18092.90
8711142108 44043303733403033287 27 32 15 22 18 27 15 18 221.15 23092.30
8711152108 53327303023273027227 18 12 15 15  9 12 15 12 140.84 22093.70
8711162108 63030171310231010143 15 15  6  5  4  9  4  4  80.42 33095.10
8711172108 717 7 3 3 3 3 3 3 43  6  3  2  2  2  2  2  2  30.00 46096.90
8711182108 8102013 313101323107  4  7  5  2  5  4  5  9  50.21 48100.10
8711192108 92033333027302013207  7 18 18 15 12 15  7  5 120.73 51106.70
8711202108102330372017232320193  9 15 22  7  6  9  9  7 100.63 49112.30
8711212108112027232013 313 3123  7 12  9  7  5  2  5  2  60.31 51115.30
8711222108122027202013131717147  7 12  7  7  5  5  6  6  70.31 70117.80
8711232108132330535050335343337  9 15 56 48 48 18 56 32 351.46 83115.20
8711242108144037374743332733297 27 22 22 39 32 18 12 18 241.15 56109.50
8711252108152330332037302020213  9 15 18  7 22 15  7  7 120.73 42104.90
8711262108163037272733402333250 15 22 12 12 18 27  9 18 170.94 47101.40
8711272108173333473737402323273 18 18 39 22 22 27  9  9 201.05 21094.90
8711282108182023203320232017177  7  9  7 18  7  9  7  6  90.52 11092.40
8711292108191710 010 3 7 3 0 50  6  4  0  4  2  3  2  0  30.00 20090.80
871130210820 0 0 010 7132013 63  0  0  0  4  3  5  7  5  30.10 16089.10
8712012108211317 717101313 7 97  5  6  3  6  4  5  5  3  50.21 17087.60
8712022108222013 7 3101710 7 87  7  5  3  2  4  6  4  3  40.10 16086.50
8712032108232737272017371723203 12 22 12  7  6 22  6  9 120.73 16085.80
871204210824171010 310233043147  6  4  4  2  4  9 15 32 100.52 15085.10
8712052108254037433320273013243 27 22 32 18  7 12 15  5 170.94 19086.80
8712062108261027171020232330160  4 12  6  4  7  9  9 15  80.42 24085.70
871207210827201313 7131013 3 93  7  5  5  3  5  4  5  2  40.21 34085.30
8712082109 1 3 0 0 3 3 0 3 7 20  2  0  0  2  2  0  2  3  10.00 36088.70
8712092109 2 7 3 3 7 3 32737 90  3  2  2  3  2  2 12 22  60.31 41091.20
8712102109 32727303340535343307 12 12 15 18 27 56 56 32 281.26 34090.10
8712112109 44330131723333033223 32 15  5  6  9 18 15 18 150.84 22091.10
8712122109 530332323232013 7173 15 18  9  9  9  7  5  3  90.52 13091.50
8712132109 6 7 013 7 7171313 77  3  0  5  3  3  6  5  5  40.10 20091.10
8712142109 7101013 7 7 71317 83  4  4  5  3  3  3  5  6  40.10 26091.50
8712152109 8 0 3101017433730150  0  2  4  4  6 32 22 15 110.63 42092.00
8712162109 94757534047473043363 39 67 56 27 39 39 15 32 391.46 40093.40
8712172109103040173033303033243 15 27  6 15 18 15 15 18 160.94 39092.20
871218210911333323171310 313147 18 18  9  6  5  4  2  5  80.52 39090.20
871219210912 720202323172713150  3  7  7  9  9  6 12  5  70.42 28088.40
871220210913 3171313201317 0 97  2  6  5  5  7  5  6  0  40.21 26086.90
871221210914 730132023233033180  3 15  5  7  9  9 15 18 100.63 14090.70
8712222109154040372733274043287 27 27 22 12 18 12 27 32 221.15 24088.10
87122321091630372323232013 3173 15 22  9  9  9  7  5  2 100.52 17088.20
8712242109171023172017171320137  4  9  6  7  6  6  5  7  60.31 13089.90
8712252109181323171717131027137  5  9  6  6  6  5  4 12  70.31 25096.20
8712262109191320 717101010 7 93  5  7  3  6  4  4  4  3  40.21 27096.80
871227210920 3 0 0 3 0 3 7 3 20  2  0  0  2  0  2  3  2  10.00 29101.40
871228210921 0 0 3 7 7 31710 47  0  0  2  3  3  2  6  4  20.00 28102.50
87122921092220202313 3 3 3 7 93  7  7  9  5  2  2  2  3  50.21 30101.40
871230210923 7 31013 3 3 7 0 47  3  2  4  5  2  2  3  0  30.00 42099.20
871231210924 3 7131317101713 93  2  3  5  5  6  4  6  5  40.21 43099.70
