9201012164 12720272323372030207 12  7 12  9  9 22  7 15 120.73141240.30
9201022164 24743375023302017267 39 32 22 48  9 15  7  6 221.15144251.60
9201032164 33030233730233737247 15 15  9 22 15  9 22 22 160.94177270.40
9201042164 43340332723203037243 18 27 18 12  9  7 15 22 160.94184265.60
9201052164 53330232323333020217 18 15  9  9  9 18 15  7 120.73183257.70
9201062164 62333301330302733220  9 18 15  5 15 15 12 18 130.84185245.70
9201072164 72020132323232720170  7  7  5  9  9  9 12  7  80.42190253.70
9201082164 82730373333303723250 12 15 22 18 18 15 22  9 160.94204253.10
9201092164 9232713 710 3 730120  9 12  5  3  4  2  3 15  70.31193248.80
9201102164103730232727232337227 22 15  9 12 12  9  9 22 140.84183225.10
9201112164113037234043504733303 15 22  9 27 32 48 39 18 261.26155202.40
9201122164124337434033333327290 32 22 32 27 18 18 18 12 221.15143182.40
9201132164133750375037372337307 22 48 22 48 22 22  9 22 271.26142177.30
9201142164144030332733433340280 27 15 18 12 18 32 18 27 211.15108172.80
9201152164153330373347203017247 18 15 22 18 39  7 15  6 181.05107167.70
9201162164161737373333305353293  6 22 22 18 18 15 56 56 271.26 87156.10
9201172164173020232320232727193 15  7  9  9  7  9 12 12 100.63 76150.60
920118216418272727201310 3 3130 12 12 12  7  5  4  2  2  70.42 71147.00
92011921641913232020171710 7127  5  9  7  7  6  6  4  3  60.31 88155.00
9201202164202733303030372023230 12 18 15 15 15 22  7  9 140.84115162.90
92012121642117 310 323201737130  6  2  4  2  9  7  6 22  70.42142168.70
920122216422331710232720 7 0137 18  6  4  9 12  7  3  0  70.42127167.60
920123216423 71717 7101013 3 83  3  6  6  3  4  4  5  2  40.10117167.60
92012421642410 31010 710 720 77  4  2  4  4  3  4  3  7  40.10112172.90
9201252164252720 71013 3 0 7 87 12  7  3  4  5  2  0  3  40.21127195.90
920126216426 0 3 3 723302727120  0  2  2  3  9 15 12 12  70.31148202.70
9201272164275050272717233340267 48 48 12 12  6  9 18 27 221.15173214.00
9201282165 14040202030232327223 27 27  7  7 15  9  9 12 140.84187230.60
9201292165 23333272030233037233 18 18 12  7 15  9 15 22 140.84196258.30
9201302165 34043333030373737287 27 32 18 15 15 22 22 22 221.15219272.00
9201312165 43733372727233020233 22 18 22 12 12  9 15  7 150.84225293.50
9202012165 52027333340433763297  7 12 18 18 27 32 22 94 291.36238275.50
9202022165 66057405043376360410 80 67 27 48 32 22 94 80 561.67221280.10
9202032165 76770775347475767483111132179 56 39 39 67111 921.98194263.20
9202042165 83353372323275047293 18 56 22  9  9 12 48 39 271.26178244.40
9202052165 9301017232313 710133 15  4  6  9  9  5  3  4  70.31164239.40
9202062165101013171730201320140  4  5  6  6 15  7  5  7  70.31159232.10
9202072165112730274743331013230 12 15 12 39 32 18  4  5 170.94157234.00
9202082165123337472767704043363 18 22 39 12111132 27 32 491.67179218.90
9202092165137063636363504747467132 94 94 94 94 48 39 39 791.87187229.30
9202102165143743303347503023293 22 32 15 18 39 48 15  9 251.26173234.50
9202112165152313171717232020150  9  5  6  6  6  9  7  7  70.31182218.40
920212216516303023202727 727190 15 15  9  7 12 12  3 12 110.63141204.90
9202132165172733373013 7 713167 12 18 22 15  5  3  3  5 100.63148193.00
9202142165181317232327302327183  5  6  9  9 12 15  9 12 100.52137198.70
920215216519 31713102010 3 7 83  2  6  5  4  7  4  2  3  40.10111197.90
920216216520101313 313101013 87  4  5  5  2  5  4  4  5  40.10110195.20
9202172165211723304047272023227  6  9 15 27 39 12  7  9 160.94109201.70
9202182165223737273323301720223 22 22 12 18  9 15  6  7 140.84 99201.60
9202192165233027233030272330220 15 12  9 15 15 12  9 15 130.73101191.20
9202202165244753435757537053433 39 56 32 67 67 56132 56 631.77117199.00
9202212165255770736750303027403 67132154111 48 15 15 12 691.77137212.30
9202222165264743533333273337307 39 32 56 18 18 12 18 22 271.26144229.50
9202232165273337301320232747230 18 22 15  5  7  9 12 39 160.94150244.00
9202242166 12727373333404360300 12 12 22 18 18 27 32 80 281.26188250.10
9202252166 26763574743404347407111 94 67 39 32 27 32 39 551.67192248.30
9202262166 33333373740638067390 18 18 22 22 27 94207111 651.77196248.00
9202272166 46347606347535730420 94 39 80 94 39 56 67 15 601.77192239.50
9202282166 52317201720101727150  9  6  7  6  7  4  6 12  70.42191228.80
9202292166 62323205757675340340  9  9  7 67 67111 56 27 441.57176213.90
9203012166 73040473017232323233 15 27 39 15  6  9  9  9 160.94166196.80
9203022166 82333303027233017213  9 18 15 15 12  9 15  6 120.73124178.30
9203032166 92333232017333017197  9 18  9  7  6 18 15  6 110.63106160.30
9203042166102020232327403727217  7  7  9  9 12 27 22 12 130.84 92157.10
9203052166112030302320333027213  7 15 15  9  7 18 15 12 120.73 65152.40
920306216612331737 710 71313137 18  6 22  3  4  3  5  5  80.42 69153.10
9203072166131710172020332337177  6  4  6  7  7 18  9 22 100.63103157.20
9203082166142737232033202023203 12 22  9  7 18  7  7  9 110.73106179.40
9203092166153327305337434723293 18 12 15 56 22 32 39  9 251.26118169.40
9203102166162737273330303337253 12 22 12 18 15 15 18 22 170.94125167.00
9203112166173337334737373017270 18 22 18 39 22 22 15  6 201.05122163.10
9203122166182033333330271313203  7 18 18 18 15 12  5  5 120.73125161.70
920313216619102727201310 7 0113  4 12 12  7  5  4  3  0  60.31138163.30
9203142166201010171010 7 713 83  4  4  6  4  4  3  3  5  40.10130162.90
9203152166211013303320272017170  4  5 15 18  7 12  7  6  90.52110167.20
9203162166221313303033303033213  5  5 15 15 18 15 15 18 130.84107159.70
9203172166232723174747434737287 12  9  6 39 39 32 39 22 251.26 85157.60
9203182166244337403030271713237 32 22 27 15 15 12  6  5 170.94 75159.00
92031921662510 3 7 310201010 73  4  2  3  2  4  7  4  4  40.10 78166.10
920320216626 7 717 7 7102010 83  3  3  6  3  3  4  7  4  40.10 88167.20
9203212166271720304350403740277  6  7 15 32 48 27 22 27 231.15 91166.40
9203222167 14740302727202730247 39 27 15 12 12  7 12 15 170.94 90159.70
9203232167 24050403737274333307 27 48 27 22 22 12 32 18 261.26 92165.30
9203242167 33037303327434047287 15 22 15 18 12 32 27 39 221.15109174.70
9203252167 44043303027272717240 27 32 15 15 12 12 12  6 160.94119185.10
9203262167 51730203027233727210  6 15  7 15 12  9 22 12 120.73116177.90
9203272167 62720171323203737193 12  7  6  5  9  7 22 22 110.63111180.00
9203282167 73023202323232030193 15  9  7  9  9  9  7 15 100.63110185.40
9203292167 83037333027373730260 15 22 18 15 12 22 22 15 181.05121192.40
9203302167 92737202027203027207 12 22  7  7 12  7 15 12 120.73107182.10
9203312167104023102320373730220 27  9  4  9  7 22 22 15 140.84111191.20
9204012167112333403327201323213  9 18 27 18 12  7  5  9 130.84103185.90
9204022167121317131310203013130  5  6  5  5  4  7 15  5  60.31 95161.20
920403216713 727434353603730300  3 12 32 32 56 80 22 15 321.36 88159.80
9204042167142023233737233017210  7  9  9 22 22  9 15  6 120.73 64154.00
9204052167153020273733232740237 15  7 12 22 18  9 12 27 150.94 50154.70
9204062167163750573323331717267 22 48 67 18  9 18  6  6 241.26 60143.00
9204072167172740473733303017260 12 27 39 22 18 15 15  6 191.05 64141.80
9204082167183337333740274713267 18 22 18 22 27 12 39  5 201.05 57151.60
9204092167191723131013171023127  6  9  5  4  5  6  4  9  60.31 58140.20
920410216720202013 71310 7 7 97  7  7  5  3  5  4  3  3  50.21 54141.20
9204112167211710 7 3 7 7 3 7 60  6  4  3  2  3  3  2  3  30.10 62144.00
920412216722 31710101313 7 7 80  2  6  4  4  5  5  3  3  40.10 66144.70
9204132167231320232323 71313137  5  7  9  9  9  3  5  5  60.31 68147.10
920414216724131717 710172723130  5  6  6  3  4  6 12  9  60.31 75155.20
9204152167253327172320271720183 18 12  6  9  7 12  6  7 100.52 82150.30
920416216726131310 71720 710 97  5  5  4  3  6  7  3  4  50.21 97158.90
920417216727 7 7 3 3 323 723 77  3  3  2  2  2  9  3  9  40.10117185.60
9204182168 12023333353272040250  7  9 18 18 56 12  7 27 191.05129204.80
9204192168 23733302030303737253 22 18 15  7 15 15 22 22 170.94139207.70
9204202168 34037332733372730263 27 22 18 12 18 22 12 15 181.05163206.50
9204212168 43033171323171310157 15 18  6  5  9  6  5  4  80.52176197.10
9204222168 53030272723232730217 15 15 12 12  9  9 12 15 120.73171184.80
9204232168 6231310 320272333153  9  5  4  2  7 12  9 18  80.42166174.70
9204242168 73333202723302727220 18 18  7 12  9 15 12 12 130.73146162.90
9204252168 83030272027171327190 15 15 12  7 12  6  5 12 100.63159155.70
9204262168 92017201713 73717147  7  6  7  6  5  3 22  6  80.42123145.00
92042721681023 717 013202013113  9  3  6  0  5  7  7  5  50.21 96139.10
9204282168112020203337102017177  7  7  7 18 22  4  7  6 100.52 97130.40
92042921681223271710 7132320140  9 12  6  4  3  5  9  7  70.31 89132.50
920430216813302723332713 717177 15 12  9 18 12  5  3  6 100.63 80129.90
9205012168141323301320305030210  5  9 15  5  7 15 48 15 150.84 88133.00
9205022168152740431313132017187 12 27 32  5  5  5  7  6 120.73 86138.00
9205032168162020171330233020173  7  7  6  5 15  9 15  7  90.52 90127.80
9205042168173040172727301020200 15 27  6 12 12 15  4  7 120.73 98137.00
9205052168181323101317101013110  5  9  4  5  6  4  4  5  50.21 96135.40
920506216819 7 3101310102027100  3  2  4  5  4  4  7 12  50.21 93133.00
9205072168202027201330303737213  7 12  7  5 15 15 22 22 130.84 72131.50
9205082168213033434350474333323 15 18 32 32 48 39 32 18 291.36 82145.30
9205092168223727132337506760313 22 12  5  9 22 48111 80 391.46 79129.20
9205102168235363808783778073597 56 942073002361792071541792.19 73126.90
9205112168247367605050505037437154111 80 48 48 48 48 22 701.77 68128.80
9205122168253327172323273020200 18 12  6  9  9 12 15  7 110.63 80127.80
9205132168262740334050302330273 12 27 18 27 48 15  9 15 211.15 87128.20
9205142168272020 71010 7 310 87  7  7  3  4  4  3  2  4  40.10 78129.30
9205152169 1 7131020102313 7103  3  5  4  7  4  9  5  3  50.21 65124.80
9205162169 21010 713171310 7 87  4  4  3  5  6  5  4  3  40.10 45118.50
9205172169 3 7 7 7 7 3 71313 63  3  3  3  3  2  3  5  5  30.10 41115.50
9205182169 42717101020234053200 12  6  4  4  7  9 27 56 160.94 59120.20
9205192169 54330131317333720207 32 15  5  5  6 18 22  7 140.84 54134.50
9205202169 63013101323172327157 15  5  4  5  9  6  9 12  80.42 59140.30
9205212169 72010171713202333153  7  4  6  6  5  7  9 18  80.42110145.50
9205222169 82050504763605733380  7 48 48 39 94 80 67 18 501.67106148.40
9205232169 92320201323375023210  9  7  7  5  9 22 48  9 140.84113145.60
9205242169103327231313131023157 18 12  9  5  5  5  4  9  80.52 99136.90
9205252169112320232027332717190  9  7  9  7 12 18 12  6 100.63 66126.10
92052621691210 7131723132733143  4  3  5  6  9  5 12 18  80.42 57122.10
9205272169132717272730272317193 12  6 12 12 15 12  9  6 100.63 80117.70
9205282169142017333330232337217  7  6 18 18 15  9  9 22 130.73 59113.90
9205292169152727372337473730263 12 12 22  9 22 39 22 15 191.05 41108.10
9205302169162730302733372723233 12 15 15 12 18 22 12  9 140.84 30101.70
9205312169172730171010272013153 12 15  6  4  4 12  7  5  80.42 33101.80
920601216918273027132013 7 7143 12 15 12  5  7  5  3  3  80.42 31101.40
92060221691910 71313 7131323100  4  3  5  5  3  5  5  9  50.21 38105.00
92060321692010101010233013 7113  4  4  4  4  9 15  5  3  60.31 72110.10
92060421692110 3 310 7101717 77  4  2  2  4  3  4  6  6  40.10 74111.50
92060521692213 7102023231710123  5  3  4  7  9  9  6  4  60.31 81118.40
920606216923 3 31317202013 7 97  2  2  5  6  7  7  5  3  50.21 70123.20
9206072169241013171710203747170  4  5  6  6  4  7 22 39 120.73 64119.20
9206082169256043503350574747387 80 32 48 18 48 67 39 39 461.57 60118.70
9206092169264723373330202727243 39  9 22 18 15  7 12 12 170.94 70122.30
9206102169271737474737233020257  6 22 39 39 22  9 15  7 201.05 74129.30
9206112170 12737173030335357283 12 22  6 15 15 18 56 67 261.26 82133.10
9206122170 25323403063633027330 56  9 27 15 94 94 15 12 401.57102130.60
9206132170 32730201730203333210 12 15  7  6 15  7 18 18 120.73 86127.50
9206142170 42313171717131323137  9  5  6  6  6  5  5  9  60.31 77127.20
9206152170 5272017 727333017177 12  7  6  3 12 18 15  6 100.63 60124.70
9206162170 61320131010 710 3 87  5  7  5  4  4  3  4  2  40.10 64122.90
9206172170 7 71013 723231310107  3  4  5  3  9  9  5  4  50.21 64134.40
9206182170 81313101333436353243  5  5  4  5 18 32 94 56 271.26 59119.80
9206192170 93017171720334020193 15  6  6  6  7 18 27  7 120.73 63119.10
9206202170101023131330201023143  4  9  5  5 15  7  4  9  70.42 56116.80
920621217011401713 713231323150 27  6  5  3  5  9  5  9  90.52 55121.30
920622217012333713172313 723167 18 22  5  6  9  5  3  9 100.52 69120.00
9206232170133037231323233333217 15 22  9  5  9  9 18 18 130.84 73125.50
9206242170143347373330403730287 18 39 22 18 15 27 22 15 221.15 70121.80
9206252170153327272330333327233 18 12 12  9 15 18 18 12 140.84 64127.40
9206262170161717331313202023157  6  6 18  5  5  7  7  9  80.42 59115.30
9206272170172313132720234030190  9  5  5 12  7  9 27 15 110.63 38113.10
9206282170182027433730271730230  7 12 32 22 15 12  6 15 150.94 43112.00
9206292170194060402743435050353 27 80 27 12 32 32 48 48 381.46 70114.40
9206302170206067473023301733307 80111 39 15  9 15  6 18 371.46 67127.00
9207012170213330232033404340263 18 15  9  7 18 27 32 27 191.05 78134.10
9207022170222747433023171027223 12 39 32 15  9  6  4 12 160.94 66141.20
9207032170232017171020131010117  7  6  6  4  7  5  4  4  50.21 63141.10
920704217024 3131010 7131320 90  2  5  4  4  3  5  5  7  40.21 71141.30
9207052170252033172323131723170  7 18  6  9  9  5  6  9  90.52 78150.60
92070621702620201313171310 7113  7  7  5  5  6  5  4  3  50.21 77155.40
920707217027 3 7 7 713131310 73  2  3  3  3  5  5  5  4  40.10 79159.90
9207082171 11010 71023231310107  4  4  3  4  9  9  5  4  50.21 83156.60
9207092171 21313 710 713 713 83  5  5  3  4  3  5  3  5  40.10102165.00
9207102171 3132013 710132710113  5  7  5  3  4  5 12  4  60.31129175.70
9207112171 410 7 71013 7 710 70  4  3  3  4  5  3  3  4  40.10133173.90
9207122171 52727273037333030240 12 12 12 15 22 18 15 15 150.94132177.80
9207132171 62037434040373343293  7 22 32 27 27 22 18 32 231.15126181.40
9207142171 73330272727233017213 18 15 12 12 12  9 15  6 120.73151181.30
9207152171 827231713101313 7123 12  9  6  5  4  5  5  3  60.31161173.30
9207162171 91013203033303327197  4  5  7 15 18 15 18 12 120.73159162.80
9207172171102710 313201710 3103 12  4  2  5  7  6  4  2  50.21140140.40
92071821711117171310131010 7 97  6  6  5  4  5  4  4  3  50.21102130.20
92071921711217 7 7 3 3101317 77  6  3  3  2  2  4  5  6  40.10 88122.30
9207202171131717 71023302723153  6  6  3  4  9 15 12  9  80.42 66127.50
920721217114 713172037333717180  3  5  6  7 22 18 22  6 110.63 65111.80
9207222171152333475057375033330  9 18 39 48 67 22 48 18 341.36 67107.70
9207232171163740303020233727243 22 27 15 15  7  9 22 12 160.94 54101.90
9207242171172317101723231717147  9  6  4  6  9  9  6  6  70.31 43103.20
9207252171181710132033373317180  6  4  5  7 18 22 18  6 110.63 37101.50
9207262171191310 713101010 7 80  5  4  3  5  4  4  4  3  40.10 54104.30
920727217120 7 7131710132337127  3  3  5  6  4  5  9 22  70.42 61103.40
9207282171213750332327232027240 22 48 18  9 12  9  7 12 170.94 53098.50
9207292171221013131013131013 97  4  5  5  4  5  5  4  5  50.21 39101.10
9207302171232710172023233027177 12  4  6  7  9  9 15 12  90.52 47099.90
9207312171242013202317302337183  7  5  7  9  6 15  9 22 100.63 53106.30
9208012171253327172020171320167 18 12  6  7  7  6  5  7  80.52 65113.60
92080221712613101010 7131717 97  5  4  4  4  3  5  6  6  50.21 90128.20
920803217127 7 710 713131710 83  3  3  4  3  5  5  6  4  40.10103135.10
9208042172 12313 71333374733207  9  5  3  5 18 22 39 18 150.84103134.70
9208052172 25757504043233027327 67 67 48 27 32  9 15 12 351.46 94134.30
9208062172 31340273737302727237  5 27 12 22 22 15 12 12 160.94 89141.90
9208072172 43330405350333020290 18 15 27 56 48 18 15  7 261.26 86145.40
9208082172 52333373730303327250  9 18 22 22 15 15 18 12 160.94 93147.50
9208092172 63317233327302713203 18  6  9 18 12 15 12  5 120.73 93141.10
9208102172 72313132023132020147  9  5  5  7  9  5  7  7  70.31 74136.30
9208112172 82323332323332737223  9  9 18  9  9 18 12 22 130.84 60133.90
9208122172 9232323201310 3 7123  9  9  9  7  5  4  2  3  60.31 53131.70
920813217210 3 7101030432333160  2  3  4  4 15 32  9 18 110.63 61132.30
92081421721133271720335017 7203 18 12  6  7 18 48  6  3 150.84 82132.00
9208152172122013271310103027150  7  5 12  5  4  4 15 12  80.42 76133.80
9208162172131720302720171320163  6  7 15 12  7  6  5  7  80.42 96140.00
9208172172141717 3 310 71013 80  6  6  2  2  4  3  4  5  40.10 90137.10
9208182172151320132017171717133  5  7  5  7  6  6  6  6  60.31 71132.70
920819217216101317 723273030157  4  5  6  3  9 12 15 15  90.52 69138.00
9208202172173760374740201713270 22 80 22 39 27  7  6  5 261.26 59159.10
9208212172181720132733535017230  6  7  5 12 18 56 48  6 201.05 48127.80
9208222172191323333347535367323  5  9 18 18 39 56 56111 391.46 44124.40
9208232172207780633043234037393179207 94 15 32  9 27 22 731.87 36113.20
9208242172212323172010233333183  9  9  6  7  4  9 18 18 100.63 38104.00
9208252172221313 71020101320107  5  5  3  4  7  4  5  7  50.21 20100.10
9208262172233323372023202020197 18  9 22  7  9  7  7  7 110.63 30094.40
9208272172242327203040233720220  9 12  7 15 27  9 22  7 140.84 34095.80
9208282172252023 7 710101320110  7  9  3  3  4  4  5  7  50.21 33097.60
9208292172264743273020102023220 39 32 12 15  7  4  7  9 160.94 40097.10
9208302172271010131330102010117  4  4  5  5 15  4  7  4  60.31 35096.60
9208312173 11020 710 71713 7 90  4  7  3  4  3  6  5  3  40.21 36099.00
9209012173 210 7 3 0 7 7 3 3 40  4  3  2  0  3  3  2  2  20.00 47101.60
9209022173 31317174047504040263  5  6  6 27 39 48 27 27 231.15 49106.30
9209032173 43350575347575343393 18 48 67 56 39 67 56 32 481.67 44108.90
9209042173 54337504337303060330 32 22 48 32 22 15 15 80 331.36 46106.40
9209052173 65347433730274033310 56 39 32 22 15 12 27 18 281.26 47121.20
9209062173 73337301723304333247 18 22 15  6  9 15 32 18 170.94 52141.30
9209072173 83733334340334027287 22 18 18 32 27 18 27 12 221.15 44133.60
9209082173 93737472330303023257 22 22 39  9 15 15 15  9 181.05 38130.80
9209092173105367607367505750477 56111 80154111 48 67 48 841.87 57118.50
9209102173115763635753706760490 67 94 94 67 56132111 80 881.87 54118.40
9209112173126343433330473327320 94 32 32 18 15 39 18 12 321.36 59120.10
920912217313232010 3 7 71317100  9  7  4  2  3  3  5  6  50.21 63118.70
92091321731413131010 7 72017 97  5  5  4  4  3  3  7  6  50.21 77128.80
9209142173151323201713202327157  5  9  7  6  5  7  9 12  80.42 77123.10
9209152173162733272020272013187 12 18 12  7  7 12  7  5 100.63 75121.50
9209162173171723302027273727207  6  9 15  7 12 12 22 12 120.73 76127.90
9209172173185767736753507057493 67111154111 56 48132 67 931.98 62120.60
9209182173194350404743304337333 32 48 27 39 32 15 32 22 311.36 54118.50
9209192173203333203027233713217 18 18  7 15 12  9 22  5 130.84 63113.40
9209202173211720232323102727170  6  7  9  9  9  4 12 12  80.52 62107.10
92092121732210131710 7131737123  4  5  6  4  3  5  6 22  70.31 65110.40
9209222173234350201717133030220 32 48  7  6  6  5 15 15 170.94 66112.30
9209232173242733272017132010167 12 18 12  7  6  5  7  4  90.52 89112.60
920924217325 3 3 3 7 3 71323 63  2  2  2  3  2  3  5  9  40.10 90112.60
9209252173263013172727203327193 15  5  6 12 12  7 18 12 110.63 75116.50
920926217327332313 7103317 3140 18  9  5  3  4 18  6  2  80.42 84117.30
9209272174 1 710101017 710 7 77  3  4  4  4  6  3  4  3  40.10 86121.60
9209282174 2 313171727334747203  2  5  6  6 12 18 39 39 160.94 62116.60
9209292174 34067675753505040423 27111111 67 56 48 48 27 621.77 72117.70
9209302174 44740403040575040343 39 27 27 15 27 67 48 27 351.46 81116.20
9210012174 54053433333334320300 27 56 32 18 18 18 32  7 261.26 85118.20
9210022174 63730202017201317173 22 15  7  7  6  7  5  6  90.52 98119.50
9210032174 7 713172013102313117  3  5  6  7  5  4  9  5  60.21 95120.20
9210042174 82737231010 3 7 7123 12 22  9  4  4  2  3  3  70.42105126.10
9210052174 9102013 310201713107  4  7  5  2  4  7  6  5  50.21122130.10
9210062174103730132027201010167 22 15  5  7 12  7  4  4 100.52113137.30
9210072174111730232320172310163  6 15  9  9  7  6  9  4  80.42103135.80
9210082174123323 7 3 0103327137 18  9  3  2  0  4 18 12  80.42 88125.40
9210092174132723235340534030290 12  9  9 56 27 56 27 15 261.26 91121.00
9210102174141017303327131330173  4  6 15 18 12  5  5 15 100.63 73112.10
9210112174152720133350474737273 12  7  5 18 48 39 39 22 241.15 57110.00
9210122174163040504363433023323 15 27 48 32 94 32 15  9 341.36 41106.50
9210132174173330231330405740267 18 15  9  5 15 27 67 27 231.15 36108.20
9210142174183337333327234757290 18 22 18 18 12  9 39 67 251.26 43104.90
9210152174195050434743374340353 48 48 32 39 32 22 32 27 351.46 40097.80
9210162174205043373327302337280 48 32 22 18 12 15  9 22 221.15 54099.90
9210172174213027273337333723247 15 12 12 18 22 18 22  9 160.94 55105.80
9210182174222713131033232740187 12  5  5  4 18  9 12 27 120.73 73111.40
9210192174234027203033373027243 27 12  7 15 18 22 15 12 160.94 92123.40
9210202174244340172317101313177 32 27  6  9  6  4  5  5 120.73 75131.90
9210212174251017171013171727127  4  6  6  4  5  6  6 12  60.31 98139.20
9210222174263320 71030301317160 18  7  3  4 15 15  5  6  90.52104149.20
9210232174271717131313 71313107  6  6  5  5  5  3  5  5  50.21 95140.30
9210242175 11010 3 3 3 7 017 53  4  4  2  2  2  3  0  6  30.10114145.10
9210252175 23017132017101717140 15  6  5  7  6  4  6  6  70.31113159.40
9210262175 33330272017204033220 18 15 12  7  6  7 27 18 140.84125167.90
9210272175 45040334747503327327 48 27 18 39 39 48 18 12 311.36138168.90
9210282175 54330334023332733263 32 15 18 27  9 18 12 18 191.05131172.30
9210292175 64337433733404737317 32 22 32 22 18 27 39 22 271.26111161.60
9210302175 73030302737372330243 15 15 15 12 22 22  9 15 160.94100155.80
9210312175 82320302730231713183  9  7 15 12 15  9  6  5 100.52 82147.30
9211012175 92010171317302360190  7  4  6  5  6 15  9 80 160.94104144.80
9211022175104753373327133330273 39 56 22 18 12  5 18 15 231.15 88138.80
9211032175113737434020102327237 22 22 32 27  7  4  9 12 170.94 68132.90
9211042175122330304043503047293  9 15 15 27 32 48 15 39 251.26 86140.40
9211052175134323303333232320230 32  9 15 18 18  9  9  7 150.84 95133.60
9211062175143023302037372327227 15  9 15  7 22 22  9 12 140.84 95130.50
9211072175153020302720302033210 15  7 15 12  7 15  7 18 120.73 96132.40
9211082175163320201320203037193 18  7  7  5  7  7 15 22 110.63 74129.70
9211092175172740636050433043357 12 27 94 80 48 32 15 32 421.57 76129.90
9211102175183027233020332330217 15 12  9 15  7 18  9 15 120.73 74133.70
9211112175193740373733332723267 22 27 22 22 18 18 12  9 191.05 84132.00
9211122175203033273330273040250 15 18 12 18 15 12 15 27 160.94 83124.70
9211132175213023234043303027247 15  9  9 27 32 15 15 12 170.94 62122.20
9211142175222723233033272723213 12  9  9 15 18 12 12  9 120.73 69123.40
9211152175233023171740433347250 15  9  6  6 27 32 18 39 191.05 70124.10
9211162175243723201713133030183 22  9  7  6  5  5 15 15 100.63 84133.70
9211172175252333201317132020160  9 18  7  5  6  5  7  7  80.42100148.90
9211182175262710 713102330 7127 12  4  3  5  4  9 15  3  70.31102158.20
921119217527 7202027301310 7133  3  7  7 12 15  5  4  3  70.42108157.10
9211202176 1 7 3 710 7 31723 77  3  2  3  4  3  2  6  9  40.10 98155.00
9211212176 2373317 3 3 3 710113 22 18  6  2  2  2  3  4  70.42 85000.00
9211222176 3 720273740333740240  3  7 12 22 27 18 22 27 170.94 95162.00
9211232176 44757433333473033323 39 67 32 18 18 39 15 18 311.36115171.70
9211242176 51713272730273327200  6  5 12 12 15 12 18 12 120.73122169.40
9211252176 62720203737202030210 12  7  7 22 22  7  7 15 120.73125162.40
9211262176 73037172320132017177 15 22  6  9  7  5  7  6 100.52116158.20
9211272176 8131317102317 313110  5  5  6  4  9  6  2  5  50.21116152.60
9211282176 91320132010131723130  5  7  5  7  4  5  6  9  60.31 99144.70
92112921761013101713231710 3107  5  4  6  5  9  6  4  2  50.21 92136.00
921130217611 3 3132330374727183  2  2  5  9 15 22 39 12 130.84 74135.90
9212012176124027373330332033253 27 12 22 18 15 18  7 18 170.94 65127.80
9212022176133330132020172017170 18 15  5  7  7  6  7  6  90.52 56126.70
9212032176143333173327372730237 18 18  6 18 12 22 12 15 150.94 59121.90
9212042176153040272030272733233 15 27 12  7 15 12 12 18 150.84 59116.40
921205217616372720101013 3 3123 22 12  7  4  4  5  2  2  70.42 51112.90
92120621761710 0 3 7173017 7 90  4  0  2  3  6 15  6  3  50.21 48116.30
921207217618 313302343102350197  2  5 15  9 32  4  9 48 160.94 34116.50
9212082176194733373737374047313 39 18 22 22 22 22 27 39 261.26 63125.20
9212092176203330303043402730263 18 15 15 15 32 27 12 15 191.05 91130.00
9212102176212323273320473733243  9  9 12 18  7 39 22 18 170.94 99137.90
9212112176223323171720232327183 18  9  6  6  7  9  9 12 100.52116159.40
9212122176232317 71030202723157  9  6  3  4 15  7 12  9  80.42109163.50
9212132176243030171720201317163 15 15  6  6  7  7  5  6  80.52113167.90
9212142176253323 71013273330177 18  9  3  4  5 12 18 15 100.63115162.00
9212152176264030202323272737227 27 15  7  9  9 12 12 22 140.84112150.60
921216217627173020171710 313127  6 15  7  6  6  4  2  5  60.31109146.00
9212172177 1 310332740575330253  2  4 18 12 27 67 56 15 251.26105145.60
9212182177 22313102013233327163  9  5  4  7  5  9 18 12  90.52 98145.00
9212192177 317 7131727204037177  6  3  5  6 12  7 27 22 110.63 97142.30
9212202177 42030372727303020220  7 15 22 12 12 15 15  7 130.84 97143.20
9212212177 51020233023404033220  4  7  9 15  9 27 27 18 140.84 84140.70
9212222177 62313202023232310157  9  5  7  7  9  9  9  4  70.42 91137.50
9212232177 713272320302020 7160  5 12  9  7 15  7  7  3  80.42 79139.20
9212242177 81023202320233310163  4  9  7  9  7  9 18  4  80.52 78131.80
9212252177 9 3 3 71013202020 97  2  2  3  4  5  7  7  7  50.21 81131.80
92122621771013 7131310101313 93  5  3  5  5  4  4  5  5  40.21 90127.00
921227217711 7 3 7 3 3 32747100  3  2  3  2  2  2 12 39  80.42 73120.90
9212282177123020302050535763323 15  7 15  7 48 56 67 94 391.46 86123.10
9212292177135757504043533730367 67 67 48 27 32 56 22 15 421.57 78121.00
9212302177142727233030201313183 12 12  9 15 15  7  5  5 100.63 69121.50
9212312177153023272333301310190 15  9 12  9 18 15  5  4 110.63 56125.40
