9401012191 34040434340403330310 27 27 32 32 27 27 18 15 261.26 86143.40
9401022191 42733403743373330280 12 18 27 22 32 22 18 15 211.15 77141.40
9401032191 53020303330373717233 15  7 15 18 15 22 22  6 150.84 93128.70
9401042191 617332010131013 7123  6 18  7  4  5  4  5  3  60.31103124.60
9401052191 7 310 71010 71023 80  2  4  3  4  4  3  4  9  40.10104132.40
9401062191 83327232023331733210 18 12  9  7  9 18  6 18 120.73101127.70
9401072191 9 7 0 31320102320 97  3  0  2  5  7  4  9  7  50.21 94122.10
9401082191101323271317131313133  5  9 12  5  6  5  5  5  60.31 81118.90
940109219111 7 0 710 71013 3 57  3  0  3  4  3  4  5  2  30.10 66113.10
940110219112 3 710 3 7 3 0 0 33  2  3  4  2  3  2  0  0  20.00 47106.50
940111219113 720302730535343263  3  7 15 12 15 56 56 32 241.26 42097.80
9401122191144743373747473040327 39 32 22 22 39 39 15 27 291.36 41094.60
9401132191154043303343403347310 27 32 15 18 32 27 18 39 261.26 45091.90
9401142191163740333750403337307 22 27 18 22 48 27 18 22 261.26 36087.30
9401152191173737272030334737267 22 22 12  7 15 18 39 22 201.05 35092.60
9401162191183037373337333730273 15 22 22 18 22 18 22 15 191.05 29097.00
9401172191194350433333373737313 32 48 32 18 18 22 22 22 271.26 25102.00
9401182191203333303350473733297 18 18 15 18 48 39 22 18 241.26 30097.50
9401192191214047473037234037300 27 39 39 15 22  9 27 22 251.26 28099.50
9401202191223733332330272723233 22 18 18  9 15 12 12  9 140.84 35101.60
9401212191232323101317233327170  9  9  4  5  6  9 18 12  90.52 53107.30
9401222191244023131317 72023157 27  9  5  5  6  3  7  9  90.52 65109.50
9401232191252023131713171723143  7  9  5  6  5  6  6  9  70.31 60114.60
94012421912623101013 3 0 010 70  9  4  4  5  2  0  0  4  40.10 70125.10
940125219127132317 3 3 71323103  5  9  6  2  2  3  5  9  50.21 66128.10
9401262192 12733473040374033287 12 18 39 15 27 22 27 18 221.15 67123.90
9401272192 23337372733373737277 18 22 22 12 18 22 22 22 201.05 58116.80
9401282192 34333273733201723233 32 18 12 22 18  7  6  9 160.94 49115.70
9401292192 41727302333231723193  6 12 15  9 18  9  6  9 100.63 43098.90
9401302192 53313172020372723190 18  5  6  7  7 22 12  9 110.63 38096.10
9401312192 63320171717201333170 18  7  6  6  6  7  5 18  90.52 26094.70
9402012192 723 7202317 7 7 3107  9  3  7  9  6  3  3  2  50.21 29091.70
9402022192 8 3233340433023 3200  2  9 18 27 32 15  9  2 140.84 31093.50
9402032192 9 317232333333027190  2  6  9  9 18 18 15 12 110.63 38095.10
9402042192102020201327374330210  7  7  7  5 12 22 32 15 130.84 44092.70
9402052192113730375030404757327 22 15 22 48 15 27 39 67 321.36 38090.60
9402062192126043375357636060433 80 32 22 56 67 94 80 80 641.77 40092.20
9402072192134760476063536043433 39 80 39 80 94 56 80 32 621.77 46093.30
9402082192146357575057535353443 94 67 67 48 67 56 56 56 641.77 41092.60
9402092192154337403743535053357 32 22 27 22 32 56 48 56 371.46 40098.30
9402102192165350434347474347373 56 48 32 32 39 39 32 39 401.46 32091.80
9402112192175050405747535353403 48 48 27 67 39 56 56 56 501.67 29090.70
9402122192184743374047434747350 39 32 22 27 39 32 39 39 341.36 36095.10
9402132192194737334037536347357 39 22 18 27 22 56 94 39 401.46 46095.40
9402142192204743433337604350357 39 32 32 18 22 80 32 48 381.46 39098.90
9402152192214033333043404347310 27 18 18 15 32 27 32 39 261.26 34101.30
9402162192225047303340303327290 48 39 15 18 27 15 18 12 241.26 37102.30
9402172192232727272327272720203 12 12 12  9 12 12 12  7 110.63 43103.90
9402182192241713132713 7 330123  6  5  5 12  5  3  2 15  70.31 42103.90
9402192192254037433743304333307 27 22 32 22 32 15 32 18 251.26 28105.60
9402202192264740302720233320240 39 27 15 12  7  9 18  7 170.94 16105.20
9402212192272327337377776070440  9 12 18154179179 80132 951.98 19103.10
9402222193 17773534747302330380179154 56 39 39 15  9 15 631.77 35104.40
9402232193 22733272720173323207 12 18 12 12  7  6 18  9 120.73 33105.10
9402242193 317101313171310 7100  6  4  5  5  6  5  4  3  50.21 34102.90
9402252193 42027403727273020227  7 12 27 22 12 12 15  7 140.84 29094.80
9402262193 5332013132317 7 7133 18  7  5  5  9  6  3  3  70.42 32092.60
9402272193 6 72020332717 7 7137  3  7  7 18 12  6  3  3  70.42 38093.00
9402282193 7 3 3332720 72340157  2  2 18 12  7  3  9 27 100.63 46090.80
9403012193 84020332317202033207 27  7 18  9  6  7  7 18 120.73 49092.40
9403022193 94023202727234050250 27  9  7 12 12  9 27 48 191.05 56096.30
9403032193103747534330172020267 22 39 56 32 15  6  7  7 231.15 62099.20
94030421931110 71717 7 7 7 7 77  4  3  6  6  3  3  3  3  40.10 54096.30
94030521931217 7 71710 72043127  6  3  3  6  4  3  7 32  80.42 50094.20
94030621931327332320 7132737187 12 18  9  7  3  5 12 22 110.63 60094.10
9403072193145340405750635770430 56 27 27 67 48 94 67132 651.77 52090.00
9403082193155057575047475353413 48 67 67 48 39 39 56 56 521.67 46089.90
9403092193164753634747576360437 39 56 94 39 39 67 94 80 641.77 41088.70
9403102193174343504750505057390 32 32 48 39 48 48 48 67 451.57 29086.80
9403112193183747504750474353373 22 39 48 39 48 39 32 56 401.57 32087.00
9403122193194740534347404743360 39 27 56 32 39 27 39 32 361.46 40091.70
9403132193204750273730303050300 39 48 12 22 15 15 15 48 271.26 36089.10
9403142193214350403347474743350 32 48 27 18 39 39 39 32 341.46 18086.20
9403152193225057434753534737387 48 67 32 39 56 56 39 22 451.57 26086.50
9403162193234037372337503737297 27 22 22  9 22 48 22 22 241.26 22085.30
9403172193244050534740474333353 27 48 56 39 27 39 32 18 361.46 22084.30
9403182193254047372033301740263 27 39 22  7 18 15  6 27 201.05 18085.90
9403192193264333333320202327233 32 18 18 18  7  7  9 12 150.94 13088.30
9403202193273330201717303730213 18 15  7  6  6 15 22 15 130.73  8087.90
9403212194 13050373337504333313 15 48 22 18 22 48 32 18 281.26 17090.00
9403222194 25033203047272330260 48 18  7 15 39 12  9 15 201.05 24090.50
9403232194 33747373037373023277 22 39 22 15 22 22 15  9 211.15 22091.20
9403242194 43333234737272030250 18 18  9 39 22 12  7 15 181.05 32092.10
9403252194 54020202333433730247 27  7  7  9 18 32 22 15 170.94 37090.40
9403262194 63027203313171710167 15 12  7 18  5  6  6  4  90.52 24088.10
9403272194 71713171320132743163  6  5  6  5  7  5 12 32 100.52 15088.00
9403282194 81327202733372727210  5 12  7 12 18 22 12 12 120.73 14087.30
9403292194 92317201310 71317120  9  6  7  5  4  3  5  6  60.31 14085.80
9403302194101310133337373733213  5  4  5 18 22 22 22 18 140.84 26086.10
9403312194112723132017 7 7 3117 12  9  5  7  6  3  3  2  60.31 24084.90
940401219412 320201323232017140  2  7  7  5  9  9  7  6  60.31 17082.40
9404022194133730334750537063383 22 15 18 39 48 56132 94 531.67  0079.30
9404032194145763676057536773497 67 94111 80 67 56111154 921.98  0077.40
9404042194157063504747475043417132 94 48 39 39 39 48 32 591.77  0077.20
9404052194164740434350503760370 39 27 32 32 48 48 22 80 411.57  7077.20
9404062194174743535350535050400 39 32 56 56 48 56 48 48 481.67  0073.30
9404072194184753504747504043377 39 56 48 39 39 48 27 32 411.57  0073.00
9404082194194353534347404747373 32 56 56 32 39 27 39 39 401.46  8072.90
9404092194206050476047505043407 80 48 39 80 39 48 48 32 521.67  8072.90
9404102194215047334347475050367 48 39 18 32 39 39 48 48 391.46  9075.70
9404112194224357575337434353387 32 67 67 56 22 32 32 56 461.57 11074.60
9404122194234740403333375047327 39 27 27 18 18 22 48 39 301.36 10074.20
9404132194243340433340534743333 18 27 32 18 27 56 39 32 311.36 13074.30
9404142194255333333737403737307 56 18 18 22 22 27 22 22 261.26 12079.90
9404152194263737273027373737267 22 22 12 15 12 22 22 22 191.05 19080.60
9404162194273050332330306053310 15 48 18  9 15 15 80 56 321.36 12082.30
9404172195 16783837047303033443111236236132 39 15 15 181001.98 17082.50
9404182195 23333333337334333280 18 18 18 18 22 18 32 18 201.05 17084.90
9404192195 35027303320172327227 48 12 15 18  7  6  9 12 160.94 21086.20
9404202195 4202730271713 713153  7 12 15 12  6  5  3  5  80.42 28087.00
9404212195 52027231313132730167  7 12  9  5  5  5 12 15  90.52 31087.60
9404222195 62017132027131323147  7  6  5  7 12  5  5  9  70.42 38086.30
9404232195 7 710 72730173343173  3  4  3 12 15  6 18 32 120.73 37086.10
9404242195 82017202020271013147  7  6  7  7  7 12  4  5  70.31 40084.30
9404252195 92727202010171723160 12 12  7  7  4  6  6  9  80.42 30083.80
940426219510101320171713 7 7103  4  5  7  6  6  5  3  3  50.21 30082.00
940427219511102010131310 710 93  4  7  4  5  5  4  3  4  40.21 31079.00
9404282195122010 3 317 7 7 7 73  7  4  2  2  6  3  3  3  40.10 15078.40
940429219513 7202013 3 3 723 97  3  7  7  5  2  2  3  9  50.21  9078.90
940430219514 310 7 0 3 3 7 3 37  2  4  3  0  2  2  3  2  20.00 12076.00
940501219515 320303043577070323  2  7 15 15 32 67132132 501.67 18076.30
9405022195165760433033335067373 67 80 32 15 18 18 48111 491.67 35077.10
9405032195175363503747474333373 56 94 48 22 39 39 32 18 441.57 26075.60
9405042195184040332747433740307 27 27 18 12 39 32 22 27 261.26 12074.40
9405052195194347473747574747370 32 39 39 22 39 67 39 39 401.46  9074.40
9405062195204750473730374060347 39 48 39 22 15 22 27 80 361.46 10075.30
9405072195216047534740334337360 80 39 56 39 27 18 32 22 391.46 14075.20
9405082195224347504740405047363 32 39 48 39 27 27 48 39 371.46 19075.80
9405092195233747374037434033313 22 39 22 27 22 32 27 18 261.26 12078.80
9405102195244340533040404747340 32 27 56 15 27 27 39 39 331.36 17081.40
9405112195254343333337473340310 32 32 18 18 22 39 18 27 261.26 19083.60
940512219526374027171013 727177 22 27 12  6  4  5  3 12 110.73 27089.20
94051321952727272010 7131020133 12 12  7  4  3  5  4  7  70.31 32091.40
9405142196 12347472733332740277  9 39 39 12 18 18 12 27 221.15 31092.10
9405152196 23337505743404743350 18 22 48 67 32 27 39 32 361.46 30093.40
9405162196 34337374047504327323 32 22 22 27 39 48 32 12 291.36 33093.30
9405172196 44030303323302723237 27 15 15 18  9 15 12  9 150.84 39097.20
9405182196 53740302737302040260 22 27 15 12 22 15  7 27 181.05 33095.80
9405192196 6273330302717 710180 12 18 15 15 12  6  3  4 110.63 28092.70
9405202196 7172317131720 710123  6  9  6  5  6  7  3  4  60.31 25091.90
9405212196 8 7 7 71723171310100  3  3  3  6  9  6  5  4  50.21 25089.80
9405222196 9 710 71320202723127  3  4  3  5  7  7 12  9  60.31 21086.70
9405232196101013 72323271730150  4  5  3  9  9 12  6 15  80.42 19083.60
9405242196113747333027333330270 22 39 18 15 12 18 18 15 201.05  9079.90
9405252196123747303317302040253 22 39 15 18  6 15  7 27 191.05  9076.10
9405262196131323333323171323180  5  9 18 18  9  6  5  9 100.63  0073.40
9405272196142013 3 710201010 93  7  5  2  3  4  7  4  4  40.21  0072.10
940528219615 3 3 72047706753270  2  2  3  7 39132111 56 441.57  0071.40
9405292196165353375047533740370 56 56 22 48 39 56 22 27 411.57  0071.40
9405302196174760434353535057407 39 80 32 32 56 56 48 67 511.67  0071.30
9405312196183750403737275043320 22 48 27 22 22 12 48 32 291.36  0071.10
9406012196193340434033274040297 18 27 32 27 18 12 27 27 241.15  0069.60
9406022196204327334030434340300 32 12 18 27 15 32 32 27 241.26  0069.90
9406032196213337302737375040290 18 22 15 12 22 22 48 27 231.15  0070.30
9406042196223730333327333043267 22 15 18 18 12 18 15 32 191.05  0069.50
9406052196232730303733374343280 12 15 15 22 18 22 32 32 211.15  0070.30
9406062196243327273330334337263 18 12 12 18 15 18 32 22 181.05 12072.70
9406072196253027333030233033237 15 12 18 15 15  9 15 18 150.84 16079.40
9406082196263020172320231720170 15  7  6  9  7  9  6  7  80.42 43082.90
9406092196272023303013201313163  7  9 15 15  5  7  5  5  80.52 43085.50
9406102197 11323273730473333243  5  9 12 22 15 39 18 18 170.94 50088.00
9406112197 22727304020232733227 12 12 15 27  7  9 12 18 140.84 63089.10
9406122197 33333374340434030300 18 18 22 32 27 32 27 15 241.26 53089.00
9406132197 43027132023373730217 15 12  5  7  9 22 22 15 130.84 59087.70
9406142197 52730303333302330237 12 15 15 18 18 15  9 15 150.84 58088.00
9406152197 62713201717101313130 12  5  7  6  6  4  5  5  60.31 54091.00
9406162197 717 7101017101310 93  6  3  4  4  6  4  5  4  40.21 52090.80
9406172197 81017132027331313147  4  6  5  7 12 18  5  5  80.42 42086.60
9406182197 92740272323271320200 12 27 12  9  9 12  5  7 120.73 37080.90
9406192197101720304740273337250  6  7 15 39 27 12 18 22 181.05 30079.80
9406202197112733232037303030230 12 18  9  7 22 15 15 15 140.84 19078.90
9406212197122320272720172023177  9  7 12 12  7  6  7  9  90.52 12076.80
9406222197132323171023101317137  9  9  6  4  9  4  5  6  60.31 15074.60
940623219714 7 7 3 0 3 71013 50  3  3  2  0  2  3  4  5  30.00 24075.50
9406242197151313 71010 7 3 3 67  5  5  3  4  4  3  2  2  40.10 37075.20
940625219716 0 310 313 7 717 60  0  2  4  2  5  3  3  6  30.10 28075.50
9406262197172740374343434033307 12 27 22 32 32 32 27 18 251.26 15076.30
9406272197184033372727172020220 27 18 22 12 12  6  7  7 140.84 10075.40
9406282197192317172320234357223  9  6  6  9  7  9 32 67 181.05 15076.40
9406292197203747373733374340310 22 39 22 22 18 22 32 27 261.26 26081.40
9406302197213333333333373040273 18 18 18 18 18 22 15 27 191.05 27085.40
9407012197224337403730303747300 32 22 27 22 15 15 22 39 241.26 32089.70
9407022197233350434033403040310 18 48 32 27 18 27 15 27 261.26 43085.60
9407032197242723303023172030200 12  9 15 15  9  6  7 15 110.63 39089.30
9407042197251723201330273027187  6  9  7  5 15 12 15 12 100.63 41087.40
940705219726171013 7 710 723 93  6  4  5  3  3  4  3  9  50.21 27086.20
9407062197272017231720172343180  7  6  9  6  7  6  9 32 100.63 27087.10
9407072198 13040302333303727250 15 27 15  9 18 15 22 12 170.94 47091.10
9407082198 2131310101710 7 7 87  5  5  4  4  6  4  3  3  40.10 60088.70
9407092198 313 7 7 3203013 7100  5  3  3  2  7 15  5  3  50.21 49088.80
9407102198 4 3 313 713131310 77  2  2  5  3  5  5  5  4  40.10 60088.90
9407112198 51010 0 317201013 83  4  4  0  2  6  7  4  5  40.10 72088.50
9407122198 61710 0 0 310 3 0 43  6  4  0  0  2  4  2  0  20.00 68085.70
9407132198 7 31017 3 7101313 77  2  4  6  2  3  4  5  5  40.10 59084.10
9407142198 81317174053574050287  5  6  6 27 56 67 27 48 301.36 45084.60
9407152198 95027272027272753257 48 12 12  7 12 12 12 56 211.15 43085.70
9407162198106040304737373743330 80 27 15 39 22 22 22 32 321.36 54085.10
9407172198113727233330232327223 22 12  9 18 15  9  9 12 130.84 53083.00
9407182198123330232030172013187 18 15  9  7 15  6  7  5 100.63 48082.70
9407192198133327272023102033193 18 12 12  7  9  4  7 18 110.63 27080.10
94072021981417 7131317101010 97  6  3  5  5  6  4  4  4  50.21 29079.40
9407212198152027232330171720177  7 12  9  9 15  6  6  7  90.52 27079.80
9407222198162320131313 710 3103  9  7  5  5  5  3  4  2  50.21 19080.10
9407232198171020101317231720130  4  7  4  5  6  9  6  7  60.31 16078.20
9407242198181713132013131730137  6  5  5  7  5  5  6 15  70.31 14077.70
9407252198193023202030231723187 15  9  7  7 15  9  6  9 100.52 12077.80
9407262198201013 71010 71313 83  4  5  3  4  4  3  5  5  40.10 17076.30
9407272198212350201010132333183  9 48  7  4  4  5  9 18 130.73 14076.60
9407282198223337303330203733253 18 22 15 18 15  7 22 18 170.94 16077.10
9407292198233027272020272330203 15 12 12  7  7 12  9 15 110.63  7078.00
9407302198243727171320172030180 22 12  6  5  7  6  7 15 100.63 12077.60
9407312198252320132320131340167  9  7  5  9  7  5  5 27  90.52 10076.80
9408012198262723171010101317127 12  9  6  4  4  4  5  6  60.31 11076.20
94080221982717 7 310 3 7 713 67  6  3  2  4  2  3  3  5  40.10 10077.20
9408032199 110101013 7101313 87  4  4  4  5  3  4  5  5  40.10 13078.70
9408042199 210 3 3 310 7 3 7 47  4  2  2  2  4  3  2  3  30.00 14077.40
9408052199 313201313 71013 7 97  5  7  5  5  3  4  5  3  50.21 18077.80
9408062199 4 713171010 7 713 83  3  5  6  4  4  3  3  5  40.10 17077.50
9408072199 5 3 3 3 71713 717 70  2  2  2  3  6  5  3  6  40.10 13077.90
9408082199 610 3 0 0 3 7 3 7 33  4  2  0  0  2  3  2  3  20.00 12075.90
9408092199 7 71010 3 7102317 87  3  4  4  2  3  4  9  6  40.21 12077.40
9408102199 82013272037273023197  7  5 12  7 22 12 15  9 110.63 15079.70
9408112199 93333232727332730233 18 18  9 12 12 18 12 15 140.84 20078.70
9408122199103737302730274330260 22 22 15 12 15 12 32 15 181.05 36082.90
9408132199113347432747404333313 18 39 32 12 39 27 32 18 271.26 39086.70
9408142199124040504327333733303 27 27 48 32 12 18 22 18 261.26 44091.20
9408152199134020202030233033217 27  7  7  7 15  9 15 18 130.84 42083.50
9408162199142317132317133030167  9  6  5  9  6  5 15 15  90.52 43078.80
9408172199151720271717201310140  6  7 12  6  6  7  5  4  70.31 41079.50
940818219916 713172323171017127  3  5  6  9  9  6  4  6  60.31 39079.30
940819219917171317 7101317 7100  6  5  6  3  4  5  6  3  50.21 43077.10
9408202199181023231713172020143  4  9  9  6  5  6  7  7  70.31 30074.00
9408212199192317 3 7303010 7127  9  6  2  3 15 15  4  3  70.42 19072.70
9408222199202017 71323232343170  7  6  3  5  9  9  9 32 100.63 10072.20
94082321992127231010101013 7110 12  9  4  4  4  4  5  3  60.31 25073.50
940824219922 71710 710232323120  3  6  4  3  4  9  9  9  60.31 23073.50
94082521992320302330302323 7187  7 15  9 15 15  9  9  3 100.63 12072.50
940826219924 3172017 7131727120  2  6  7  6  3  5  6 12  60.31 12073.70
9408272199253323231713202720177 18  9  9  6  5  7 12  7  90.52 11072.50
94082821992623332017 7 713 7127  9 18  7  6  3  3  5  3  70.31 13072.50
94082921992710 720131313 317 97  4  3  7  5  5  5  2  6  50.21 16079.10
9408302200 1 7 7101010131013 80  3  3  4  4  4  5  4  5  40.10 22084.70
9408312200 21010 3 723231027113  4  4  2  3  9  9  4 12  60.31 35083.80
9409012200 34037131710103027183 27 22  5  6  4  4 15 12 120.73 38087.30
9409022200 42330 7 710 7 3 7 93  9 15  3  3  4  3  2  3  50.21 49094.90
9409032200 5172020131713 717123  6  7  7  5  6  5  3  6  60.31 59098.20
9409042200 620 310101013 710 83  7  2  4  4  4  5  3  4  40.10 53095.80
9409052200 71720233027171720170  6  7  9 15 12  6  6  7  80.52 65095.10
9409062200 81333234727272323217  5 18  9 39 12 12  9  9 140.84 57095.00
9409072200 91737435350406050350  6 22 32 56 48 27 80 48 401.46 57092.10
9409082200103347475027374033313 18 39 39 48 12 22 27 18 281.26 47089.60
9409092200113743473753474743353 22 32 39 22 56 39 39 32 351.46 41087.30
9409102200124337373333272020250 32 22 22 18 18 12  7  7 170.94 31082.80
9409112200133340372730203020237 18 27 22 12 15  7 15  7 150.94 19082.00
9409122200142010203723333320197  7  4  7 22  9 18 18  7 120.73 10078.20
9409132200151037301317202040187  4 22 15  5  6  7  7 27 120.73  9076.50
940914220016272713103313 7 7137 12 12  5  4 18  5  3  3  80.42  9074.80
9409152200172013131717171727140  7  5  5  6  6  6  6 12  70.31  8072.30
9409162200182730272020272020190 12 15 12  7  7 12  7  7 100.63  8071.60
9409172200192027272713231723177  7 12 12 12  5  9  6  9  90.52 12071.00
940918220020231713102013 720123  9  6  5  4  7  5  3  7  60.31 22072.50
940919220021331017 010171713117 18  4  6  0  4  6  6  5  60.31 14070.80
9409202200221720 71010131720113  6  7  3  4  4  5  6  7  50.21  0070.30
9409212200232013101020171727133  7  5  4  4  7  6  6 12  60.31  0070.40
940922220024301710 7 7 71313103 15  6  4  3  3  3  5  5  60.21 11071.20
9409232200251320 3 7 3101017 83  5  7  2  3  2  4  4  6  40.10 12071.80
94092422002627301310 317 713120 12 15  5  4  2  6  3  5  60.31 14073.30
940925220027231013 313235353193  9  4  5  2  5  9 56 56 181.05 16076.60
9409262201 13747403730332017260 22 39 27 22 15 18  7  6 201.05 26077.40
9409272201 24037303320332340257 27 22 15 18  7 18  9 27 181.05 28075.00
9409282201 34337303713201317210 32 22 15 22  5  7  5  6 140.84 21074.20
9409292201 42717231313101020133 12  6  9  5  5  4  4  7  60.31 17074.70
9409302201 5 71013101013 717 87  3  4  5  4  4  5  3  6  40.10 17074.70
9410012201 617131310 7 3 7 7 77  6  5  5  4  3  2  3  3  40.10 16074.70
9410022201 7 310101317403753183  2  4  4  5  6 27 22 56 160.94 18074.60
9410032201 86370705767605737480 94132132 67111 80 67 22 881.87 16074.30
9410042201 94743473743474037340 39 32 39 22 32 39 27 22 321.36 27074.70
9410052201104743405353474743373 39 32 27 56 56 39 39 32 401.46 48079.40
9410062201114043474747403750350 27 32 39 39 39 27 22 48 341.36 53084.20
9410072201124747473347505350373 39 39 39 18 39 48 56 48 411.57 46083.70
9410082201133740374017303723260 22 27 22 27  6 15 22  9 191.05 44086.00
9410092201143033301317233720203 15 18 15  5  6  9 22  7 120.73 50086.90
9410102201153733272720304043257 22 18 12 12  7 15 27 32 181.05 49086.60
9410112201163040333733304327273 15 27 18 22 18 15 32 12 201.05 48087.20
9410122201172740372313174037233 12 27 22  9  5  6 27 22 160.94 45087.70
9410132201182730273320272730220 12 15 12 18  7 12 12 15 130.73 48092.70
9410142201193023 72017332030180 15  9  3  7  6 18  7 15 100.63 60092.10
9410152201203740232723132020203 22 27  9 12  9  5  7  7 120.73 57092.20
9410162201212013172013101010113  7  5  6  7  5  4  4  4  50.21 51090.90
9410172201221310131310 31320 97  5  4  5  5  4  2  5  7  50.21 39091.00
94101822012320 3 3 3 3132027 93  7  2  2  2  2  5  7 12  50.21 55089.80
94101922012413 7 7 020273033137  5  3  3  0  7 12 15 18  80.42 56089.90
9410202201253310101017272723157 18  4  4  4  6 12 12  9  90.52 49089.30
94102122012617 7 710 3 3 7 7 60  6  3  3  4  2  2  3  3  30.10 41087.00
941022220127 7 7203740373763247  3  3  7 22 27 22 22 94 251.26 29084.70
9410232202 16053635053404740407 80 56 94 48 56 27 39 27 531.67 28083.30
9410242202 24050473737534037340 27 48 39 22 22 56 27 22 331.36 28081.30
9410252202 32747431710 717 7173 12 39 32  6  4  3  6  3 130.84 27088.50
9410262202 43323172017102317160 18  9  6  7  6  4  9  6  80.42 56091.50
9410272202 5 71713171710 7 7 93  3  6  5  6  6  4  3  3  40.21 57091.90
9410282202 613 7171013 31020 93  5  3  6  4  5  2  4  7  40.21 57096.10
9410292202 74030436070673327370 27 15 32 80132111 18 12 531.67 55096.90
9410302202 83353675750406343407 18 56111 67 48 27 94 32 571.67 59096.40
9410312202 95037435747404737357 48 22 32 67 39 27 39 22 371.46 51095.20
9411012202104043302730372327257 27 32 15 12 15 22  9 12 181.05 45090.90
9411022202113737303340332333267 22 22 15 18 27 18  9 18 191.05 48090.00
9411032202122027272337303323220  7 12 12  9 22 15 18  9 130.73 34085.90
9411042202133353333323274037280 18 56 18 18  9 12 27 22 221.15 28082.60
9411052202144030172727274047253 27 15  6 12 12 12 27 39 191.05 31082.00
9411062202154757575340504317363 39 67 67 56 27 48 32  6 431.57 24079.70
9411072202162330272310172710167  9 15 12  9  4  6 12  4  90.52 17080.40
94110822021713 7 7131710 727100  5  3  3  5  6  4  3 12  50.21 16078.60
9411092202182320172037404043240  9  7  6  7 22 27 27 32 170.94 23077.40
9411102202193347403020233023247 18 39 27 15  7  9 15  9 170.94 24078.50
9411112202202027232717101320157  7 12  9 12  6  4  5  7  80.42 16077.50
94111222022120131310 7131710103  7  5  5  4  3  5  6  4  50.21 17078.50
9411132202221020131717231713130  4  7  5  6  6  9  6  5  60.31  8079.50
9411142202232323201713173033177  9  9  7  6  5  6 15 18  90.52  9077.00
9411152202242717202320203033190 12  6  7  9  7  7 15 18 100.63  8077.20
941116220225271713 7102010 3107 12  6  5  3  4  7  4  2  50.21  8077.20
94111722022610301713 7 72317123  4 15  6  5  3  3  9  6  60.31 10077.30
941118220227 710 72320231717123  3  4  3  9  7  9  6  6  60.31 19078.10
9411192203 13347403030403033283 18 39 27 15 15 27 15 18 221.15 15076.60
9411202203 23040504347302023283 15 27 48 32 39 15  7  9 241.26  9076.90
9411212203 32727201713101013137 12 12  7  6  5  4  4  5  70.31  7076.00
9411222203 41023101710172317127  4  9  4  6  4  6  9  6  60.31  8074.50
9411232203 51013 7 71010 317 77  4  5  3  3  4  4  2  6  40.10  8075.60
9411242203 6 71720 7 7171010 93  3  6  7  3  3  6  4  4  40.21  8076.60
9411252203 7 713 3 3 7 31010 57  3  5  2  2  3  2  4  4  30.10 18079.40
9411262203 81027476360433323307  4 12 39 94 80 32 18  9 361.46 17081.00
9411272203 93340434747433727317 18 27 32 39 39 32 22 12 281.26 20078.30
9411282203102320373730302713217  9  7 22 22 15 15 12  5 130.84 23077.60
9411292203111023202020272727173  4  9  7  7  7 12 12 12  90.52 11077.40
9411302203123337404733272733277 18 22 27 39 18 12 12 18 211.15 10076.10
9412012203132737333337331740257 12 22 18 18 22 18  6 27 181.05 11076.90
9412022203143337373047373743300 18 22 22 15 39 22 22 32 241.26  9076.80
9412032203154727332333132323223 39 12 18  9 18  5  9  9 150.84  0079.50
9412042203162717131713 727 7127 12  6  5  6  5  3 12  3  60.31 10079.50
9412052203171013202023231727153  4  5  7  7  9  9  6 12  70.42 15078.40
9412062203183030533337434040307 15 15 56 18 22 32 27 27 261.26 12076.20
9412072203194033332323372737253 27 18 18  9  9 22 12 22 170.94 20077.70
9412082203203327303027273030233 18 12 15 15 12 12 15 15 140.84 25078.80
9412092203213317232323202330193 18  6  9  9  9  7  9 15 100.63 42084.00
9412102203223323171710272727180 18  9  6  6  4 12 12 12 100.63 44083.80
9412112203232017131317304037187  7  6  5  5  6 15 27 22 120.73 57092.30
9412122203243730272323273737240 22 15 12  9  9 12 22 22 150.94 51096.40
9412132203253740402730331717240 22 27 27 12 15 18  6  6 170.94 40093.80
9412142203262317 31717132730147  9  6  2  6  6  5 12 15  80.42 35091.70
9412152203272327332747403743277  9 12 18 12 39 27 22 32 211.15 32090.30
9412162204 13337373340301717243 18 22 22 18 27 15  6  6 170.94 26090.10
9412172204 21720272013202317157  6  7 12  7  5  7  9  6  70.42 35088.90
9412182204 3171717 717232020137  6  6  6  3  6  9  7  7  60.31 34084.60
9412192204 41333172020 7 310123  5 18  6  7  7  3  2  4  60.31 33082.30
9412202204 52320232323272730197  9  7  9  9  9 12 12 15 100.63 21079.80
9412212204 62317231017131013127  9  6  9  4  6  5  4  5  60.31 18079.60
9412222204 72027 3 3 7 3 3 3 70  7 12  2  2  3  2  2  2  40.10 30079.50
9412232204 830232327 7231327173 15  9  9 12  3  9  5 12  90.52 21077.20
9412242204 94040474343474747353 27 27 39 32 32 39 39 39 341.46 30077.00
9412252204104337302733332333260 32 22 15 12 18 18  9 18 181.05 36078.00
9412262204114030272730373037257 27 15 12 12 15 22 15 22 181.05 43077.20
9412272204122323171723174740207  9  9  6  6  9  6 39 27 140.84 29073.40
9412282204133313 71727301327167 18  5  3  6 12 15  5 12 100.52 17076.30
9412292204143730403327271310217 22 15 27 18 12 12  5  4 140.84 17077.00
94123022041523332017131313 7140  9 18  7  6  5  5  5  3  70.42 10074.00
941231220416 713171010101320100  3  5  6  4  4  4  5  7  50.21  9074.80
