95010122041710 0 713 31027 7 77  4  0  3  5  2  4 12  3  40.10 10072.90
9501022204181323273323374740243  5  9 12 18  9 22 39 27 181.05  8074.80
9501032204195340433733473743333 56 27 32 22 18 39 22 32 311.36 11074.30
9501042204204037333337273027263 27 22 18 18 22 12 15 12 181.05 14074.40
9501052204213330334040404037293 18 15 18 27 27 27 27 22 231.15 11073.80
9501062204222727273333273043247 12 12 12 18 18 12 15 32 160.94 15072.00
9501072204232723273030232327210 12  9 12 15 15  9  9 12 120.73  7072.20
9501082204243323131020202310153 18  9  5  4  7  7  9  4  80.42  9071.30
95010922042520203310 7101320133  7  7 18  4  3  4  5  7  70.31  9071.40
950110220426 7 7131723172733143  3  3  5  6  9  6 12 18  80.42  8070.90
9501112204273333273343302323247 18 18 12 18 32 15  9  9 160.94  9072.80
9501122205 127 7 7 7 7101723103 12  3  3  3  3  4  6  9  50.21 10073.70
9501132205 21030332320101313153  4 15 18  9  7  4  5  5  80.52  8072.50
9501142205 3171013 7 3 71320 90  6  4  5  3  2  3  5  7  40.21 11074.70
9501152205 417 713 7 7 7 7 7 70  6  3  5  3  3  3  3  3  40.10 12078.00
9501162205 52320174340274033243  9  7  6 32 27 12 27 18 170.94 17080.10
9501172205 63037404730405363340 15 22 27 39 15 27 56 94 371.46 23080.80
9501182205 76063533730202027310 80 94 56 22 15  7  7 12 371.46 35083.90
9501192205 82010 317201010 7 97  7  4  2  6  7  4  4  3  50.21 42087.30
9501202205 9 7 7 3 713133327110  3  3  2  3  5  5 18 12  60.31 51089.60
95012122051023201710 7203027153  9  7  6  4  3  7 15 12  80.42 55093.40
9501222205112313101330231723153  9  5  4  5 15  9  6  9  80.42 53092.50
9501232205122733131010 31313123 12 18  5  4  4  2  5  5  70.31 54093.10
9501242205131713101310 3 7 3 77  6  5  4  5  4  2  3  2  40.10 60094.10
95012522051413231717131310 7113  5  9  6  6  5  5  4  3  50.21 49086.80
95012622051513 3 3101010 310 63  5  2  2  4  4  4  2  4  30.10 30083.10
950127220516 7 3 7131713 7 3 70  3  2  3  5  6  5  3  2  40.10 23085.80
950128220517 3101010 7 31010 63  2  4  4  4  3  2  4  4  30.10 25080.20
9501292205182047273740434363320  7 39 12 22 27 32 32 94 331.36 18082.10
9501302205195350404037475050367 56 48 27 27 22 39 48 48 391.46 31083.90
9501312205205343402037375033313 56 32 27  7 22 22 48 18 291.36 32084.20
9502012205213033303030303320237 15 18 15 15 15 15 18  7 150.84 35084.60
9502022205223340403740473740313 18 27 27 22 27 39 22 27 261.26 41083.50
9502032205233740333340374340303 22 27 18 18 27 22 32 27 241.26 38080.40
9502042205245337332737403027283 56 22 18 12 22 27 15 12 231.15 35083.60
950205220525201017 7102013 7103  7  4  6  3  4  7  5  3  50.21 35078.80
9502062205263027132027301327187 15 12  5  7 12 15  5 12 100.63 34082.00
9502072205273730271310131347190 22 15 12  5  4  5  5 39 130.84 16081.50
9502082206 14053504343271320290 27 56 48 32 32 12  5  7 271.26 12083.20
9502092206 2102317 3 0 3 3 3 63  4  9  6  2  0  2  2  2  30.10 19081.50
9502102206 3 0 0 0 3 313 717 43  0  0  0  2  2  5  3  6  20.00 23079.30
9502112206 42727533340403750307 12 12 56 18 27 27 22 48 281.26 13079.00
9502122206 54340303730475343323 32 27 15 22 15 39 56 32 301.36 14079.10
9502132206 65343474757473343370 56 32 39 39 67 39 18 32 401.57 11083.50
9502142206 75040273350434027310 48 27 12 18 48 32 27 12 281.26 17080.40
9502152206 83333273020373337250 18 18 12 15  7 22 18 22 160.94 22082.90
9502162206 91720201713331320153  6  7  7  6  5 18  5  7  80.42 26083.50
9502172206101010232320201313133  4  4  9  9  7  7  5  5  60.31 33086.90
9502182206113030202320233013190 15 15  7  9  7  9 15  5 100.63 31086.70
9502192206121727201710131723143  6 12  7  6  4  5  6  9  70.31 46092.40
95022022061317231313101313 7110  6  9  5  5  4  5  5  3  50.21 46088.80
9502212206141710102010 01020 97  6  4  4  7  4  0  4  7  40.21 45087.10
950222220615 3 71010 3 0 3 3 40  2  3  4  4  2  0  2  2  20.00 47083.40
950223220616101020171710 710100  4  4  7  6  6  4  3  4  50.21 42082.90
95022422061710 3 7 7 0 31310 53  4  2  3  3  0  2  5  4  30.10 30081.70
950225220618 0 0 0 3 7 3 3 3 20  0  0  0  2  3  2  2  2  10.00 28081.60
9502262206191730402327303330230  6 15 27  9 12 15 18 15 150.84 26084.50
9502272206202340304043375037300  9 27 15 27 32 22 48 22 251.26 32085.90
9502282206214340435027305747337 32 27 32 48 12 15 67 39 341.36 41089.10
9503012206224047435727434743347 27 39 32 67 12 32 39 32 351.46 51088.30
9503022206234047473737472727307 27 39 39 22 22 39 12 12 261.26 56088.70
9503032206243313131010 71317117 18  5  5  4  4  3  5  6  60.31 55089.40
9503042206252313202733374763263  9  5  7 12 18 22 39 94 261.26 65087.60
9503052206264723233330303730253 39  9  9 18 15 15 22 15 181.05 61082.90
950306220627133010 3 710 0 0 73  5 15  4  2  3  4  0  0  40.10 38082.20
9503072207 1 010 7 7 71310 7 60  0  4  3  3  3  5  4  3  30.10 36082.70
9503082207 2131313 3 3 013 7 67  5  5  5  2  2  0  5  3  30.10 20079.60
9503092207 3 727331720235043220  3 12 18  6  7  9 48 32 170.94 10075.80
9503102207 45337232027273033250 56 22  9  7 12 12 15 18 191.05  0078.10
9503112207 54733371030434757303 39 18 22  4 15 32 39 67 301.36  8075.10
9503122207 66060403330404753363 80 80 27 18 15 27 39 56 431.57 12075.30
9503132207 74337404753604737363 32 22 27 39 56 80 39 22 401.46 10076.60
9503142207 84040333337373730287 27 27 18 18 22 22 22 15 211.15 10078.10
9503152207 92330333023103033213  9 15 18 15  9  4 15 18 130.73 17080.20
9503162207103333302330272723227 18 18 15  9 15 12 12  9 140.84 13083.30
9503172207111727201720272320170  6 12  7  6  7 12  9  7  80.42 16082.50
9503182207122013171010 313 7 93  7  5  6  4  4  2  5  3  40.21 35090.90
950319220713171010 3 7101313 83  6  4  4  2  3  4  5  5  40.10 38083.40
95032022071410 0 713202013 3 87  4  0  3  5  7  7  5  2  40.10 41088.30
950321220715 0 710 3 3 3 3 3 33  0  3  4  2  2  2  2  2  20.00 42089.30
950322220716 31010 7 7 7 3 7 53  2  4  4  3  3  3  2  3  30.10 45092.90
950323220717 7 0 02723232313117  3  0  0 12  9  9  9  5  60.31 44093.60
950324220718231020 713171010110  9  4  7  3  5  6  4  4  50.21 44094.40
9503252207191723101710 71317113  6  9  4  6  4  3  5  6  50.21 42091.80
9503262207202013334357534340303  7  5 18 32 67 56 32 27 301.36 41089.90
9503272207213320403340333733270 18  7 27 18 27 18 22 18 191.05 28088.60
9503282207223733332037433317253 22 18 18  7 22 32 18  6 181.05 19083.40
9503292207233047403333272327260 15 39 27 18 18 12  9 12 191.05 23080.70
95033022072430271317301710 7150 15 12  5  6 15  6  4  3  80.42 23079.50
9503312207251313202717202020150  5  5  7 12  6  7  7  7  70.42 22076.70
950401220726 7 3 3 313374740153  3  2  2  2  5 22 39 27 130.73 13075.30
9504022207274357234040171310243 32 67  9 27 27  6  5  4 221.15 17076.20
9504032208 1 3 3 3 3 3 0 3 3 23  2  2  2  2  2  0  2  2  20.00 19075.20
9504042208 213 710 3 310 313 63  5  3  4  2  2  4  2  5  30.10 10073.10
9504052208 32720133320173023183 12  7  5 18  7  6 15  9 100.63  0072.20
9504062208 42713 3 3 7 32027103 12  5  2  2  3  2  7 12  60.31  0071.90
9504072208 54057605370807360493 27 67 80 56132207154 801001.98  0070.70
9504082208 64047475040533333343 27 39 39 48 27 56 18 18 341.36  0072.00
9504092208 74743434037402727303 39 32 32 27 22 27 12 12 251.26  0072.90
9504102208 83047404740403030303 15 39 27 39 27 27 15 15 261.26  0074.80
9504112208 92343373027305037277  9 32 22 15 12 15 48 22 221.15 10078.00
9504122208104340272323303020237 32 27 12  9  9 15 15  7 160.94 18082.30
95041322081127332010 7171323150 12 18  7  4  3  6  5  9  80.42 31083.30
9504142208122713 7 710101317103 12  5  3  3  4  4  5  6  50.21 34088.90
9504152208131010 3 3131310 3 67  4  4  2  2  5  5  4  2  40.10 42092.00
950416220814 7 31310 3 31717 73  3  2  5  4  2  2  6  6  40.10 46089.70
95041722081530171010 310 710 97 15  6  4  4  2  4  3  4  50.21 48089.60
9504182208162313132317202013143  9  5  5  9  6  7  7  5  70.31 41090.70
95041922081720232310 7101720130  7  9  9  4  3  4  6  7  60.31 34092.60
9504202208181730231720231710157  6 15  9  6  7  9  6  4  80.42 25087.20
950421220819 3 3 3 0 3 7 7 7 33  2  2  2  0  2  3  3  3  20.00 13085.50
95042222082010 3 32337404330190  4  2  2  9 22 27 32 15 140.84 11084.80
9504232208213730333733403047287 22 15 18 22 18 27 15 39 221.15  0077.60
9504242208224050432327404333300 27 48 32  9 12 27 32 18 261.26  0073.40
9504252208234747272027272717237 39 39 12  7 12 12 12  6 170.94  0071.30
9504262208243033272733373043260 15 18 12 12 18 22 15 32 181.05  0070.20
9504272208254033634343303013297 27 18 94 32 32 15 15  5 301.36  8069.10
9504282208262027303733231713200  7 12 15 22 18  9  6  5 120.73  0068.60
9504292208272320171327172020157  9  7  6  5 12  6  7  7  70.42  0069.00
9504302209 113 7 7 7 7 31320 77  5  3  3  3  3  2  5  7  40.10  0068.20
9505012209 2 0 7 3 3 7 7 717 50  0  3  2  2  3  3  3  6  30.00  9069.70
9505022209 32750403050635363377 12 48 27 15 48 94 56 94 491.67  0069.90
9505032209 46053505747434343397 80 56 48 67 39 32 32 32 481.67  0070.20
9505042209 55057503040333743340 48 67 48 15 27 18 22 32 351.46  8071.80
9505052209 64353475750474343383 32 56 39 67 48 39 32 32 431.57 10074.20
9505062209 75333504730233027293 56 18 48 39 15  9 15 12 261.26  9077.80
9505072209 82333404040304047293  9 18 27 27 27 15 27 39 241.15  8079.00
9505082209 94343232740273033267 32 32  9 12 27 12 15 18 201.05  9079.40
9505092209102323232317133327183  9  9  9  9  6  5 18 12 100.52 10079.20
9505102209112020 71317131713120  7  7  3  5  6  5  6  5  60.21 11079.30
9505112209122317171317131713130  9  6  6  5  6  5  6  5  60.31 12078.40
9505122209132317171323172010140  9  6  6  5  9  6  7  4  60.31 26082.40
9505132209141323202333271320173  5  9  7  9 18 12  5  7  90.52 26082.20
95051422091517232313101313 7120  6  9  9  5  4  5  5  3  60.31 27081.60
950515220916 3 7 71020101323 93  2  3  3  4  7  4  5  9  50.21 36087.80
9505162209172740434760535353377 12 27 32 39 80 56 56 56 451.57 40095.90
9505172209184757474027333730317 39 67 39 27 12 18 22 15 301.36 43097.30
9505182209192313172030172737183  9  5  6  7 15  6 12 22 100.63 40093.40
9505192209202327372320203023203  9 12 22  9  7  7 15  9 110.63 35088.30
9505202209213027273020233730223 15 12 12 15  7  9 22 15 130.84 27082.80
9505212209222717 7 710 710 7 90 12  6  3  3  4  3  4  3  50.21 13077.00
950522220923172313131710 723123  6  9  5  5  6  4  3  9  60.31 10072.60
9505232209242010101323335057217  7  4  4  5  9 18 48 67 201.05  0070.40
9505242209253353474330372727297 18 56 39 32 15 22 12 12 261.26  0068.80
9505252209263037201327233017197 15 22  7  5 12  9 15  6 110.73  0068.90
9505262209272017172737273730210  7  6  6 12 22 12 22 15 130.73  0068.10
9505272210 110171317132023 3117  4  6  5  6  5  7  9  2  60.21  0067.50
9505282210 21720171323171320140  6  7  6  5  9  6  5  7  60.31  9068.40
9505292210 31017101327202317137  4  6  4  5 12  7  9  6  70.31 12068.70
9505302210 42343475757405037353  9 32 39 67 67 27 48 22 391.46 10069.40
9505312210 54333374043475033327 32 18 22 27 32 39 48 18 301.36  9070.90
9506012210 64340373340473730307 32 27 22 18 27 39 22 15 251.26  8072.50
9506022210 73340303033372730260 18 27 15 15 18 22 12 15 181.05  9075.40
9506032210 83747433730303730290 22 39 32 22 15 15 22 15 231.15 12076.80
9506042210 92010171717232017140  7  4  6  6  6  9  7  6  60.31 14081.40
950605221010201713 710201727130  7  6  5  3  4  7  6 12  60.31 30084.20
9506062210112713131723132017143 12  5  5  6  9  5  7  6  70.31 24081.80
95060722101227 7131310131723123 12  3  5  5  4  5  6  9  60.31 28085.00
9506082210131317 7 7 3 7 7 3 63  5  6  3  3  2  3  3  2  30.10 28086.80
950609221014 7 7101313171717100  3  3  4  5  5  6  6  6  50.21 24089.00
950610221015273323231317 710153 12 18  9  9  5  6  3  4  80.42 30087.00
950611221016232317 7 7 7 7 7 97  9  9  6  3  3  3  3  3  50.21 24085.10
950612221017 7 71010 710 7 3 60  3  3  4  4  3  4  3  2  30.10 20083.30
950613221018 3 3 7 7 3 3 7 7 40  2  2  3  3  2  2  3  3  20.00 17079.20
950614221019 3 0 71317172723107  2  0  3  5  6  6 12  9  50.21 12078.10
9506152210201317171317131713120  5  6  6  5  6  5  6  5  60.21  0075.60
9506162210213727102330204020207 22 12  4  9 15  7 27  7 130.73  0073.10
9506172210222013131710101013107  7  5  5  6  4  4  4  5  50.21  7072.10
9506182210231027473333171027203  4 12 39 18 18  6  4 12 140.84  9071.80
9506192210243040404357334330317 15 27 27 32 67 18 32 15 291.36 18073.70
9506202210252350432730402723263  9 48 32 12 15 27 12  9 201.05 13074.20
9506212210262733232323232020193 12 18  9  9  9  9  7  7 100.63 15074.70
9506222210272317131727201317147  9  6  5  6 12  7  5  6  70.42 17075.50
9506232211 11720272317231010147  6  7 12  9  6  9  4  4  70.42 16074.30
9506242211 21013171010101310 93  4  5  6  4  4  4  5  4  40.21 13073.40
9506252211 3 010131740434733203  0  4  5  6 27 32 39 18 160.94 13073.20
9506262211 44340332720233030247 32 27 18 12  7  9 15 15 170.94 12073.20
9506272211 520172313 7101320123  7  6  9  5  3  4  5  7  60.31 10074.70
9506282211 61713171727272737180  6  5  6  6 12 12 12 22 100.63  9077.00
9506292211 71310131020301713127  5  4  5  4  7 15  6  5  60.31 14080.10
9506302211 83023203740375053290 15  9  7 22 27 22 48 56 261.26 23080.80
9507012211 95030272017131720193 48 15 12  7  6  5  6  7 130.84 30081.50
95070222111023 7 71010132313107  9  3  3  4  4  5  9  5  50.21 25080.30
9507032211112717132323101733163 12  6  5  9  9  4  6 18  90.52 14080.70
950704221112272313 720231310137 12  9  5  3  7  9  5  4  70.31 14083.50
95070522111310 7 71010 7 7 7 63  4  3  3  4  4  3  3  3  30.10 22082.90
950706221114 7 3 3 7 3 7 710 47  3  2  2  3  2  3  3  4  30.00 27083.60
9507072211151323 7 7131010 3 87  5  9  3  3  5  4  4  2  40.21 29083.30
950708221116 7101313231310 3 93  3  4  5  5  9  5  4  2  50.21 25084.20
950709221117 3 7 713272317 7103  2  3  3  5 12  9  6  3  50.21 28082.90
950710221118 3 3 7 3 7 7 7 3 40  2  2  3  2  3  3  3  2  20.00 21079.90
950711221119 3 3 3 0 3 31010 37  2  2  2  0  2  2  4  4  20.00 18078.60
95071222112010 3 0 310131017 67  4  2  0  2  4  5  4  6  30.10 13076.70
95071322112117201713101313 3107  6  7  6  5  4  5  5  2  50.21 11074.90
950714221122 7 3 71310232723113  3  2  3  5  4  9 12  9  60.31 13076.80
9507152211231717171717131717130  6  6  6  6  6  5  6  6  60.31 19076.80
95071622112413 7171753604353263  5  3  6  6 56 80 32 56 301.36 17075.90
9507172211254740333040432333290 39 27 18 15 27 32  9 18 231.15 16074.70
9507182211263320202333172717190 18  7  7  9 18  6 12  6 100.63 14074.40
9507192211271723272013102337170  6  9 12  7  5  4  9 22  90.52 21072.80
9507202212 13023173720171010163 15  9  6 22  7  6  4  4  90.52 23072.00
9507212212 2 7 7131717171310100  3  3  5  6  6  6  5  4  50.21 14070.80
9507222212 3 717101020202013117  3  6  4  4  7  7  7  5  50.21 11071.10
9507232212 42713 7 720232317137 12  5  3  3  7  9  9  6  70.31  0070.70
9507242212 53037533737234340300 15 22 56 22 22  9 32 27 261.26  0071.50
9507252212 640271313 710 710127 27 12  5  5  3  4  3  4  80.42  0072.00
9507262212 71717131017131317117  6  6  5  4  6  5  5  6  50.21  7071.60
9507272212 8132013 7 7 72320110  5  7  5  3  3  3  9  7  50.21  8072.70
9507282212 92010 71010102027113  7  4  3  4  4  4  7 12  60.31  0072.60
9507292212102720 3 710201013110 12  7  2  3  4  7  4  5  60.21  0072.00
95073022121117 0 32013171730117  6  0  2  7  5  6  6 15  60.31  0071.90
950731221212171713 3 7171327113  6  6  5  2  3  6  5 12  60.31 10072.90
95080122121320131317 7 7 7 3 87  7  5  5  6  3  3  3  2  40.10 14074.80
95080222121410 710 7132027 7100  4  3  4  3  5  7 12  3  50.21 15075.70
9508032212151717301723201713153  6  6 15  6  9  7  6  5  80.42 17075.50
950804221216 71013 7 7101723 93  3  4  5  3  3  4  6  9  50.21 16075.10
950805221217 713102017271017120  3  5  4  7  6 12  4  6  60.31 16077.20
950806221218 7 710 310 71717 77  3  3  4  2  4  3  6  6  40.10 22077.30
950807221219 7 7 72327203030150  3  3  3  9 12  7 15 15  80.52 18075.80
9508082212204340302323205033263 32 27 15  9  9  7 48 18 211.15 13075.60
9508092212214337302333374043287 32 22 15  9 18 22 27 32 221.15  9075.50
9508102212223740333020232320227 22 27 18 15  7  9  9  7 140.84 10075.00
9508112212231317232020171723150  5  6  9  7  7  6  6  9  70.31 11074.90
9508122212243310 72023101727147 18  4  3  7  9  4  6 12  80.42  0073.80
9508132212253030231720132740200 15 15  9  6  7  5 12 27 120.73  9072.70
9508142212264737473727303037290 39 22 39 22 12 15 15 22 231.15  0071.90
9508152212273337272327173327223 18 22 12  9 12  6 18 12 140.84 12073.20
9508162213 1203337131713 7 7147  7 18 22  5  6  5  3  3  90.52 21072.30
9508172213 22320203033302717200  9  7  7 15 18 15 12  6 110.63 13071.50
9508182213 31310 71020202320123  5  4  3  4  7  7  9  7  60.31  0073.60
9508192213 42313301317203030177  9  5 15  5  6  7 15 15 100.52  0073.40
9508202213 51317171320131010113  5  6  6  5  7  5  4  4  50.21  8073.00
9508212213 6 7 7101310 3 3 3 57  3  3  4  5  4  2  2  2  30.10  0072.70
9508222213 710 3 3 333234353173  4  2  2  2 18  9 32 56 160.94  8071.90
9508232213 84337302717101010183 32 22 15 12  6  4  4  4 120.73 15075.90
9508242213 91710101323172023133  6  4  4  5  9  6  7  9  60.31 31078.80
9508252213103340334017202027230 18 27 18 27  6  7  7 12 150.94 30078.80
9508262213112023231317 71020133  7  9  9  5  6  3  4  7  60.31 41078.90
9508272213122320171713172323153  9  7  6  6  5  6  9  9  70.42 32081.60
950828221313 7 7101317171710 97  3  3  4  5  6  6  6  4  50.21 24083.20
9508292213143027233320202320197 15 12  9 18  7  7  9  7 100.63 14079.70
950830221315172013 710 710 7 90  6  7  5  3  4  3  4  3  40.21 13078.90
950831221316 7 7 3 3 313 710 53  3  3  2  2  2  5  3  4  30.10 11077.00
95090122131717 7 3 7 71013 3 67  6  3  2  3  3  4  5  2  40.10  9075.00
95090222131810 3 3 710101710 70  4  2  2  3  4  4  6  4  40.10  8074.60
9509032213191710 7 7 7101313 83  6  4  3  3  3  4  5  5  40.10  8074.90
950904221320 31717 713 7 723 93  2  6  6  3  5  3  3  9  50.21 16075.60
9509052213213027274053475353330 15 12 12 27 56 39 56 56 341.36 16075.90
9509062213225730333733332033277 67 15 18 22 18 18  7 18 231.15  8073.00
9509072213233737304033403317267 22 22 15 27 18 27 18  6 191.05  8071.20
9509082213243053635337473717337 15 56 94 56 22 39 22  6 391.46  0070.10
9509092213253343333030201320223 18 32 18 15 15  7  5  7 150.84  0069.70
950910221326 710172017233347173  3  4  6  7  6  9 18 39 120.73  0068.90
9509112213275747333030373333300 67 39 18 15 15 22 18 18 261.26  0068.90
9509122214 12323132317274040207  9  9  5  9  6 12 27 27 130.73  9069.50
9509132214 23037374727302327257 15 22 22 39 12 15  9 12 181.05  8070.10
9509142214 32723131010132327147 12  9  5  4  4  5  9 12  80.42  0070.30
9509152214 43747374043503010293 22 39 22 27 32 48 15  4 261.26 10070.90
9509162214 52723303030132023197 12  9 15 15 15  5  7  9 110.63  8070.40
9509172214 623231013171317 3120  9  9  4  5  6  5  6  2  60.31  0070.50
9509182214 7 3 0 010 3 31317 50  2  0  0  4  2  2  5  6  30.00  0072.30
9509192214 810 3 710 3101710 70  4  2  3  4  2  4  6  4  40.10 11074.30
9509202214 91730271727201723177  6 15 12  6 12  7  6  9  90.52 21076.20
9509212214102020 71017201313120  7  7  3  4  6  7  5  5  60.21 22074.50
95092222141113 7 3 3 7 71313 67  5  3  2  2  3  3  5  5  40.10 30075.10
9509232214123330 72330203027200 18 15  3  9 15  7 15 12 120.73 29075.50
95092422141330331723 71310 3137 15 18  6  9  3  5  4  2  80.42 30074.20
95092522141410202010 31310 3 90  4  7  7  4  2  5  4  2  40.21 26074.50
950926221415 3171320 7 713 7 87  2  6  5  7  3  3  5  3  40.10 25073.90
9509272214162027233743537053327  7 12  9 22 32 56132 56 411.57 26072.60
9509282214172030534023 7 3 7183  7 15 56 27  9  3  2  3 150.94  9073.00
950929221418 3 3 713 713 3 3 53  2  2  3  5  3  5  2  2  30.10  9074.00
950930221419 7 7131713 7 720 90  3  3  5  6  5  3  3  7  40.21  8073.00
951001221420 7 3 0 3 0 32017 53  3  2  0  2  0  2  7  6  30.00  0072.80
9510022214212710272740272747230 12  4 12 12 27 12 12 39 160.94  0072.70
9510032214224333272733473733280 32 18 12 12 18 39 22 18 211.15  0071.10
9510042214234043376767574750407 27 32 22111111 67 39 48 571.77  0070.80
9510052214243737374747231743287 22 22 22 39 39  9  6 32 241.26  0069.80
9510062214252340335033472740293  9 27 18 48 18 39 12 27 251.26  0070.90
9510072214264743474040332330303 39 32 39 27 27 18  9 15 261.26 10072.80
9510082214273337334343505023313 18 22 18 32 32 48 48  9 281.26  9074.10
9510092215 11033474033473340283  4 18 39 27 18 39 18 27 241.15 22076.00
9510102215 23037371310 7 3 7143 15 22 22  5  4  3  2  3 100.52 29082.10
9510112215 31340371327402020210  5 27 22  5 12 27  7  7 140.84 48089.10
9510122215 43343474037132327263 18 32 39 27 22  5  9 12 201.05 57091.80
9510132215 54017202017202323180 27  6  7  7  6  7  9  9 100.52 58087.50
9510142215 61317131710132023127  5  6  5  6  4  5  7  9  60.31 54086.70
9510152215 72010 7101717 323107  7  4  3  4  6  6  2  9  50.21 31082.50
9510162215 82020 71020173017140  7  7  3  4  7  6 15  6  70.31 43085.00
9510172215 9203333171320 710153  7 18 18  6  5  7  3  4  80.52 37084.10
9510182215102017104030405367277  7  6  4 27 15 27 56111 321.36 28080.90
9510192215116753433017132030273111 56 32 15  6  5  7 15 311.36 21079.80
9510202215122357405040534023327  9 67 27 48 27 56 27  9 341.36 18081.80
9510212215132313302337332033213  9  5 15  9 22 18  7 18 130.73 26080.30
9510222215142727301323173727200 12 12 15  5  9  6 22 12 120.73 26079.70
9510232215153350333727233323260 18 48 18 22 12  9 18  9 191.05 26075.90
95102422151630 3101327402313160 15  2  4  5 12 27  9  5 100.63 25073.50
951025221517172717 7 7 3 0 0 77  6 12  6  3  3  2  0  0  40.10 22073.10
951026221518 0 3 0 7 3131320 60  0  2  0  3  2  5  5  7  30.10 22073.00
95102722151917 7 7 31723 727107  6  3  3  2  6  9  3 12  60.21 12073.10
95102822152010 7 0 0 0 0 7 7 30  4  3  0  0  0  0  3  3  20.00 10072.90
951029221521 7 7131310 0 0 7 57  3  3  5  5  4  0  0  3  30.10  9072.80
951030221522 7 0 31737472330163  3  0  2  6 22 39  9 15 120.73  0072.30
9510312215234737332017303333250 39 22 18  7  6 15 18 18 181.05 10072.20
9511012215244047433043174333297 27 39 32 15 32  6 32 18 251.26  0073.30
95110222152527473740304027 3250 12 39 22 27 15 27 12  2 201.05  8072.10
951103221526 7202713 7 713 3 97  3  7 12  5  3  3  5  2  50.21  8071.40
951104221527 013131733472010153  0  5  5  6 18 39  7  4 100.63  0072.00
9511052216 13723132340372747247 22  9  5  9 27 22 12 39 181.05  0073.90
9511062216 24033473043303723283 27 18 39 15 32 15 22  9 221.15  8073.50
9511072216 32730272320102320180 12 15 12  9  7  4  9  7  90.52  8072.00
9511082216 42323172010201313140  9  9  6  7  4  7  5  5  60.31  8074.80
9511092216 513 710 7 7 71010 70  5  3  4  3  3  3  4  4  40.10  9075.70
9511102216 6232310 7101313 7107  9  9  4  3  4  5  5  3  50.21 12076.50
9511112216 71313 31313 71030103  5  5  2  5  5  3  4 15  60.21  9075.90
9511122216 82023331723133713180  7  9 18  6  9  5 22  5 100.63  8074.60
9511132216 9 310 7 3202017 7 87  2  4  3  2  7  7  6  3  40.10  8071.50
95111422161013 71010 7 7 720 80  5  3  4  4  3  3  3  7  40.10  8073.40
9511152216111320 710 3 0 3 0 57  5  7  3  4  2  0  2  0  30.10 20075.00
95111622161210 0 3 710 3 730 70  4  0  2  3  4  2  3 15  40.10 22074.20
9511172216133323171710 7 717130 18  9  6  6  4  3  3  6  70.31 33073.40
95111822161410131313 7101320100  4  5  5  5  3  4  5  7  50.21 23073.40
95111922161523272710 7 71333147  9 12 12  4  3  3  5 18  80.42 10072.20
95112022161617 72713 3 0 313 83  6  3 12  5  2  0  2  5  40.21 10071.50
9511212216171010 7 3 313 7 7 60  4  4  3  2  2  5  3  3  30.10  9071.10
9511222216181317 7131327 720117  5  6  3  5  5 12  3  7  60.31  9071.00
95112322161927 71310 3 31010 83 12  3  5  4  2  2  4  4  40.21  9070.90
951124221620 7 0 3 0 3 7 3 3 27  3  0  2  0  2  3  2  2  20.00  0070.40
95112522162110 3 0 3 0 0 313 33  4  2  0  2  0  0  2  5  20.00  0069.90
9511262216222020 0 0 0 0 0 0 40  7  7  0  0  0  0  0  0  20.00  0070.80
951127221623 710306337373733253  3  4 15 94 22 22 22 18 251.26  0068.90
9511282216242027232313233027187  7 12  9  9  5  9 15 12 100.52  9071.50
9511292216254030402320371717223 27 15 27  9  7 22  6  6 150.84 11070.40
9511302216262733302713 3 7 7147 12 18 15 12  5  2  3  3  90.52 12072.30
9512012216272027102037434047243  7 12  4  7 22 32 27 39 191.05 16070.70
9512022217 14020232333172020197 27  7  9  9 18  6  7  7 110.63 12071.20
9512032217 210 7132017203327147  4  3  5  7  6  7 18 12  80.42 16071.20
9512042217 34347333313201020220 32 39 18 18  5  7  4  7 160.94 16070.70
9512052217 417 7 3 7 3 71723 83  6  3  2  3  2  3  6  9  40.10 14071.40
9512062217 5 0 7 71010171720 87  0  3  3  4  4  6  6  7  40.10 10071.80
9512072217 61010 7 71717 3 3 73  4  4  3  3  6  6  2  2  40.10 10071.90
9512082217 7 310 7 3 0 0 310 37  2  4  3  2  0  0  2  4  20.00  8071.80
9512092217 82340172023101013157  9 27  6  7  9  4  4  5  90.52 19071.60
9512102217 9232717 7 3 3 3 3 87  9 12  6  3  2  2  2  2  50.21 17071.30
9512112217101717 310 7 710 3 73  6  6  2  4  3  3  4  2  40.10 18071.10
951212221711 3 7 7 313203017100  2  3  3  2  5  7 15  6  50.21 11070.00
95121322171213 7 0 3 0 0 7 3 33  5  3  0  2  0  0  3  2  20.00 10070.40
951214221713202310 7131013 3100  7  9  4  3  5  4  5  2  50.21  9067.60
9512152217141010171737403327190  4  4  6  6 22 27 18 12 120.73  8068.00
9512162217154053432733131310233 27 56 32 12 18  5  5  4 201.05  0067.70
951217221716 710272720332720170  3  4 12 12  7 18 12  7  90.52  0067.10
95121822171713 7 3101010 3 3 60  5  3  2  4  4  4  2  2  30.10  0066.40
951219221718271317 7132310 7117 12  5  6  3  5  9  4  3  60.31  0067.00
951220221719 310 3102717 3 0 73  2  4  2  4 12  6  2  0  40.10  8067.30
951221221720 3 3 7 713272733120  2  2  3  3  5 12 12 18  70.42  9067.80
9512222217213327272030335040260 18 12 12  7 15 18 48 27 201.05  9068.90
9512232217223727 72313 720 3137 22 12  3  9  5  3  7  2  80.42  8069.90
9512242217232023504750402333287  7  9 48 39 48 27  9 18 261.26  0069.90
9512252217242730232730333027227 12 15  9 12 15 18 15 12 140.84 12070.10
9512262217252740332330233323233 12 27 18  9 15  9 18  9 150.84 17071.70
9512272217262720171320172020153 12  7  6  5  7  6  7  7  70.42 18071.50
951228221727 71013 7 320 710 77  3  4  5  3  2  7  3  4  40.10 17073.40
9512292218 1 7 710 3 3101317 70  3  3  4  2  2  4  5  6  40.10  9073.90
9512302218 213 7 3 7 710 7 7 60  5  3  2  3  3  4  3  3  30.10 10072.80
9512312218 31017331323202010147  4  6 18  5  9  7  7  4  80.42  0072.70
