1801012515213337232327101013177 18 22  9  9 12  4  4  5 100.63---066.80
18010225152217 7 3 717102010 90  6  3  2  3  6  4  7  4  40.21---067.20
180103251523 0 710 7 310 3 0 40  0  3  4  3  2  4  2  0  20.00---068.30
180104251524 7 010 0 7 31310 50  3  0  4  0  3  2  5  4  30.00---067.20
180105251525 71713 7 7131020 93  3  6  5  3  3  5  4  7  40.21---067.00
18010625152613 0 7 0 3 0 3 3 30  5  0  3  0  2  0  2  2  20.00---067.10
18010725152710 0 0 0 3 7 7 3 30  4  0  0  0  2  3  3  2  20.00---067.60
1801082516 1 3 7231737302017153  2  3  9  6 22 15  7  6  90.52---068.00
1801092516 23723201320201717167 22  9  7  5  7  7  6  6  90.52---068.50
1801102516 313171010 310 3 0 67  5  6  4  4  2  4  2  0  30.10---068.10
1801112516 4 310 0 3 7 0 3 7 33  2  4  0  2  3  0  2  3  20.00---068.50
1801122516 5 7131010 713 3 0 63  3  5  4  4  3  5  2  0  30.10---068.60
1801132516 6 0 0131320173023117  0  0  5  5  7  6 15  9  60.31---068.50
1801142516 74740201317201020187 39 27  7  5  6  7  4  7 130.73---068.20
1801152516 837202713 7201720160 22  7 12  5  3  7  6  7  90.52---067.90
1801162516 920 3 713 7 71010 77  7  2  3  5  3  3  4  4  40.10---068.80
180117251610 0 0 0 7 3 0 0 3 13  0  0  0  3  2  0  0  2  10.00---068.60
180118251611 0 3 0 0 3 3 3 3 17  0  2  0  0  2  2  2  2  10.00---068.80
18011925161213272317 7 72327143  5 12  9  6  3  3  9 12  70.42---068.50
18012025161327302710 7101310133 12 15 12  4  3  4  5  4  70.42---067.40
18012125161410 7172330203027163  4  3  6  9 15  7 15 12  90.52---066.10
1801222516153030201710273327193 15 15  7  6  4 12 18 12 110.63---067.90
1801232516162020 3 71013 3 3 80  7  7  2  3  4  5  2  2  40.10---068.30
180124251617 0 0 3 730331040123  0  0  2  3 15 18  4 27  90.52---067.70
1801252516183023202013302317177 15  9  7  7  5 15  9  6  90.52---068.20
18012625161930232710 3 71717133 15  9 12  4  2  3  6  6  70.42---067.70
1801272516202717 71010131713113 12  6  3  4  4  5  6  5  60.31---066.70
1801282516211010 0 713 7 317 67  4  4  0  3  5  3  2  6  30.10---066.40
180129251622 3 31010 7 710 3 53  2  2  4  4  3  3  4  2  30.10---066.20
180130251623 72317 7 3 0 3 3 63  3  9  6  3  2  0  2  2  30.10---066.90
180131251624 0 0132023171327113  0  0  5  7  9  6  5 12  60.21---067.20
18020125162527 3 3 3 3 01313 67 12  2  2  2  2  0  5  5  40.10---067.00
1802022516262010 7 7 7 3 3 0 57  7  4  3  3  3  2  2  0  30.10---066.60
180203251627 3 31010 3 31713 63  2  2  4  4  2  2  6  5  30.10---067.30
1802042517 1 7 0 0 3 3102310 57  3  0  0  2  2  4  9  4  30.10---071.00
1802052517 227202017302310 3150 12  7  7  6 15  9  4  2  80.42---072.00
1802062517 3 323131713 0 713 90  2  9  5  6  5  0  3  5  40.21---074.80
1802072517 4 3 3 71017 0 0 0 40  2  2  3  4  6  0  0  0  20.00---074.60
1802082517 5 010 7 7 3 0 313 43  0  4  3  3  2  0  2  5  20.00---075.50
1802092517 61327 7 0 0 0 323 73  5 12  3  0  0  0  2  9  40.10---076.10
1802102517 710231323201313 7123  4  9  5  9  7  5  5  3  60.31---076.20
1802112517 8 7 0 3 3 3 7 3 0 27  3  0  2  2  2  3  2  0  20.00---076.20
1802122517 9 01017 3 3 317 7 60  0  4  6  2  2  2  6  3  30.10---076.60
180213251710 0 7 7 3 3 3 3 7 33  0  3  3  2  2  2  2  3  20.00---074.10
18021425171110 0 0 0 0 01013 33  4  0  0  0  0  0  4  5  20.00---073.40
18021525171210 0201023473027167  4  0  7  4  9 39 15 12 110.63---070.80
18021625171323232313 7131723143  9  9  9  5  3  5  6  9  70.31---069.80
1802172517143037301330171023190 15 22 15  5 15  6  4  9 110.73---067.40
1802182517154020232030372323217 27  7  9  7 15 22  9  9 130.84---068.70
1802192517164040231727204027233 27 27  9  6 12  7 27 12 160.94---067.50
18022025171727 0 3 31310 3 0 60 12  0  2  2  5  4  2  0  30.10---068.90
180221251718 0 0 720 3 3 7 3 43  0  0  3  7  2  2  3  2  20.00---066.10
1802222517191713 71723273733173  6  5  3  6  9 12 22 18 100.63---068.20
1802232517201737304313203327220  6 22 15 32  5  7 18 12 150.84---068.50
1802242517213333271713 3 310140 18 18 12  6  5  2  2  4  80.52---068.60
180225251722 7 0 7 0 3172013 67  3  0  3  0  2  6  7  5  30.10---067.80
180226251723201717171013 330127  7  6  6  6  4  5  2 15  60.31---070.60
1802272517244053172043231310220 27 56  6  7 32  9  5  4 181.05---068.70
1802282517252323 71317101713123  9  9  3  5  6  4  6  5  60.31---068.60
180301251726 717 71013 72723110  3  6  3  4  5  3 12  9  60.31---066.00
18030225172727 3 3 3 3 3 7 7 57 12  2  2  2  2  2  3  3  40.10---066.60
1803032518 110 0102013102027110  4  0  4  7  5  4  7 12  50.21---066.70
1803042518 2272017 71313 7 7110 12  7  6  3  5  5  3  3  60.21---066.40
1803052518 313 0101310131313 87  5  0  4  5  4  5  5  5  40.10---066.50
1803062518 417 7 7101020 7 7 83  6  3  3  4  4  7  3  3  40.10---066.50
1803072518 5 3 0 7 0 0 32710 50  2  0  3  0  0  2 12  4  30.10---066.80
1803082518 6 7131710 3 010 3 63  3  5  6  4  2  0  4  2  30.10---065.60
1803092518 72730 71010102343160 12 15  3  4  4  4  9 32 100.63---066.60
1803102518 84037271320132317190 27 22 12  5  7  5  9  6 120.73---066.80
1803112518 9231313 3 3 71010 83  9  5  5  2  2  3  4  4  40.10---066.90
180312251810 3 0 0 31010 7 0 33  2  0  0  2  4  4  3  0  20.00---067.30
180313251811 0 010 710 710 3 47  0  0  4  3  4  3  4  2  20.00---067.70
180314251812 3 310 713402737140  2  2  4  3  5 27 12 22 100.52---066.90
1803152518134023172717333337227 27  9  6 12  6 18 18 22 150.84---068.30
1803162518143043272330403037260 15 32 12  9 15 27 15 22 181.05---067.90
1803172518154330231723172337213 32 15  9  6  9  6  9 22 140.84---069.00
1803182518162723 71033374360240 12  9  3  4 18 22 32 80 221.15---068.50
1803192518174337301017202330210 32 22 15  4  6  7  9 15 140.84---069.70
1803202518183030 3 313 32013117 15 15  2  2  5  2  7  5  70.31---068.20
1803212518191020 7 0 3 32010 73  4  7  3  0  2  2  7  4  40.10---068.80
1803222518201020 3 3 7172730117  4  7  2  2  3  6 12 15  60.31---068.00
1803232518214030133020173737223 27 15  5 15  7  6 22 22 150.84---067.70
1803242518222020132017202327160  7  7  5  7  6  7  9 12  80.42---067.20
1803252518233337303320272340243 18 22 15 18  7 12  9 27 160.94---068.00
1803262518242730272013232723190 12 15 12  7  5  9 12  9 100.63---067.50
180327251825273020202313 3 7143 12 15  7  7  9  5  2  3  80.42---068.00
180328251826 7 3 7 0 3 0 3 3 27  3  2  3  0  2  0  2  2  20.00---068.30
180329251827 0 0 7171017 710 67  0  0  3  6  4  6  3  4  30.10---068.80
1803302519 11323 71013 7 7 7 87  5  9  3  4  5  3  3  3  40.21---068.60
1803312519 2271713131317 7 7113 12  6  5  5  5  6  3  3  60.31---068.90
1804012519 31310101310131010 90  5  4  4  5  4  5  4  4  40.21---068.90
1804022519 41710 7 713131313 93  6  4  3  3  5  5  5  5  40.21---068.40
1804032519 5132010 3 0 0 0 0 47  5  7  4  2  0  0  0  0  20.00---067.80
1804042519 6 0 0 31717171317 83  0  0  2  6  6  6  5  6  40.10---068.60
1804052519 73020 7 713273013147 15  7  3  3  5 12 15  5  80.42---066.40
1804062519 8 7 3 3 7101710 7 63  3  2  2  3  4  6  4  3  30.10---067.40
1804072519 9 310 7 31013 720 73  2  4  3  2  4  5  3  7  40.10---067.00
180408251910 713 3 7 3172023 93  3  5  2  3  2  6  7  9  50.21---068.10
1804092519111313201320233043177  5  5  7  5  7  9 15 32 110.63---068.90
1804102519122040402733302337250  7 27 27 12 18 15  9 22 170.94---068.80
1804112519134337301713 31020173 32 22 15  6  5  2  4  7 120.73---068.60
1804122519141717271320132330160  6  6 12  5  7  5  9 15  80.42---070.40
1804132519153723171310 72027153 22  9  6  5  4  3  7 12  80.52---070.10
1804142519162013 0 320201317107  7  5  0  2  7  7  5  6  50.21---069.90
180415251917231313 717 7 717103  9  5  5  3  6  3  3  6  50.21---071.00
18041625191810 7 0 3 3 3 010 37  4  3  0  2  2  2  0  4  20.00---069.70
180417251919 7 7 7 0 3 7 710 47  3  3  3  0  2  3  3  4  30.00---069.80
1804182519201317 7 7172017 7103  5  6  3  3  6  7  6  3  50.21---071.40
180419251921 0 0 010 3 0 7 7 27  0  0  0  4  2  0  3  3  20.00---071.40
1804202519223340605743505333370 18 27 80 67 32 48 56 18 431.57---073.70
1804212519233027272023333013203 15 12 12  7  9 18 15  5 120.73---077.50
180422251924131710 317101017 97  5  6  4  2  6  4  4  6  50.21---076.50
1804232519252717 3 010 73020113 12  6  2  0  4  3 15  7  60.31---074.70
180424251926 3 0 7 313132017 77  2  0  3  2  5  5  7  6  40.10---073.70
180425251927202010 7 3 0 013 73  7  7  4  3  2  0  0  5  40.10---071.60
1804262520 117 7 31010 3 717 73  6  3  2  4  4  2  3  6  40.10---070.30
1804272520 213 0 0 713271720 97  5  0  0  3  5 12  6  7  50.21---069.60
1804282520 317 7 7 313 7 3 0 57  6  3  3  2  5  3  2  0  30.10---071.10
1804292520 4 3 010 71313 3 7 57  2  0  4  3  5  5  2  3  30.10---072.20
1804302520 52313 7 7201713 0100  9  5  3  3  7  6  5  0  50.21---071.30
1805012520 6 0 310 3 3 3 3 7 33  0  2  4  2  2  2  2  3  20.00---069.50
1805022520 71020171010 7 3 0 77  4  7  6  4  4  3  2  0  40.10---068.10
1805032520 8 3 3 3 3 7 71013 50  2  2  2  2  3  3  4  5  30.10---067.60
1805042520 9 3 713 7 7101310 70  2  3  5  3  3  4  5  4  40.10---068.90
180505252010 7 7 32740474357230  3  3  2 12 27 39 32 67 231.15---068.70
1805062520115740332730234343297 67 27 18 12 15  9 32 32 261.26---068.40
1805072520123740301730332333243 22 27 15  6 15 18  9 18 160.94---070.90
1805082520132730232727373720227 12 15  9 12 12 22 22  7 140.84---070.90
1805092520143327231723234037223 18 12  9  6  9  9 27 22 140.84---070.90
180510252015332730202030 727193 18 12 15  7  7 15  3 12 110.63---071.00
1805112520162033371730203733227  7 18 22  6 15  7 22 18 140.84---071.70
1805122520172737101310 71720140 12 22  4  5  4  3  6  7  80.42---071.20
180513252018 717232020202323153  3  6  9  7  7  7  9  9  70.42---072.40
180514252019101010 7 7 7 720 77  4  4  4  3  3  3  3  7  40.10---071.80
180515252020 0 3 7 3 713 710 50  0  2  3  2  3  5  3  4  30.00---071.90
180516252021 0 0 3 313 71313 53  0  0  2  2  5  3  5  5  30.00---071.50
1805172520222717172730232320183 12  6  6 12 15  9  9  7 100.52---070.50
1805182520231710 31013101010 83  6  4  2  4  5  4  4  4  40.10---071.10
180519252024 0 0 0 3 71010 3 33  0  0  0  2  3  4  4  2  20.00---071.90
180520252025 31010 3 7 3 0 3 40  2  4  4  2  3  2  0  2  20.00---070.40
180521252026 0 7 3 7 0 3 010 30  0  3  2  3  0  2  0  4  20.00---071.30
180522252027 0 320 713132017 93  0  2  7  3  5  5  7  6  40.21---072.60
1805232521 1132033272313 713150  5  7 18 12  9  5  3  5  80.42---075.00
1805242521 21013 3 3 7 7 3 7 53  4  5  2  2  3  3  2  3  30.10---075.60
1805252521 313 3 3 313 3 3 3 47  5  2  2  2  5  2  2  2  30.00---077.70
1805262521 4 0 7 3 3 7 31013 47  0  3  2  2  3  2  4  5  30.00---074.90
1805272521 51013 313 7 3 7 7 63  4  5  2  5  3  2  3  3  30.10---076.60
1805282521 6 31010101713 7 3 73  2  4  4  4  6  5  3  2  40.10---078.90
1805292521 7 717 7 710 7 7 3 63  3  6  3  3  4  3  3  2  30.10---077.00
1805302521 8 3 3 7 3 7101717 67  2  2  3  2  3  4  6  6  40.10---077.30
1805312521 91313 71317374330173  5  5  3  5  6 22 32 15 120.73---078.90
1806012521103037474347372323287 15 22 39 32 39 22  9  9 231.15---076.90
1806022521112740272027234037240 12 27 12  7 12  9 27 22 160.94---076.50
1806032521122717101727272017160 12  6  4  6 12 12  7  6  80.42---075.70
18060425211310131313 71013 7 87  4  5  5  5  3  4  5  3  40.10---072.60
18060525211417131010171717 7107  6  5  4  4  6  6  6  3  50.21---073.40
180606252115 7 7 3 313233717110  3  3  2  2  5  9 22  6  60.31---073.20
18060725211627171010 3 71013 97 12  6  4  4  2  3  4  5  50.21---071.30
180608252117 720 71713 3 3 3 73  3  7  3  6  5  2  2  2  40.10---070.20
18060925211810 71010 3 713 0 60  4  3  4  4  2  3  5  0  30.10---068.80
180610252119 710 0 0 310 7 0 37  3  4  0  0  2  4  3  0  20.00---072.40
18061125212010 3 3 31013 310 57  4  2  2  2  4  5  2  4  30.10---072.00
1806122521211717 3 3 7 3 3 7 60  6  6  2  2  3  2  2  3  30.10---072.50
180613252122 3 710 3 3 32020 70  2  3  4  2  2  2  7  7  40.10---073.00
1806142521231310131013101010 90  5  4  5  4  5  4  4  4  40.21---074.70
180615252124 7 7 310 710 3 0 47  3  3  2  4  3  4  2  0  30.00---072.80
180616252125 0 7 3 0 3 3 3 7 27  0  3  2  0  2  2  2  3  20.00---072.70
180617252126 7 710 3 3101717 73  3  3  4  2  2  4  6  6  40.10---074.60
1806182521274033373330232320240 27 18 22 18 15  9  9  7 160.94---076.10
1806192522 11317231710 71010107  5  6  9  6  4  3  4  4  50.21---079.00
1806202522 2 31723171010 710 97  2  6  9  6  4  4  3  4  50.21---084.70
1806212522 3 7 7 710 3 7 3 3 47  3  3  3  4  2  3  2  2  30.00---084.20
1806222522 4 31010 3 31013 7 60  2  4  4  2  2  4  5  3  30.10---083.00
1806232522 52333174040303337253  9 18  6 27 27 15 18 22 181.05---079.70
1806242522 62717231720 71310133 12  6  9  6  7  3  5  4  60.31---077.00
1806252522 710 7 71727203050167  4  3  3  6 12  7 15 48 120.73---075.20
1806262522 84737273737303320267 39 22 12 22 22 15 18  7 201.05---073.40
1806272522 91023131320131327133  4  9  5  5  7  5  5 12  60.31---072.40
18062825221017 7 31317131710 97  6  3  2  5  6  5  6  4  50.21---071.90
180629252211 713 7 71010 3 0 57  3  5  3  3  4  4  2  0  30.10---070.90
180630252212 3 310101010 710 63  2  2  4  4  4  4  3  4  30.10---071.10
180701252213 3 7 3 3 3 3 3 0 27  2  3  2  2  2  2  2  0  20.00---070.40
180702252214 0 7 3 310 3 3 0 30  0  3  2  2  4  2  2  0  20.00---068.80
180703252215 0 0 0 31717 7 7 50  0  0  0  2  6  6  3  3  20.00---070.50
180704252216 71013 71010 7 7 70  3  4  5  3  4  4  3  3  40.10---070.20
1807052522172310 32037434737220  9  4  2  7 22 32 39 22 170.94---070.40
180706252218372010201010 720133 22  7  4  7  4  4  3  7  70.42---072.90
18070725221920171010 7131710103  7  6  4  4  3  5  6  4  50.21---074.40
18070825222010 710 713 3 710 67  4  3  4  3  5  2  3  4  40.10---074.00
180709252221 3 7 3 3 3 3 0 3 27  2  3  2  2  2  2  0  2  20.00---075.40
18071025222220231713231713 3130  7  9  6  5  9  6  5  2  60.31---074.50
180711252223 313232327172320150  2  5  9  9 12  6  9  7  70.42---075.80
1807122522241327271317131313137  5 12 12  5  6  5  5  5  70.31---074.60
180713252225272013 7 71310 7103 12  7  5  3  3  5  4  3  50.21---074.90
1807142522261710101010 310 0 70  6  4  4  4  4  2  4  0  40.10---074.70
1807152522271013 3 3 3 3 7 3 47  4  5  2  2  2  2  3  2  30.00---074.10
1807162523 1 717271710202327147  3  6 12  6  4  7  9 12  70.42---074.30
1807172523 210303010 713 710117  4 15 15  4  3  5  3  4  70.31---073.50
1807182523 3 3 3 7 3 7 71010 50  2  2  3  2  3  3  4  4  30.10---073.60
1807192523 410 3 710 71010 7 63  4  2  3  4  3  4  4  3  30.10---072.80
1807202523 520 7102020 72020123  7  3  4  7  7  3  7  7  60.31---072.70
1807212523 61720302733271717187  6  7 15 12 18 12  6  6 100.63---072.20
1807222523 713101313101310 7 90  5  4  5  5  4  5  4  3  40.21---070.40
1807232523 8 0 710 7 7 31010 53  0  3  4  3  3  2  4  4  30.10---069.10
1807242523 93730332720303340250 22 15 18 12  7 15 18 27 170.94---069.00
1807252523102733201313131013143 12 18  7  5  5  5  4  5  80.42---067.90
180726252311 710 3 713 7 7 7 60  3  4  2  3  5  3  3  3  30.10---068.30
180727252312 7 7 3 3 3 3 717 50  3  3  2  2  2  2  3  6  30.10---068.60
1807282523131720 71313 713 3 93  6  7  3  5  5  3  5  2  40.21---070.00
1807292523141310 71010 713 7 77  5  4  3  4  4  3  5  3  40.10---070.00
180730252315 7 3 0 317102020 80  3  2  0  2  6  4  7  7  40.10---070.40
1807312523161310 3 3 3 72023 83  5  4  2  2  2  3  7  9  40.10---071.00
18080125231720 3 3 717172023110  7  2  2  3  6  6  7  9  50.21---072.30
1808022523182720171013 3 3 0 93 12  7  6  4  5  2  2  0  50.21---072.00
180803252319 71310272313 3 7103  3  5  4 12  9  5  2  3  50.21---072.30
18080425232017201013 3 7 313 87  6  7  4  5  2  3  2  5  40.10---072.50
180805252321 710 7201310 3 7 77  3  4  3  7  5  4  2  3  40.10---071.20
180806252322 0 7 7 710 7 7 3 47  0  3  3  3  4  3  3  2  30.00---071.10
1808072523232020132030273017177  7  7  5  7 15 12 15  6  90.52---071.50
180808252324 7 7131317101013 90  3  3  5  5  6  4  4  5  40.21---071.60
18080925232513 71313 7 3 7 7 70  5  3  5  5  3  2  3  3  40.10---072.20
18081025232613 7 3 3 7101010 63  5  3  2  2  3  4  4  4  30.10---071.40
1808112523271317171730232037173  5  6  6  6 15  9  7 22 100.52---069.30
1808122524 110 7 71717101720103  4  3  3  6  6  4  6  7  50.21---069.90
1808132524 2 310101013 7 310 67  2  4  4  4  5  3  2  4  40.10---069.60
1808142524 313 3 710 7 7 310 60  5  2  3  4  3  3  2  4  30.10---070.50
1808152524 42010172740303033207  7  4  6 12 27 15 15 18 130.73---070.60
1808162524 53723202327131723183 22  9  7  9 12  5  6  9 100.63---070.00
1808172524 63040232010 33333193 15 27  9  7  4  2 18 18 120.73---069.00
1808182524 71327332720231317173  5 12 18 12  7  9  5  6  90.52---068.90
1808192524 82320131310272320150  9  7  5  5  4 12  9  7  70.42---068.40
1808202524 93733172027304023227 22 18  6  7 12 15 27  9 140.84---069.60
1808212524102713202013131323143 12  5  7  7  5  5  5  9  70.31---069.40
180822252411172313 313 7 320100  6  9  5  2  5  3  2  7  50.21---068.40
1808232524121710 7 310 7 7 7 67  6  4  3  2  4  3  3  3  40.10---071.10
180824252413 0 713132713 3 7 83  0  3  5  5 12  5  2  3  40.21---074.00
180825252414 710202327173743183  3  4  7  9 12  6 22 32 120.73---073.10
1808262524155067734747605030423 48111154 39 39 80 48 15 671.77---072.60
1808272524161323273737575027270  5  9 12 22 22 67 48 12 251.26---071.00
1808282524173727172720 7 7 3143 22 12  6 12  7  3  3  2  80.52---071.20
1808292524182317 71010201313113  9  6  3  4  4  7  5  5  50.21---071.80
18083025241913 710 3 3 3 717 63  5  3  4  2  2  2  3  6  30.10---069.60
18083125242010 7 3 7101723 7 83  4  3  2  3  4  6  9  3  40.10---068.80
180901252421 7 7 3 313 72013 73  3  3  2  2  5  3  7  5  40.10---069.50
180902252422132010 3 3131317 93  5  7  4  2  2  5  5  6  40.21---068.90
1809032524231313 3 31010 713 73  5  5  2  2  4  4  3  5  40.10---069.30
180904252424172727 710172030153  6 12 12  3  4  6  7 15  80.42---068.60
1809052524253330172727171310173 18 15  6 12 12  6  5  4 100.52---068.60
180906252426201310 3 7101317 93  7  5  4  2  3  4  5  6  40.21---068.40
180907252427232010 71010 3 7 90  9  7  4  3  4  4  2  3  40.21---068.60
1809082525 1 3 023 3 710 717 70  2  0  9  2  3  4  3  6  40.10---069.70
1809092525 2171313 713171727123  6  5  5  3  5  6  6 12  60.31---069.40
1809102525 3 3 3 72327504350207  2  2  3  9 12 48 32 48 201.05---069.90
1809112525 43750605730303723323 22 48 80 67 15 15 22  9 351.46---070.30
1809122525 52020101317272040167  7  7  4  5  6 12  7 27  90.52---070.60
1809132525 64040303030331730250 27 27 15 15 15 18  6 15 170.94---070.50
1809142525 74340232020172730220 32 27  9  7  7  6 12 15 140.84---069.80
1809152525 8272020172010 723143 12  7  7  6  7  4  3  9  70.31---069.20
1809162525 917231313 7 31017103  6  9  5  5  3  2  4  6  50.21---069.80
1809172525103327201720272727197 18 12  7  6  7 12 12 12 110.63---068.50
18091825251123202020 7 7 710113  9  7  7  7  3  3  3  4  50.21---068.80
180919252512102313 3 3 7 0 0 60  4  9  5  2  2  3  0  0  30.10---068.50
180920252513 3 0 7 3 3 0 0 0 17  2  0  3  2  2  0  0  0  10.00---067.20
180921252514 0 7 3 7 7131343 93  0  3  2  3  3  5  5 32  70.31---067.40
1809222525154743374043274037313 39 32 22 27 32 12 27 22 271.26---068.40
1809232525163327172323202023187 18 12  6  9  9  7  7  9 100.52---068.90
1809242525172320132010 71717127  9  7  5  7  4  3  6  6  60.31---069.00
1809252525182027102330202727183  7 12  4  9 15  7 12 12 100.52---068.00
1809262525191017201017271323137  4  6  7  4  6 12  5  9  70.31---069.30
1809272525201320171717 7 323117  5  7  6  6  6  3  2  9  60.21---067.40
180928252521303027 7 3 3 717123 15 15 12  3  2  2  3  6  70.42---069.40
1809292525222327202020201033173  9 12  7  7  7  7  4 18  90.52---068.90
1809302525231323 310 7 31717 93  5  9  2  4  3  2  6  6  50.21---068.50
181001252524 013101337272323147  0  5  4  5 22 12  9  9  80.42---070.30
181002252525372720 313 717 3127 22 12  7  2  5  3  6  2  70.42---067.10
181003252526 3 7 717 7101723 90  2  3  3  6  3  4  6  9  40.21---068.40
18100425252713 3 3 310171310 73  5  2  2  2  4  6  5  4  40.10---067.20
1810052526 13027172027 71023160 15 12  6  7 12  3  4  9  80.52---068.70
1810062526 230101010 7 3 0 0 70 15  4  4  4  3  2  0  0  40.10---068.60
1810072526 3 3 7102337535347233  2  3  4  9 22 56 56 39 241.26---069.40
1810082526 44043372043372017257 27 32 22  7 32 22  7  6 191.05---068.70
1810092526 53027303730372730247 15 12 15 22 15 22 12 15 160.94---069.30
1810102526 63310172033304727217 18  4  6  7 18 15 39 12 150.84---069.60
1810112526 73027201720272013173 15 12  7  6  7 12  7  5  90.52---070.60
1810122526 813171013 7131317103  5  6  4  5  3  5  5  6  50.21---071.30
1810132526 9102313 317434033183  4  9  5  2  6 32 27 18 130.73---072.10
1810142526102013 71713131017110  7  5  3  6  5  5  4  6  50.21---071.10
1810152526113017171723272727183 15  6  6  6  9 12 12 12 100.52---069.60
18101625261220 710131717 7 7 97  7  3  4  5  6  6  3  3  50.21---069.30
181017252613 01017 3 3 7 0 0 40  0  4  6  2  2  3  0  0  20.00---069.60
181018252614 3 0 3 0 0 0 0 0  7  2  0  2  0  0  0  0  0  00.00---069.00
181019252615 0 3 3 3 3 0 7 3 23  0  2  2  2  2  0  3  2  20.00---069.00
181020252616 0 0 0 0 3 0 3 3 10  0  0  0  0  2  0  2  2  10.00---069.80
181021252617 3 0 02020171310 83  2  0  0  7  7  6  5  4  40.10---070.40
181022252618271717 710 71010103 12  6  6  3  4  3  4  4  50.21---070.20
1810232526191010 310 7 3 0 3 47  4  4  2  4  3  2  0  2  30.00---070.90
181024252620 3 31013 3 31010 57  2  2  4  5  2  2  4  4  30.10---068.90
181025252621 320 31713202017113  2  7  2  6  5  7  7  6  50.21---068.60
1810262526222013 71713102023123  7  5  3  6  5  4  7  9  60.31---068.30
181027252623 7171710 3 0 3 0 57  3  6  6  4  2  0  2  0  30.10---068.50
18102825262413 7 7 7 3 7 3 7 53  5  3  3  3  2  3  2  3  30.10---067.40
181029252625 0 0 0 0 3 3 3 3 13  0  0  0  0  2  2  2  2  10.00---067.90
1810302526262017 7 3 0 3 710 67  7  6  3  2  0  2  3  4  30.10---066.10
181031252627 7 0 0 313171713 70  3  0  0  2  5  6  6  5  30.10---067.10
1811012527 1 71320171010 313 93  3  5  7  6  4  4  2  5  40.21---065.80
1811022527 227 3 313 710 7 3 73 12  2  2  5  3  4  3  2  40.10---066.50
1811032527 32020 3 3 3 0 313 67  7  7  2  2  2  0  2  5  30.10---066.30
1811042527 410 7 7 710274753167  4  3  3  3  4 12 39 56 160.94---065.50
1811052527 54357504733333723323 32 67 48 39 18 18 22  9 321.36---067.20
1811062527 6203713171310 317130  7 22  5  6  5  4  2  6  70.42---067.60
1811072527 73033271013102023167 15 18 12  4  5  4  7  9  90.52---067.50
1811082527 83040203310101713173 15 27  7 18  4  4  6  5 110.63---068.20
1811092527 913 3101713303740163  5  2  4  6  5 15 22 27 110.63---067.60
1811102527102017204320133733203  7  6  7 32  7  5 22 18 130.73---067.60
18111125271130231710 7 32720137 15  9  6  4  3  2 12  7  70.42---068.00
1811122527122333301717102023173  9 18 15  6  6  4  7  9  90.52---066.80
181113252713201010 7 3 0 3 0 53  7  4  4  3  2  0  2  0  30.00---065.60
181114252714 0 7 3 3101013 7 53  0  3  2  2  4  4  5  3  30.10---066.50
181115252715 0 3 0 3 0 7 0 7 20  0  2  0  2  0  3  0  3  10.00---066.90
181116252716 0 0 0 0 310 0 0 13  0  0  0  0  2  4  0  0  10.00---069.50
181117252717 3 7 3 0 0 0 0 0 13  2  3  2  0  0  0  0  0  10.00---071.70
181118252718 3 7 0 310 7 3 7 40  2  3  0  2  4  3  2  3  20.00---070.60
1811192527191313 7 3 3171317 87  5  5  3  2  2  6  5  6  40.10---069.50
18112025272027301310 0 7 3 7 97 12 15  5  4  0  3  2  3  60.21---068.80
18112125272113271010 7 3 3 7 80  5 12  4  4  3  2  2  3  40.21---067.10
18112225272210 0 7 3 3 3 3 0 30  4  0  3  2  2  2  2  0  20.00---067.50
181123252723 710 7 7 3 0 0 3 37  3  4  3  3  2  0  0  2  20.00---067.50
181124252724 0 0 3 31017 713 53  0  0  2  2  4  6  3  5  30.00---068.20
181125252725 7 7 3 710 7 0 7 47  3  3  2  3  4  3  0  3  30.00---067.80
181126252726 7 7 0 0 0 3 3 7 27  3  3  0  0  0  2  2  3  20.00---066.80
181127252727 7 7 0 717232320103  3  3  0  3  6  9  9  7  50.21---066.60
1811282528 110 3 0 0 0 7 710 37  4  2  0  0  0  3  3  4  20.00---065.70
1811292528 220 3 3 3 0 0 010 40  7  2  2  2  0  0  0  4  20.00---066.00
1811302528 313 3 0 3 3 0 7 0 30  5  2  0  2  2  0  3  0  20.00---066.10
1812012528 4 013 7 317273017113  0  5  3  2  6 12 15  6  60.31---067.40
1812022528 51720201720303037190  6  7  7  6  7 15 15 22 110.63---067.00
1812032528 62310131720303020163  9  4  5  6  7 15 15  7  80.52---066.40
1812042528 730272013 3171723150 15 12  7  5  2  6  6  9  80.42---066.80
1812052528 81717 3 31310 720 90  6  6  2  2  5  4  3  7  40.21---068.80
1812062528 9202010 720 7 7 7 97  7  7  4  3  7  3  3  3  50.21---067.70
1812072528101023272020233323180  4  9 12  7  7  9 18  9  90.52---068.10
1812082528112327301720332317190  9 12 15  6  7 18  9  6 100.63---068.40
1812092528121313101013273037153  5  5  4  4  5 12 15 22  90.52---069.50
1812102528132730302323171313177 12 15 15  9  9  6  5  5 100.52---068.80
18121125281410202720 3272713147  4  7 12  7  2 12 12  5  80.42---068.90
18121225281520 7 7 7 7 717 7 77  7  3  3  3  3  3  6  3  40.10---068.60
181213252816 010 3 0 3 7 0 0 23  0  4  2  0  2  3  0  0  10.00---068.00
181214252817 3 7 0 3 0 7 0 3 23  2  3  0  2  0  3  0  2  20.00---068.60
181215252818 3 0 0 0 3 3 3 3 17  2  0  0  0  2  2  2  2  10.00---068.90
181216252819 3 0 7 3 3 7 3 3 30  2  0  3  2  2  3  2  2  20.00---067.60
181217252820 0 717 713132320100  0  3  6  3  5  5  9  7  50.21---067.90
18121825282127131010171727 7127 12  5  4  4  6  6 12  3  60.31---068.10
181219252822 7131320 7171320110  3  5  5  7  3  6  5  7  50.21---068.00
18122025282330303017 7202727187 15 15 15  6  3  7 12 12 110.63---067.60
18122125282420101010 7 31710 87  7  4  4  4  3  2  6  4  40.10---068.80
181222252825 710 0 3 3 0 7 0 30  3  4  0  2  2  0  3  0  20.00---068.70
181223252826 7 0 0 3 3 3 3 3 23  3  0  0  2  2  2  2  2  20.00---068.00
181224252827 7 0 0 7 7 0 713 40  3  0  0  3  3  0  3  5  20.00---067.20
1812252529 1 717 0 0 7101310 63  3  6  0  0  3  4  5  4  30.10---067.30
1812262529 2 3 0 0 310 7 3 0 27  2  0  0  2  4  3  2  0  20.00---066.50
1812272529 31713 3 0 0 0 723 63  6  5  2  0  0  0  3  9  30.10---066.20
1812282529 44040433037303333287 27 27 32 15 22 15 18 18 221.15---067.00
1812292529 52330272023172020180  9 15 12  7  9  6  7  7  90.52---066.70
1812302529 62030272020302013180  7 15 12  7  7 15  7  5  90.52---067.10
1812312529 7302017172310 310130 15  7  6  6  9  4  2  4  70.31---067.00
