1901012529 81013271720 3 0 7 97  4  5 12  6  7  2  0  3  50.21---069.50
1901022529 9 0 0 0 0 3 3 0 0  7  0  0  0  0  2  2  0  0  00.00---072.70
19010325291010 0 0 3 3 0 0 3 20  4  0  0  2  2  0  0  2  10.00---070.20
19010425291113 3101720302733153  5  2  4  6  7 15 12 18  90.52---069.10
1901052529125040232317232030227 48 27  9  9  6  9  7 15 160.94---068.80
1901062529131727231720273020180  6 12  9  6  7 12 15  7  90.52---069.60
1901072529141723172017 3 320120  6  9  6  7  6  2  2  7  60.31---069.10
1901082529152317132313 713 3113  9  6  5  9  5  3  5  2  60.21---069.00
19010925291617 71013 7 31010 77  6  3  4  5  3  2  4  4  40.10---069.20
19011025291710 7101013 3 0 7 60  4  3  4  4  5  2  0  3  30.10---067.80
1901112529181317331313 313 3110  5  6 18  5  5  2  5  2  60.31---065.90
190112252919 7 3 0 010 7 3 3 33  3  2  0  0  4  3  2  2  20.00---067.30
190113252920 310 7 7 0 0 710 43  2  4  3  3  0  0  3  4  20.00---066.60
19011425292120172020 7171027137  7  6  7  7  3  6  4 12  60.31---067.80
19011525292227 713 7 7101310 93 12  3  5  3  3  4  5  4  50.21---067.30
190116252923 31717 3 3102027100  2  6  6  2  2  4  7 12  50.21---067.50
1901172529242720 71310202017133 12  7  3  5  4  7  7  6  60.31---066.40
1901182529251713 720131710 7103  6  5  3  7  5  6  4  3  50.21---066.60
190119252926 3 0 717 0101027 73  2  0  3  6  0  4  4 12  40.10---067.40
1901202529271710 7 3 7 7 7 7 63  6  4  3  2  3  3  3  3  30.10---067.00
1901212530 110 3 0 3 3 71317 57  4  2  0  2  2  3  5  6  30.10---067.70
1901222530 2 0 3 0 0 3101720 53  0  2  0  0  2  4  6  7  30.00---068.50
1901232530 32723202730232340213 12  9  7 12 15  9  9 27 120.73---069.30
1901242530 43733371313273743240 22 18 22  5  5 12 22 32 170.94---070.20
1901252530 52027332733302317210  7 12 18 12 18 15  9  6 120.73---072.70
1901262530 6171713103027 7 7127  6  6  5  4 15 12  3  3  70.31---074.30
1901272530 720131310 3 310 7 80  7  5  5  4  2  2  4  3  40.10---072.80
1901282530 8 7 0 3 0 0 3 3 0 17  3  0  2  0  0  2  2  0  10.00---073.50
1901292530 917 0 0 3 7 3 0 0 30  6  0  0  2  3  2  0  0  20.00---070.90
190130253010 0 0 0 0 0 01010 20  0  0  0  0  0  0  4  4  10.00---071.40
19013125301110 3101027333053177  4  2  4  4 12 18 15 56 140.84---070.00
1902012530122333332323373037240  9 18 18  9  9 22 15 22 150.94---070.00
1902022530133740302320333030243 22 27 15  9  7 18 15 15 160.94---068.80
1902032530143330271013232023180 18 15 12  4  5  9  7  9 100.63---069.10
190204253015 7 0 7 313173023100  3  0  3  2  5  6 15  9  50.21---068.70
1902052530163013 7 3 31010 3 80 15  5  3  2  2  4  4  2  50.21---068.70
1902062530171020202727132323163  4  7  7 12 12  5  9  9  80.42---069.30
190207253018171310 0 3 71020 80  6  5  4  0  2  3  4  7  40.10---068.30
19020825301920171713 7132337147  7  6  6  5  3  5  9 22  80.42---069.80
1902092530202720202317233010170 12  7  7  9  6  9 15  4  90.52---068.40
1902102530212327 713 3 31010 97  9 12  3  5  2  2  4  4  50.21---068.10
190211253022101317 730302023150  4  5  6  3 15 15  7  9  80.42---068.00
1902122530232023 3 310 7 023 90  7  9  2  2  4  3  0  9  40.21---068.40
1902132530241727273737301320207  6 12 12 22 22 15  5  7 130.73---068.60
19021425302527332330 3 72317163 12 18  9 15  2  3  9  6  90.52---069.70
1902152530262310 7 3 7 3 7 0 60  9  4  3  2  3  2  3  0  30.10---069.20
190216253027 0 010 0102013 7 60  0  0  4  0  4  7  5  3  30.10---069.00
1902172531 1 0 0 7 3 0 32023 57  0  0  3  2  0  2  7  9  30.10---068.40
1902182531 23030 3131310 3 3107 15 15  2  5  5  4  2  2  60.31---068.30
1902192531 3 31010 3 0 3 7 3 40  2  4  4  2  0  2  3  2  20.00---068.60
1902202531 4 3 0 3 0 3101317 50  2  0  2  0  2  4  5  6  30.00---069.40
1902212531 52720371727171030183 12  7 22  6 12  6  4 15 100.63---069.20
1902222531 620 310 7 3 0 713 63  7  2  4  3  2  0  3  5  30.10---069.70
1902232531 7 3 0 3 0 01010 0 27  2  0  2  0  0  4  4  0  20.00---069.20
1902242531 8 0 0 7 710 0 0 0 23  0  0  3  3  4  0  0  0  10.00---069.00
1902252531 9 0 0 7 3 0 3 0 7 20  0  0  3  2  0  2  0  3  10.00---068.90
190226253110 7 0 0 7 310 0 7 33  3  0  0  3  2  4  0  3  20.00---069.20
19022725311110 0 71030333040160  4  0  3  4 15 18 15 27 110.63---069.40
1902282531124333203343374730287 32 18  7 18 32 22 39 15 231.15---068.80
1903012531134340303727374040293 32 27 15 22 12 22 27 27 231.15---068.70
1903022531144033302020302017210 27 18 15  7  7 15  7  6 130.73---068.20
1903032531152327 7 713 7 720110  9 12  3  3  5  3  3  7  60.31---068.30
190304253116132313202010 320123  5  9  5  7  7  4  2  7  60.31---069.70
1903052531172310 3 710 7 720 87  9  4  2  3  4  3  3  7  40.21---070.80
1903062531181017301320 72017133  4  6 15  5  7  3  7  6  70.31---071.30
190307253119 3 3 0 323272727113  2  2  0  2  9 12 12 12  60.31---069.90
19030825312027 71017 0 7 313 83 12  3  4  6  0  3  2  5  40.21---070.70
190309253121 3 0 71023101023 87  2  0  3  4  9  4  4  9  40.21---069.70
1903102531222320 7 3 3 3 0 3 63  9  7  3  2  2  2  0  2  30.10---070.10
190311253123 0 0 713 7 0 3 7 37  0  0  3  5  3  0  2  3  20.00---069.50
1903122531241713272013 71313123  6  5 12  7  5  3  5  5  60.31---069.80
190313253125 31713 3 7 713 3 67  2  6  5  2  3  3  5  2  40.10---070.00
190314253126 01013 727132730127  0  4  5  3 12  5 12 15  70.42---069.30
190315253127232720 7 7102710130  9 12  7  3  3  4 12  4  70.31---068.90
1903162532 1 713173023272347187  3  5  6 15  9 12  9 39 120.73---068.80
1903172532 2474040271720 7 3200 39 27 27 12  6  7  3  2 150.94---068.60
1903182532 3 3 7 0 3 7 7 7 3 37  2  3  0  2  3  3  3  2  20.00---069.30
1903192532 4 7 7101720172723127  3  3  4  6  7  6 12  9  60.31---069.10
1903202532 5 71713131717 710100  3  6  5  5  6  6  3  4  50.21---076.20
1903212532 6 310 3 3 3 0 0 0 23  2  4  2  2  2  0  0  0  20.00---079.40
1903222532 7 0 0 7 0 3 3 0 0 13  0  0  3  0  2  2  0  0  10.00---081.80
1903232532 8 0 0 010 3 0 0 0 13  0  0  0  4  2  0  0  0  10.00---078.90
1903242532 9 0 0 3 0 0 0 020 23  0  0  2  0  0  0  0  7  10.00---075.00
1903252532102010 7 31013 323 90  7  4  3  2  4  5  2  9  40.21---070.80
1903262532112323 3 3 7 3 317 83  9  9  2  2  3  2  2  6  40.21---068.70
1903272532122017272017 720 7133  7  6 12  7  6  3  7  3  60.31---068.60
190328253213 723232030202030173  3  9  9  7 15  7  7 15  90.52---068.10
1903292532142020202010172013140  7  7  7  7  4  6  7  5  60.31---068.60
1903302532152013 3 3 7 3 3 3 57  7  5  2  2  3  2  2  2  30.10---069.20
19033125321623372710201723 7163  9 22 12  4  7  6  9  3  90.52---069.40
190401253217231720272020 7 0133  9  6  7 12  7  7  3  0  60.31---069.20
190402253218 7 3 7 3 7 73330 97  3  2  3  2  3  3 18 15  60.31---070.80
1904032532192333271723172027187  9 18 12  6  9  6  7 12 100.63---070.60
1904042532202717132327372310177 12  6  5  9 12 22  9  4 100.63---070.30
1904052532213033271727232727210 15 18 12  6 12  9 12 12 120.73---071.80
19040625322223301713 7102013133  9 15  6  5  3  4  7  5  70.31---073.70
190407253223 317 31017 71320 90  2  6  2  4  6  3  5  7  40.21---076.60
1904082532242733231730302023203 12 18  9  6 15 15  7  9 110.73---078.80
1904092532253320232017232020177 18  7  9  7  6  9  7  7  90.52---079.30
1904102532263740271020333013210 22 27 12  4  7 18 15  5 140.84---078.40
190411253227132717202020 7 7130  5 12  6  7  7  7  3  3  60.31---078.90
1904122533 13017131017171723143 15  6  5  4  6  6  6  9  70.42---077.70
1904132533 2303017 310 72013130 15 15  6  2  4  3  7  5  70.42---078.30
1904142533 3 71717 3 7 7 313 73  3  6  6  2  3  3  2  5  40.10---075.90
1904152533 41313232313 72320137  5  5  9  9  5  3  9  7  60.31---075.90
1904162533 52017231313 713 7113  7  6  9  5  5  3  5  3  50.21---074.70
1904172533 6 7 7 0 3 0 71713 53  3  3  0  2  0  3  6  5  30.00---076.70
1904182533 7 0 0 0 010 7 7 7 30  0  0  0  0  4  3  3  3  20.00---075.20
1904192533 8 0 3131313101710 80  0  2  5  5  5  4  6  4  40.10---073.30
1904202533 910 7 7 7 7 71310 67  4  3  3  3  3  3  5  4  40.10---070.60
1904212533101710 7 7 7 3 3 3 57  6  4  3  3  3  2  2  2  30.10---069.90
190422253311 0 010 3101310 3 50  0  0  4  2  4  5  4  2  30.00---070.20
19042325331210 3 3 7 7233333120  4  2  2  3  3  9 18 18  70.42---069.60
1904242533133013 3172317 713123 15  5  2  6  9  6  3  5  60.31---070.10
1904252533141017171717 310 3 93  4  6  6  6  6  2  4  2  40.21---068.40
190426253315 7 0 3 7 7131317 67  3  0  2  3  3  5  5  6  30.10---068.00
19042725331610 3201713102020113  4  2  7  6  5  4  7  7  50.21---067.80
190428253317 7 310 3 7132020 83  3  2  4  2  3  5  7  7  40.10---068.80
1904292533181710 0101320 710 87  6  4  0  4  5  7  3  4  40.10---067.90
1904302533191710 0 710101713 83  6  4  0  3  4  4  6  5  40.10---069.50
190501253320 317131320274037170  2  6  5  5  7 12 27 22 110.63---068.70
1905022533213333232320232710193 18 18  9  9  7  9 12  4 110.63---070.30
1905032533222020171017132027143  7  7  6  4  6  5  7 12  70.31---070.90
190504253323 720202727272313163  3  7  7 12 12 12  9  5  80.52---073.50
1905052533241310 0 3 310 7 7 53  5  4  0  2  2  4  3  3  30.10---074.70
19050625332510 3 31017131713 87  4  2  2  4  6  5  6  5  40.10---077.30
1905072533261320 7 3101317 7 90  5  7  3  2  4  5  6  3  40.21---080.10
190508253327 7 3 0 0 0 3 310 27  3  2  0  0  0  2  2  4  20.00---076.80
1905092534 11313231713101023123  5  5  9  6  5  4  4  9  60.31---077.70
1905102534 21317 7 710202730130  5  6  3  3  4  7 12 15  70.31---077.80
1905112534 35037434040232337293 48 22 32 27 27  9  9 22 241.26---079.50
1905122534 417 710 3 0101313 73  6  3  4  2  0  4  5  5  40.10---077.60
1905132534 5 7 3101710271720110  3  2  4  6  4 12  6  7  60.21---076.20
1905142534 63357633320373713293 18 67 94 18  7 22 22  5 321.36---076.00
1905152534 7 717 7 3172323 7103  3  6  3  2  6  9  9  3  50.21---075.60
1905162534 81017131013102730130  4  6  5  4  5  4 12 15  70.31---075.30
1905172534 923 710 31310 3 7 77  9  3  4  2  5  4  2  3  40.10---073.80
190518253410 7 7172010 3 3 3 70  3  3  6  7  4  2  2  2  40.10---072.20
190519253411 0 7 7 3 3 3 317 43  0  3  3  2  2  2  2  6  20.00---069.60
190520253412331710 71010 3 3 93 18  6  4  3  4  4  2  2  50.21---070.40
190521253413 710 3 717 3 3 3 53  3  4  2  3  6  2  2  2  30.10---069.70
190522253414 3131710 7 31010 73  2  5  6  4  3  2  4  4  40.10---069.00
190523253415 710 31313131017 87  3  4  2  5  5  5  4  6  40.10---068.20
1905242534161017 3 3 7131713 83  4  6  2  2  3  5  6  5  40.10---068.10
190525253417 3 3 3 3 3171310 57  2  2  2  2  2  6  5  4  30.10---068.70
190526253418 7 7 3 3 3 7 330 63  3  3  2  2  2  3  2 15  40.10---069.80
19052725341923233313102320 7153  9  9 18  5  4  9  7  3  80.42---069.30
190528253420 710101327102330130  3  4  4  5 12  4  9 15  70.42---070.00
1905292534213337332320172330217 18 22 18  9  7  6  9 15 130.73---070.10
1905302534223020131713132320150 15  7  5  6  5  5  9  7  70.42---070.60
190531253423171313 7 3 3 7 3 67  6  5  5  3  2  2  3  2  40.10---070.60
190601253424 7 3 7 7 3 310 7 47  3  2  3  3  2  2  4  3  30.00---071.70
19060225342520 3 3 3 3 3 310 50  7  2  2  2  2  2  2  4  30.10---071.90
190603253426 3 0 3131313 7 7 60  2  0  2  5  5  5  3  3  30.10---071.80
1906042534271313131017232320133  5  5  5  4  6  9  9  7  60.31---072.10
1906052535 123 7 7 3 3 710 7 67  9  3  3  2  2  3  4  3  40.10---071.80
1906062535 2 7 7 7 3 3 0 3 0 30  3  3  3  2  2  0  2  0  20.00---070.90
1906072535 3 3 310 7131310 7 67  2  2  4  3  5  5  4  3  40.10---071.00
1906082535 4 7 7 71733505337210  3  3  3  6 18 48 56 22 201.05---070.50
1906092535 53017131010101013113 15  6  5  4  4  4  4  5  60.31---070.50
1906102535 6 3 3 0 3 7 7 7 7 37  2  2  0  2  3  3  3  3  20.00---071.00
1906112535 7 7 7 3 3 3 3 3 3 33  3  3  2  2  2  2  2  2  20.00---071.90
1906122535 810 7 7 313 7 3 3 53  4  3  3  2  5  3  2  2  30.10---071.60
1906132535 91317201323171740160  5  6  7  5  9  6  6 27  90.52---069.60
190614253510231723171710 7 7120  9  6  9  6  6  4  3  3  60.31---070.10
190615253511 3101313 7 7 0 7 60  2  4  5  5  3  3  0  3  30.10---068.80
190616253512101310 3 710 7 7 67  4  5  4  2  3  4  3  3  40.10---068.00
190617253513 0 3 3 710 7 3 0 33  0  2  2  3  4  3  2  0  20.00---068.50
190618253514 3 3 3 313 710 7 50  2  2  2  2  5  3  4  3  30.10---069.20
190619253515 7 3 71010 7 3 7 53  3  2  3  4  4  3  2  3  30.10---070.20
190620253516 317231710102023123  2  6  9  6  4  4  7  9  60.31---069.90
1906212535171317101313 71323110  5  6  4  5  5  3  5  9  50.21---068.60
190622253518131713 7 3 7 3 0 63  5  6  5  3  2  3  2  0  30.10---068.60
190623253519 0 0 3 713 7 3 3 37  0  0  2  3  5  3  2  2  20.00---069.50
1906242535201717 3 717 713 7 87  6  6  2  3  6  3  5  3  40.10---070.20
190625253521 7 3 3 710 3 713 53  3  2  2  3  4  2  3  5  30.10---070.20
190626253522171317171010 313100  6  5  6  6  4  4  2  5  50.21---070.30
1906272535231310 0 310 710 7 60  5  4  0  2  4  3  4  3  30.10---069.30
1906282535242010 3 3 7 710 7 67  7  4  2  2  3  3  4  3  40.10---070.40
190629253525 3 3 7 3 7 7 710 47  2  2  3  2  3  3  3  4  30.00---069.90
19063025352623 3 3 313 7 310 67  9  2  2  2  5  3  2  4  40.10---069.70
1907012535272330231320131317153  9 15  9  5  7  5  5  6  80.42---070.50
1907022536 113 71010131720 3 93  5  3  4  4  5  6  7  2  40.21---069.50
1907032536 2 0 31310131313 0 67  0  2  5  4  5  5  5  0  30.10---069.10
1907042536 3 0 3 3 320132320 87  0  2  2  2  7  5  9  7  40.10---069.90
1907052536 417 7101017 7 3 3 73  6  3  4  4  6  3  2  2  40.10---069.00
1907062536 51010 7 7 3 3 3 7 50  4  4  3  3  2  2  2  3  30.10---068.80
1907072536 6 310131010 71017 80  2  4  5  4  4  3  4  6  40.10---069.60
1907082536 72313 7 0 3 73733123  9  5  3  0  2  3 22 18  80.42---068.70
1907092536 83023201717275033217 15  9  7  6  6 12 48 18 150.94---069.70
1907102536 91743473323201017210  6 32 39 18  9  7  4  6 150.94---070.10
1907112536102720301010 7 7 3113 12  7 15  4  4  3  3  2  60.31---069.40
190712253611 713201713 7 710 93  3  5  7  6  5  3  3  4  40.21---069.00
190713253612 3 7101717202313110  2  3  4  6  6  7  9  5  50.21---068.20
19071425361320 7 7 3 7101723 93  7  3  3  2  3  4  6  9  50.21---069.40
19071525361427171023171023 3130 12  6  4  9  6  4  9  2  60.31---069.30
190716253615 313171310101710 93  2  5  6  5  4  4  6  4  40.21---069.50
1907172536161323131013 71017107  5  9  5  4  5  3  4  6  50.21---070.00
190718253617 3 0 3 71010 713 53  2  0  2  3  4  4  3  5  30.10---069.20
190719253618 7 3 310 7 7 710 53  3  2  2  4  3  3  3  4  30.10---068.90
190720253619 0 0 7 3 7 3 7 3 30  0  0  3  2  3  2  3  2  20.00---069.10
190721253620 0 7171310173037130  0  3  6  5  4  6 15 22  80.42---069.80
1907222536211713232323172010147  6  5  9  9  9  6  7  4  70.31---069.50
190723253622 720201720 7 717113  3  7  7  6  7  3  3  6  50.21---069.60
1907242536231010 0 713131013 77  4  4  0  3  5  5  4  5  40.10---070.00
190725253624 3 0 0 310 7 3 7 33  2  0  0  2  4  3  2  3  20.00---070.30
190726253625 0 0 3 3 3 3 3 3 20  0  0  2  2  2  2  2  2  20.00---069.80
190727253626 3 3 313 7102313 77  2  2  2  5  3  4  9  5  40.10---068.70
190728253627131710101010 7 3 80  5  6  4  4  4  4  3  2  40.10---069.20
1907292537 1171713 31013 3 3 80  6  6  5  2  4  5  2  2  40.10---068.20
1907302537 213 3 0 727332327133  5  2  0  3 12 18  9 12  80.42---068.30
1907312537 32713271310101720137 12  5 12  5  4  4  6  7  70.31---068.90
1908012537 4331713 7 7 71727127 18  6  5  3  3  3  6 12  70.42---068.80
1908022537 5101010 7 7 3 3 7 57  4  4  4  3  3  2  2  3  30.10---068.90
1908032537 6 3 3 0 3 3 3 7 3 27  2  2  0  2  2  2  3  2  20.00---067.70
1908042537 7 3 31710 3 7 310 57  2  2  6  4  2  3  2  4  30.10---068.80
1908052537 8 730505353503737317  3 15 48 56 56 48 22 22 341.36---070.10
1908062537 92727203023201027183 12 12  7 15  9  7  4 12 100.52---070.10
1908072537102317101310101020113  9  6  4  5  4  4  4  7  50.21---069.90
19080825371113171310272010 7117  5  6  5  4 12  7  4  3  60.31---070.60
190809253712 0 7131713201727113  0  3  5  6  5  7  6 12  60.21---069.10
1908102537132717131717101317130 12  6  5  6  6  4  5  6  60.31---069.10
190811253714 310101723101020103  2  4  4  6  9  4  4  7  50.21---069.50
190812253715 713101313101017 93  3  5  4  5  5  4  4  6  40.21---069.00
1908132537161713102017201317127  6  5  4  7  6  7  5  6  60.31---068.60
1908142537171010101310 7 3 3 67  4  4  4  5  4  3  2  2  40.10---069.10
190815253718 0 7 7 710 71310 60  0  3  3  3  4  3  5  4  30.10---069.40
19081625371913 7132010 7 7 3 80  5  3  5  7  4  3  3  2  40.10---069.20
1908172537201320 71010 7 3 3 73  5  7  3  4  4  3  2  2  40.10---069.70
190818253721271713 7 7101310103 12  6  5  3  3  4  5  4  50.21---069.20
190819253722 710 3 7 710 3 7 53  3  4  2  3  3  4  2  3  30.10---069.30
1908202537231713 7 713 7 710 80  6  5  3  3  5  3  3  4  40.10---068.90
190821253724101310 3 71310 3 70  4  5  4  2  3  5  4  2  40.10---068.40
19082225372513101013 7 72317100  5  4  4  5  3  3  9  6  50.21---067.30
190823253726 7171013 3 3 7 7 67  3  6  4  5  2  2  3  3  40.10---068.00
1908242537272013 313 310 7 0 70  7  5  2  5  2  4  3  0  40.10---067.80
1908252538 1101017 3 3 3 3 7 57  4  4  6  2  2  2  2  3  30.10---067.40
1908262538 213 3102010101323103  5  2  4  7  4  4  5  9  50.21---067.20
1908272538 32730203020172320187 12 15  7 15  7  6  9  7 100.52---067.50
1908282538 4201713 710 7 7 3 83  7  6  5  3  4  3  3  2  40.10---067.20
1908292538 5 7 0 0 71710 7 7 53  3  0  0  3  6  4  3  3  30.00---067.20
1908302538 6 710101327273330157  3  4  4  5 12 12 18 15  90.52---067.80
1908312538 73747405357404343360 22 39 27 56 67 27 32 32 381.46---067.70
1909012538 84747535053434747387 39 39 56 48 56 32 39 39 441.57---068.30
1909022538 95040372720274033273 48 27 22 12  7 12 27 18 221.15---070.00
1909032538103027232017131717163 15 12  9  7  6  5  6  6  80.42---069.80
1909042538113027272023203020197 15 12 12  7  9  7 15  7 100.63---069.80
1909052538123340302717132023203 18 27 15 12  6  5  7  9 120.73---069.40
19090625381317332027 7 317 7130  6 18  7 12  3  2  6  3  70.42---070.00
190907253814 313231313171723123  2  5  9  5  5  6  6  9  60.31---075.00
1909082538151720231717232327167  6  7  9  6  6  9  9 12  80.42---068.50
1909092538163023303330331723220 15  9 15 18 15 18  6  9 130.84---069.80
1909102538171313 72017 3 0 3 77  5  5  3  7  6  2  0  2  40.10---070.90
190911253818 71020171010 7 3 83  3  4  7  6  4  4  3  2  40.10---069.00
19091225381913 7172013171310110  5  3  6  7  5  6  5  4  50.21---070.30
1909132538202027271717101310140  7 12 12  6  6  4  5  4  70.42---069.10
190914253821 020171710 71720107  0  7  6  6  4  3  6  7  50.21---069.40
1909152538221027201313172030150  4 12  7  5  5  6  7 15  80.42---068.40
19091625382337401310 7202020167 22 27  5  4  3  7  7  7 100.63---069.40
1909172538243313 7 7 3 72337130 18  5  3  3  2  3  9 22  80.42---068.20
1909182538252717202030101313150 12  6  7  7 15  4  5  5  80.42---066.90
19091925382610 3 7 7 7 313 3 53  4  2  3  3  3  2  5  2  30.10---067.70
19092025382710 3 3 3 7 3 7 7 43  4  2  2  2  3  2  3  3  30.00---067.70
1909212539 12320232013101013133  9  7  9  7  5  4  4  5  60.31---068.20
1909222539 22310 3 3 3 7 7 3 60  9  4  2  2  2  3  3  2  30.10---068.80
1909232539 3 3 0 3 7 313 7 7 43  2  0  2  3  2  5  3  3  20.00---066.60
1909242539 4233023 733372710190  9 15  9  3 18 22 12  4 120.73---067.50
1909252539 5 3 72017 3 3 313 70  2  3  7  6  2  2  2  5  40.10---067.90
1909262539 623 7 3 3 3 0 010 50  9  3  2  2  2  0  0  4  30.00---067.40
1909272539 7 313171733435350230  2  5  6  6 18 32 56 48 221.15---066.80
1909282539 82343474333303737293  9 32 39 32 18 15 22 22 241.15---067.50
1909292539 91727231710373733200  6 12  9  6  4 22 22 18 120.73---067.70
1909302539103033372320271323207 15 18 22  9  7 12  5  9 120.73---068.10
1910012539113340302310 7 713163 18 27 15  9  4  3  3  5 100.63---068.80
19100225391230 0 02027101023120 15  0  0  7 12  4  4  9  60.31---068.40
19100325391317131010 3 71310 83  6  5  4  4  2  3  5  4  40.10---068.30
19100425391410172717202017 7133  4  6 12  6  7  7  6  3  60.31---068.10
1910052539151313102017171730137  5  5  4  7  6  6  6 15  70.31---067.80
19100625391610201713 713 0 3 83  4  7  6  5  3  5  0  2  40.10---067.30
191007253917 3 710 713272320110  2  3  4  3  5 12  9  7  60.31---067.60
191008253918131313 7 7101710 90  5  5  5  3  3  4  6  4  40.21---067.00
1910092539191723173713171013147  6  9  6 22  5  6  4  5  80.42---067.90
1910102539201343432013301317193  5 32 32  7  5 15  5  6 130.84---067.30
191011253921 710202013302313137  3  4  7  7  5 15  9  5  70.31---068.30
1910122539222020 71310 710 7 93  7  7  3  5  4  3  4  3  40.21---068.00
191013253923 7 0 0 0 0 0 0 0  7  3  0  0  0  0  0  0  0  00.00---066.90
191014253924 7171010102020 7100  3  6  4  4  4  7  7  3  50.21---065.80
19101525392523 7 0 3 0 31713 67  9  3  0  2  0  2  6  5  30.10---066.90
1910162539261713201310 31717110  6  5  7  5  4  2  6  6  50.21---065.90
1910172539271713171310101010100  6  5  6  5  4  4  4  4  50.21---065.60
1910182540 11020171313 71017107  4  7  6  5  5  3  4  6  50.21---065.60
1910192540 210 7 71010171710 87  4  3  3  4  4  6  6  4  40.10---065.50
1910202540 3 71310 7 7 71323 87  3  5  4  3  3  3  5  9  40.21---064.40
1910212540 427 3 717 7 01013 83 12  2  3  6  3  0  4  5  40.21---063.40
1910222540 5 0 3 7 7 31313 0 47  0  2  3  3  2  5  5  0  20.00---064.90
1910232540 6 3 0 0 0 3 7 7 0 20  2  0  0  0  2  3  3  0  10.00---063.90
1910242540 7 013134030434043223  0  5  5 27 15 32 27 32 181.05---064.30
1910252540 84740534033332323293 39 27 56 27 18 18  9  9 251.26---067.90
1910262540 93330304740433737297 18 15 15 39 27 32 22 22 241.15---067.80
1910272540104030301713304027227 27 15 15  6  5 15 27 12 150.94---068.00
1910282540112327332017202723190  9 12 18  7  6  7 12  9 100.63---068.50
1910292540122730 7 0 7272313133 12 15  3  0  3 12  9  5  70.42---068.20
1910302540131013101023232323137  4  5  4  4  9  9  9  9  70.31---068.80
19103125401437 3 313 0 32717103 22  2  2  5  0  2 12  6  60.31---070.20
1911012540151323 7 3 7 0 0 0 53  5  9  3  2  3  0  0  0  30.00---069.60
191102254016 0 0 0 0 0 0 310 13  0  0  0  0  0  0  2  4  10.00---069.60
19110325401710 3 0 0 0 0 0 7 20  4  2  0  0  0  0  0  3  10.00---068.30
19110425401810 7201010 7 7 3 73  4  3  7  4  4  3  3  2  40.10---069.60
1911052540191710 01010202020107  6  4  0  4  4  7  7  7  50.21---069.20
1911062540201710 7 720131327113  6  4  3  3  7  5  5 12  60.31---068.10
1911072540212020 710 0 7 3 3 70  7  7  3  4  0  3  2  2  40.10---068.50
191108254022 7 3 0 7 710 710 50  3  2  0  3  3  4  3  4  30.00---068.00
1911092540232317 0 3 7 7 317 77  9  6  0  2  3  3  2  6  40.10---068.30
19111025402413 31310 3 0 0 0 43  5  2  5  4  2  0  0  0  20.00---069.40
191111254025 017132723271727150  0  6  5 12  9 12  6 12  80.42---068.10
19111225402623 7 7 31010 3 0 63  9  3  3  2  4  4  2  0  30.10---069.30
191113254027 0 0 0 0 0 0 713 20  0  0  0  0  0  0  3  5  10.00---069.60
1911142541 12010 3 3 7 3 0 0 47  7  4  2  2  3  2  0  0  20.00---068.40
1911152541 2 0 0 0 3 31013 7 37  0  0  0  2  2  4  5  3  20.00---068.50
1911162541 31717 3 717172320120  6  6  2  3  6  6  9  7  60.31---068.20
1911172541 41310 7 0 3 31327 77  5  4  3  0  2  2  5 12  40.10---068.50
1911182541 5 0 0 0 0 0 0 3 0  3  0  0  0  0  0  0  2  0  00.00---068.80
1911192541 6 013 3 0 01010 0 37  0  5  2  0  0  4  4  0  20.00---067.60
1911202541 7 010 0 0 0 0 010 20  0  4  0  0  0  0  0  4  10.00---068.50
1911212541 81717101720303037177  6  6  4  6  7 15 15 22 100.63---069.10
1911222541 94020232027303023213 27  7  9  7 12 15 15  9 130.73---067.90
1911232541103020132727232717183 15  7  5 12 12  9 12  6 100.52---068.50
1911242541113330271727231323193 18 15 12  6 12  9  5  9 110.63---068.80
19112525411217 71010 710 720 87  6  3  4  4  3  4  3  7  40.10---067.70
1911262541131720 0 0 0 3 3 3 47  6  7  0  0  0  2  2  2  20.00---068.60
191127254114 3 7 71010201713 87  2  3  3  4  4  7  6  5  40.10---069.60
19112825411513 3 3 3 31017 3 57  5  2  2  2  2  4  6  2  30.10---068.30
191129254116 7 7 3 7 7101327 80  3  3  2  3  3  4  5 12  40.21---067.90
19113025411713 7 3 3 7 71013 63  5  3  2  2  3  3  4  5  30.10---068.50
19120125411813 7 0 0 7101317 67  5  3  0  0  3  4  5  6  30.10---069.20
191202254119 310 7 0 0 0 0 0 20  2  4  3  0  0  0  0  0  10.00---068.40
191203254120 0 3 0 3 0 3 3 3 17  0  2  0  2  0  2  2  2  10.00---067.90
1912042541211017 7 310 3 7 0 57  4  6  3  2  4  2  3  0  30.10---067.60
191205254122 0 0 0 7 7 7 3 0 23  0  0  0  3  3  3  2  0  10.00---068.60
191206254123 010 7 3 7 7 3 7 43  0  4  3  2  3  3  2  3  20.00---068.30
191207254124 7 0 0 7 3 3 3 7 30  3  0  0  3  2  2  2  3  20.00---068.20
191208254125 0 3 3 0 3 71313 43  0  2  2  0  2  3  5  5  20.00---069.40
1912092541262710 0 0 3 7 317 67 12  4  0  0  2  3  2  6  40.10---068.60
191210254127 7201010 3 3 710 70  3  7  4  4  2  2  3  4  40.10---068.40
1912112542 12720 3 71017 717107 12  7  2  3  4  6  3  6  50.21---068.60
1912122542 210 01313 3 0 317 60  4  0  5  5  2  0  2  6  30.10---068.30
1912132542 3132013 3 0 3 7 0 60  5  7  5  2  0  2  3  0  30.10---066.80
1912142542 4 7 0 3 0 3 3 013 30  3  0  2  0  2  2  0  5  20.00---068.10
1912152542 5202010 3 3 3 723 90  7  7  4  2  2  2  3  9  40.21---068.80
1912162542 6 7 0 3 010 7 3 0 30  3  0  2  0  4  3  2  0  20.00---067.70
1912172542 7 0 710 7 0 0 0 0 23  0  3  4  3  0  0  0  0  10.00---068.20
1912182542 81013133337402713187  4  5  5 18 22 27 12  5 120.73---068.00
1912192542 930373723202313 3187 15 22 22  9  7  9  5  2 110.73---067.70
191220254210231010 317201017110  9  4  4  2  6  7  4  6  50.21---067.70
19122125421123 31310 7 317 7 83  9  2  5  4  3  2  6  3  40.10---068.40
19122225421217 017 0 3 31010 60  6  0  6  0  2  2  4  4  30.10---068.70
191223254213 013 31310 7 0 3 50  0  5  2  5  4  3  0  2  30.00---070.20
19122425421413 0 3 3 3 0 0 0 23  5  0  2  2  2  0  0  0  10.00---070.30
191225254215 3 0 7 7 3101717 63  2  0  3  3  2  4  6  6  30.10---069.80
1912262542162310 3 7 3 7 710 70  9  4  2  3  2  3  3  4  40.10---069.70
19122725421710 7 7 7 0 3 0 0 33  4  3  3  3  0  2  0  0  20.00---070.10
191228254218 7 3 0 0 0 3 0 3 17  3  2  0  0  0  2  0  2  10.00---069.80
191229254219 0 0 3 0 0 0 0 7 10  0  0  2  0  0  0  0  3  10.00---069.60
191230254220 0 0 3 3 0 7 3 7 23  0  0  2  2  0  3  2  3  20.00---068.60
191231254221 710 3 0 7 713 7 53  3  4  2  0  3  3  5  3  30.10---068.20
