200101254222 3 0 0 7 71310 7 47  2  0  0  3  3  5  4  3  20.00---069.40
200102254223 0 0 3 3 3 71010 37  0  0  2  2  2  3  4  4  20.00---069.50
200103254224 710272010 7 313 97  3  4 12  7  4  3  2  5  50.21---068.90
20010425422517 7 7 710202320110  6  3  3  3  4  7  9  7  50.21---069.80
2001052542261710171320203327157  6  4  6  5  7  7 18 12  80.42---069.40
200106254227333017 3 7102317140 18 15  6  2  3  4  9  6  80.42---068.10
2001072543 1101710 3 7101320 90  4  6  4  2  3  4  5  7  40.21---069.30
2001082543 21010 3 317271723110  4  4  2  2  6 12  6  9  60.31---071.20
2001092543 32730372317232317197 12 15 22  9  6  9  9  6 110.63---071.90
2001102543 410 72323171713 7117  4  3  9  9  6  6  5  3  60.31---070.40
2001112543 520232013 313 3 7103  7  9  7  5  2  5  2  3  50.21---071.00
2001122543 61017 7 3 3 0 0 3 43  4  6  3  2  2  0  0  2  20.00---069.50
2001132543 7 3 7 3 3 3 0 7 7 33  2  3  2  2  2  0  3  3  20.00---069.10
2001142543 8 3 3 3 7 3 3 0 0 23  2  2  2  3  2  2  0  0  20.00---069.50
2001152543 9 3 0 720 7 7 713 63  2  0  3  7  3  3  3  5  30.10---068.90
200116254310 7231713 7 7 3 3 80  3  9  6  5  3  3  2  2  40.10---069.40
200117254311 7 3 3 0 31310 3 43  3  2  2  0  2  5  4  2  20.00---067.90
2001182543121717 7 0 3 0 0 3 47  6  6  3  0  2  0  0  2  20.00---069.00
200119254313 0 7 0 0 0 3 0 0 10  0  3  0  0  0  2  0  0  10.00---069.50
200120254314 0 3 0 0 0 0 3 0  7  0  2  0  0  0  0  2  0  00.00---069.00
200121254315 0 0 71013272323103  0  0  3  4  5 12  9  9  50.21---068.30
2001222543161723101310 31030117  6  9  4  5  4  2  4 15  60.31---069.60
2001232543171723 3 3 0 313 7 70  6  9  2  2  0  2  5  3  40.10---068.60
20012425431810 0 0 0 3 3 3 3 23  4  0  0  0  2  2  2  2  20.00---068.80
200125254319 023 7 3 3 0 3 0 40  0  9  3  2  2  0  2  0  20.00---070.40
20012625432010 7 0 31017 7 0 53  4  3  0  2  4  6  3  0  30.00---072.40
200127254321 31010 0 3 0 0 0 27  2  4  4  0  2  0  0  0  20.00---070.70
200128254322101310 3 0 3 730 77  4  5  4  2  0  2  3 15  40.21---072.00
20012925432330331713 3171720150 15 18  6  5  2  6  6  7  80.42---072.00
2001302543242027201723333330203  7 12  7  6  9 18 18 15 120.73---071.90
2001312543252337172010 7 013127  9 22  6  7  4  3  0  5  70.42---071.70
20020125432610 310 720201723110  4  2  4  3  7  7  6  9  50.21---070.40
200202254327201010 7 3132323110  7  4  4  3  2  5  9  9  50.21---070.20
2002032544 1132013 3 3 310 3 70  5  7  5  2  2  2  4  2  40.10---070.00
2002042544 22017 710 7131327113  7  6  3  4  3  5  5 12  60.31---068.30
2002052544 31720131710 3 7 3 90  6  7  5  6  4  2  3  2  40.21---068.60
2002062544 4 723403030234030223  3  9 27 15 15  9 27 15 150.84---069.30
2002072544 53030301330272733220 15 15 15  5 15 12 12 18 130.84---068.90
2002082544 62717 7 720131313117 12  6  3  3  7  5  5  5  60.31---070.00
2002092544 727171010 7171720123 12  6  4  4  3  6  6  7  60.31---068.80
2002102544 820101710 7 71013 93  7  4  6  4  3  3  4  5  40.21---068.30
2002112544 9273017 3 0 0 713 97 12 15  6  2  0  0  3  5  50.21---069.30
20021225441017201320 7 0 013 90  6  7  5  7  3  0  0  5  40.10---069.80
200213254411 3 0 7 3 0 3 313 33  2  0  3  2  0  2  2  5  20.00---069.40
2002142544121710 3 0 0 0 0 7 37  6  4  2  0  0  0  0  3  20.00---069.50
20021525441310 0 0202710 7 7 80  4  0  0  7 12  4  3  3  40.10---068.80
20021625441423 7 0 7 3 3 0 0 43  9  3  0  3  2  2  0  0  20.00---068.80
20021725441513 313 710133030120  5  2  5  3  4  5 15 15  70.31---069.00
200218254416 723372030303327207  3  9 22  7 15 15 18 12 130.73---069.40
2002192544172340333320131017190  9 27 18 18  7  5  4  6 120.73---069.40
2002202544182327171017 72323147  9 12  6  4  6  3  9  9  70.42---069.20
2002212544193727273317301330213 22 12 12 18  6 15  5 15 130.84---069.60
2002222544202720131717202717157 12  7  5  6  6  7 12  6  80.42---070.70
200223254421 7 310 3 3132023 83  3  2  4  2  2  5  7  9  40.10---068.80
2002242544222017 0 3 7 3 713 70  7  6  0  2  3  2  3  5  40.10---068.70
20022525442313 3 3 3 7 0 0 3 33  5  2  2  2  3  0  0  2  20.00---069.10
200226254424 3 3 7 0 7 32310 57  2  2  3  0  3  2  9  4  30.10---068.70
20022725442520 0 3 7 7 3 3 7 50  7  0  2  3  3  2  2  3  30.00---069.60
200228254426171710171313 723117  6  6  4  6  5  5  3  9  60.21---069.30
2002292544271717132323272037177  6  6  5  9  9 12  7 22 100.52---068.80
2003012545 133131320 7 7 710110 18  5  5  7  3  3  3  4  60.31---068.10
2003022545 21710 0 72013 310 80  6  4  0  3  7  5  2  4  40.10---068.10
2003032545 32010 7132017 720113  7  4  3  5  7  6  3  7  50.21---068.80
2003042545 4 013101017302013113  0  5  4  4  6 15  7  5  60.31---068.70
2003052545 5 71010 717 7 7 0 63  3  4  4  3  6  3  3  0  30.10---068.30
2003062545 6 7 310172017 0 0 73  3  2  4  6  7  6  0  0  40.10---068.90
2003072545 7 310131020 7 3 3 70  2  4  5  4  7  3  2  2  40.10---068.80
2003082545 8131713 3 7171717103  5  6  5  2  3  6  6  6  50.21---069.20
2003092545 9 72017 710131710100  3  7  6  3  4  5  6  4  50.21---069.80
20031025451020 313 7 7 7 010 67  7  2  5  3  3  3  0  4  30.10---069.80
20031125451117 3 3 7 7 3 0 3 43  6  2  2  3  3  2  0  2  20.00---069.60
200312254512 71317 7132327 7113  3  5  6  3  5  9 12  3  60.31---069.10
2003132545132027202310171010137  7 12  7  9  4  6  4  4  70.31---067.90
200314254514 0 0 3 7 7 310 7 37  0  0  2  3  3  2  4  3  20.00---067.40
200315254515 0 3 31713101717 80  0  2  2  6  5  4  6  6  40.10---069.50
20031625451620 3 710131017 7 87  7  2  3  4  5  4  6  3  40.10---069.10
20031725451717 3131713171317110  6  2  5  6  5  6  5  6  50.21---070.90
200318254518 3 7 7 320203017107  2  3  3  2  7  7 15  6  60.31---071.40
200319254519432323202317 717173 32  9  9  7  9  6  3  6 100.63---071.50
200320254520231020 0 7202027127  9  4  7  0  3  7  7 12  60.31---071.10
2003212545211723302013201713153  6  9 15  7  5  7  6  5  80.42---070.30
2003222545222320101013172317133  9  7  4  4  5  6  9  6  60.31---069.80
2003232545232333133023203320197  9 18  5 15  9  7 18  7 110.63---069.90
200324254524271010 3 3 3 3 0 60 12  4  4  2  2  2  2  0  40.10---070.80
20032525452517 0 3 710 0 317 57  6  0  2  3  4  0  2  6  30.10---070.90
200326254526 3 3 3101317 730 87  2  2  2  4  5  6  3 15  50.21---069.90
200327254527201710 7102020 3107  7  6  4  3  4  7  7  2  50.21---069.20
2003282546 1 0 7131713 31723 93  0  3  5  6  5  2  6  9  40.21---069.00
2003292546 2 7 3202033201710130  3  2  7  7 18  7  6  4  70.31---068.60
2003302546 31323131013333340180  5  9  5  4  5 18 18 27 110.73---069.10
2003312546 43340372030272313223 18 27 22  7 15 12  9  5 140.84---069.80
2004012546 5202310 7 3131020107  7  9  4  3  2  5  4  7  50.21---069.20
2004022546 61020201310 72027127  4  7  7  5  4  3  7 12  60.31---069.70
2004032546 72320 7 710132337140  9  7  3  3  4  5  9 22  80.42---070.00
2004042546 820 3 013 3 71717 80  7  2  0  5  2  3  6  6  40.10---070.20
2004052546 91713 71310 7 310 80  6  5  3  5  4  3  2  4  40.10---071.30
2004062546101010 3 010 3 0 0 37  4  4  2  0  4  2  0  0  20.00---070.10
200407254611 0 0 0 3 0 32020 47  0  0  0  2  0  2  7  7  20.00---070.10
2004082546121727202733371733210  6 12  7 12 18 22  6 18 130.73---070.70
20040925461317 7 7 713 31710 80  6  3  3  3  5  2  6  4  40.10---070.60
200410254614 0 71013102310 3 77  0  3  4  5  4  9  4  2  40.10---069.50
20041125461510 7 7 720332323130  4  3  3  3  7 18  9  9  70.42---070.90
200412254616 717131023172713127  3  6  5  4  9  6 12  5  60.31---071.10
2004132546171017 7 713131313 93  4  6  3  3  5  5  5  5  40.21---070.70
20041425461823332317 7 3 320130  9 18  9  6  3  2  2  7  70.42---069.40
2004152546193027171010 71013123 15 12  6  4  4  3  4  5  70.31---068.90
200416254620201010 3 31010 3 70  7  4  4  2  2  4  4  2  40.10---069.00
20041725462110 31310 7 3 313 63  4  2  5  4  3  2  2  5  30.10---068.40
20041825462213171310 7 3 3 0 67  5  6  5  4  3  2  2  0  30.10---070.40
200419254623 0 0 3 0 7 3 3 0 17  0  0  2  0  3  2  2  0  10.00---069.20
200420254624233033474323 3 7210  9 15 18 39 32  9  2  3 160.94---068.90
2004212546251317101727332023160  5  6  4  6 12 18  7  9  80.52---069.80
2004222546263030131017101013133 15 15  5  4  6  4  4  5  70.42---071.40
200423254627 710 310 3 3 317 57  3  4  2  4  2  2  2  6  30.10---069.50
2004242547 123 7 71010202327127  9  3  3  4  4  7  9 12  60.31---070.50
2004252547 2232017 3 710 0 0 80  9  7  6  2  3  4  0  0  40.10---069.80
2004262547 3 720 71317171727123  3  7  3  5  6  6  6 12  60.31---070.10
2004272547 4271310 717202010123 12  5  4  3  6  7  7  4  60.31---069.90
2004282547 52710 0131013 713 93 12  4  0  5  4  5  3  5  50.21---069.90
2004292547 610 3 0 3 7 3 7 3 37  4  2  0  2  3  2  3  2  20.00---071.00
2004302547 710 3 3 3 0 0 0 0 20  4  2  2  2  0  0  0  0  10.00---070.90
2005012547 8 31320131710 3 7 87  2  5  7  5  6  4  2  3  40.10---071.30
2005022547 9 01717131010 710 83  0  6  6  5  4  4  3  4  40.10---070.30
200503254710 313 3 3 7 31727 77  2  5  2  2  3  2  6 12  40.10---069.80
2005042547111713 7132013 310 97  6  5  3  5  7  5  2  4  50.21---070.50
20050525471213131013 7201720113  5  5  4  5  3  7  6  7  50.21---070.50
2005062547133323 0 3 7 3 7 3 80 18  9  0  2  3  2  3  2  50.21---071.10
200507254714 310131010 3 3 3 57  2  4  5  4  4  2  2  2  30.10---070.00
20050825471510 3 7 713 0 310 53  4  2  3  3  5  0  2  4  30.10---069.20
200509254716 7 0 0 3 3 3 3 0 20  3  0  0  2  2  2  2  0  10.00---072.40
200510254717 3 0 0 3 3101723 60  2  0  0  2  2  4  6  9  30.10---069.30
20051125471813171713 3 3 3 7 77  5  6  6  5  2  2  2  3  40.10---067.50
200512254719 7 3 7 3 7 3 323 57  3  2  3  2  3  2  2  9  30.10---070.30
20051325472013 3 0 7 710 313 57  5  2  0  3  3  4  2  5  30.10---070.20
200514254721 3 3 3 3 3 3 3 3 27  2  2  2  2  2  2  2  2  20.00---068.70
200515254722 3101010 3 3 3 0 43  2  4  4  4  2  2  2  0  20.00---069.40
200516254723 0 3 7 717 7 3 3 47  0  2  3  3  6  3  2  2  30.00---071.00
200517254724 0 3 0 7 3 7 310 33  0  2  0  3  2  3  2  4  20.00---071.20
200518254725 3 0 0 3 72017 7 57  2  0  0  2  3  7  6  3  30.10---071.80
2005192547261010131713 71013 93  4  4  5  6  5  3  4  5  40.21---070.30
20052025472710 3 0 3 7 7 7 3 40  4  2  0  2  3  3  3  2  20.00---071.30
2005212548 1102010 7 7101320 97  4  7  4  3  3  4  5  7  50.21---071.90
2005222548 2171010 7202023 7113  6  4  4  3  7  7  9  3  50.21---072.60
2005232548 3131710 3 3 7 7 0 60  5  6  4  2  2  3  3  0  30.10---070.90
2005242548 4 7 3 0 317231710 80  3  2  0  2  6  9  6  4  40.10---070.60
2005252548 5171010 717101020100  6  4  4  3  6  4  4  7  50.21---072.10
2005262548 610 7 7 7 3 3 317 57  4  3  3  3  2  2  2  6  30.10---071.60
2005272548 710 3 31013 313 0 57  4  2  2  4  5  2  5  0  30.10---069.90
2005282548 8 0 7 3 310 7 3 7 40  0  3  2  2  4  3  2  3  20.00---069.30
2005292548 9 7 3 3 3 7 3 317 47  3  2  2  2  3  2  2  6  30.00---071.20
2005302548102027333330273333237  7 12 18 18 15 12 18 18 150.84---071.90
2005312548111010 3 31010 310 60  4  4  2  2  4  4  2  4  30.10---072.80
200601254812 710 310 3102727 97  3  4  2  4  2  4 12 12  50.21---071.20
2006022548131730131317101713130  6 15  5  5  6  4  6  5  60.31---072.40
2006032548141010 0 310 7 3 3 47  4  4  0  2  4  3  2  2  30.00---072.00
200604254815 7 310 3 3101717 70  3  2  4  2  2  4  6  6  40.10---072.10
200605254816 3 3 3101310 7 3 53  2  2  2  4  5  4  3  2  30.10---073.20
200606254817 3 3 3 713 3 3 0 37  2  2  2  3  5  2  2  0  20.00---073.80
200607254818 713 31010233723127  3  5  2  4  4  9 22  9  70.42---073.80
2006082548191720 7 7 71010 3 80  6  7  3  3  3  4  4  2  40.10---073.20
200609254820 7 7 0 3 7102027 80  3  3  0  2  3  4  7 12  40.10---074.60
2006102548211723232310101013130  6  9  9  9  4  4  4  5  60.31---073.20
2006112548221713 3 3 7 3 3 0 50  6  5  2  2  3  2  2  0  30.00---073.70
200612254823 310 7 7 7 7 3 3 47  2  4  3  3  3  3  2  2  30.00---072.70
200613254824 0 7 7 313 7 3 0 40  0  3  3  2  5  3  2  0  20.00---071.60
200614254825 0 3 3 0 0 710 7 30  0  2  2  0  0  3  4  3  20.00---072.40
200615254826 3 7 71310 3 7 0 50  2  3  3  5  4  2  3  0  30.00---072.70
200616254827 7101710 7102317100  3  4  6  4  3  4  9  6  50.21---071.50
2006172549 113 7 7101713 0 0 67  5  3  3  4  6  5  0  0  30.10---071.00
2006182549 2 317101010 710 7 73  2  6  4  4  4  3  4  3  40.10---070.20
2006192549 3 710 310 7 71317 73  3  4  2  4  3  3  5  6  40.10---071.10
2006202549 420202310 310 710103  7  7  9  4  2  4  3  4  50.21---070.00
2006212549 5 7 7 31313 7 7 7 63  3  3  2  5  5  3  3  3  30.10---069.90
2006222549 6 0 3 7 3 3 3 310 33  0  2  3  2  2  2  2  4  20.00---069.90
2006232549 7 7 313 3 7 7 313 57  3  2  5  2  3  3  2  5  30.10---069.30
2006242549 81010 710 7 7 3 7 60  4  4  3  4  3  3  2  3  30.10---069.10
2006252549 9 7 7 3 3 3 7 310 43  3  3  2  2  2  3  2  4  30.00---071.20
20062625491020 3 3 310102327100  7  2  2  2  4  4  9 12  50.21---070.00
2006272549112713132323 3 713123 12  5  5  9  9  2  3  5  60.31---071.20
2006282549121010 3 7 0 3 710 50  4  4  2  3  0  2  3  4  30.00---071.50
200629254913 7 7 0 3 3 7 3 3 33  3  3  0  2  2  3  2  2  20.00---071.00
200630254914171717 3 3 7 013 77  6  6  6  2  2  3  0  5  40.10---070.40
200701254915 710 710 3 32320 83  3  4  3  4  2  2  9  7  40.10---071.20
200702254916 7 7 3 3 71310 7 57  3  3  2  2  3  5  4  3  30.10---070.30
200703254917 3101010 7 7 7 3 57  2  4  4  4  3  3  3  2  30.10---071.60
2007042549181010131020132330130  4  4  5  4  7  5  9 15  70.31---071.80
2007052549191727332713102027173  6 12 18 12  5  4  7 12 100.52---071.80
200706254920101013 7131313 3 83  4  4  5  3  5  5  5  2  40.10---070.80
200707254921 31017 3 3 3 3 7 50  2  4  6  2  2  2  2  3  30.10---070.00
200708254922 0 7 3 3 3 3 3 3 27  0  3  2  2  2  2  2  2  20.00---069.40
200709254923 3 310 71010 7 0 50  2  2  4  3  4  4  3  0  30.00---071.00
200710254924 0 313 3 3 3 3 0 30  0  2  5  2  2  2  2  0  20.00---071.10
200711254925 7 3 0 3 3 3 710 37  3  2  0  2  2  2  3  4  20.00---071.00
200712254926 3 0 3 7 7 3 0 3 27  2  0  2  3  3  2  0  2  20.00---069.80
20071325492710132017 7101327117  4  5  7  6  3  4  5 12  60.31---070.50
2007142550 1373733131710 3 3153 22 22 18  5  6  4  2  2 100.63---071.20
2007152550 2 01313102020 7 0 83  0  5  5  4  7  7  3  0  40.10---070.60
2007162550 3 0 3 31710101010 63  0  2  2  6  4  4  4  4  30.10---070.90
2007172550 410 3 3 710131013 70  4  2  2  3  4  5  4  5  40.10---071.30
2007182550 513 710 310 3 310 60  5  3  4  2  4  2  2  4  30.10---070.00
2007192550 6 0 7101010 7 717 67  0  3  4  4  4  3  3  6  30.10---071.10
2007202550 7 31010 3 3 7 710 53  2  4  4  2  2  3  3  4  30.10---071.60
2007212550 81013 7 3 710 717 73  4  5  3  2  3  4  3  6  40.10---072.10
2007222550 9 7 7 3 3 31310 0 47  3  3  2  2  2  5  4  0  30.00---072.20
200723255010 3 3 7 710 3 3 3 40  2  2  3  3  4  2  2  2  20.00---072.50
2007242550111027272023372730200  4 12 12  7  9 22 12 15 120.73---071.70
2007252550123727232020171740200 22 12  9  7  7  6  6 27 120.73---072.60
20072625501310 3 3 3 7 3 310 43  4  2  2  2  3  2  2  4  30.00---073.60
200727255014 7 710 3 7 7 710 57  3  3  4  2  3  3  3  4  30.10---073.70
20072825501520 7 7 310 7 7 7 67  7  3  3  2  4  3  3  3  40.10---074.10
20072925501620 717 313 7 7 3 77  7  3  6  2  5  3  3  2  40.10---074.90
200730255017101017 7 3 3 0 7 57  4  4  6  3  2  2  0  3  30.10---075.60
2007312550181010 3101310 7 7 70  4  4  2  4  5  4  3  3  40.10---074.40
200801255019 0 7 7 3 71010 3 47  0  3  3  2  3  4  4  2  30.00---074.10
200802255020 3 7102733302030160  2  3  4 12 18 15  7 15 100.52---074.90
2008032550213333302723333033243 18 18 15 12  9 18 15 18 150.94---074.80
2008042550222033131713131317140  7 18  5  6  5  5  5  6  70.42---075.10
200805255023171310 7 7102313100  6  5  4  3  3  4  9  5  50.21---075.60
200806255024 713 3 71713 720 87  3  5  2  3  6  5  3  7  40.10---075.10
2008072550251710 0 3 3 3 713 57  6  4  0  2  2  2  3  5  30.10---076.00
200808255026201713101310 7 3 93  7  6  5  4  5  4  3  2  40.21---076.80
200809255027 0 3 3 7 3 3 3 7 30  0  2  2  3  2  2  2  3  20.00---076.00
2008102551 1 3 3 3 3 0 7 3 7 30  2  2  2  2  0  3  2  3  20.00---076.20
2008112551 210 7 3 3 3 0 0 3 30  4  3  2  2  2  0  0  2  20.00---075.40
2008122551 3 31310 710 7 7 3 60  2  5  4  3  4  3  3  2  30.10---075.10
2008132551 417 7 3 313 3 313 63  6  3  2  2  5  2  2  5  30.10---074.20
2008142551 51017 3 3 7 3 7 7 57  4  6  2  2  3  2  3  3  30.10---072.60
2008152551 6 0 010 3 3 3 3 3 27  0  0  4  2  2  2  2  2  20.00---072.40
2008162551 710101010 3 3 3 7 57  4  4  4  4  2  2  2  3  30.10---072.60
2008172551 8 7 3 710 7 3 3 7 47  3  2  3  4  3  2  2  3  30.00---072.50
2008182551 91013131317 71030113  4  5  5  5  6  3  4 15  60.31---073.10
2008192551102723 3 3 3 7 710 83 12  9  2  2  2  3  3  4  50.21---072.20
200820255111 3 7 0 710 7 3 7 43  2  3  0  3  4  3  2  3  20.00---071.60
200821255112 7 3 3 3 3 71713 57  3  2  2  2  2  3  6  5  30.10---072.60
200822255113 720171710131723123  3  7  6  6  4  5  6  9  60.31---071.60
2008232551142020132023171027150  7  7  5  7  9  6  4 12  70.42---072.10
200824255115 7 7 3 0 7 7 3 0 33  3  3  2  0  3  3  2  0  20.00---071.80
200825255116 7 3 7 3 71010 3 50  3  2  3  2  3  4  4  2  30.10---072.10
20082625511717231017 7231017123  6  9  4  6  3  9  4  6  60.31---071.90
2008272551182313171733101010133  9  5  6  6 18  4  4  4  70.42---071.40
200828255119 0 3 71727471723140  0  2  3  6 12 39  6  9 100.52---071.50
2008292551202727332313203333210 12 12 18  9  5  7 18 18 120.73---071.60
2008302551212033201317201027160  7 18  7  5  6  7  4 12  80.42---071.40
2008312551223743274743373730300 22 32 12 39 32 22 22 15 241.26---070.50
2009012551232743273030402730253 12 32 12 15 15 27 12 15 181.05---070.80
2009022551242723202727231717180 12  9  7 12 12  9  6  6  90.52---069.50
200903255125 0 010 713 7 317 57  0  0  4  3  5  3  2  6  30.10---071.20
20090425512627131320201723 3137 12  5  5  7  7  6  9  2  70.31---070.80
2009052551271713172017 31010107  6  5  6  7  6  2  4  4  50.21---070.30
2009062552 12010 31010 3 717 80  7  4  2  4  4  2  3  6  40.10---070.50
2009072552 2101313 7 710 3 0 63  4  5  5  3  3  4  2  0  30.10---071.30
2009082552 3 7 31010 71310 0 60  3  2  4  4  3  5  4  0  30.10---070.90
2009092552 4 7 0 0 0 0 3 0 0 10  3  0  0  0  0  2  0  0  10.00---070.70
2009102552 5 0 0 0 3 3 310 3 23  0  0  0  2  2  2  4  2  20.00---070.20
2009112552 6 0 0 3 3 0 71010 33  0  0  2  2  0  3  4  4  20.00---069.60
2009122552 713132013 3 71310 93  5  5  7  5  2  3  5  4  40.21---070.20
2009132552 8101313 313171330113  4  5  5  2  5  6  5 15  60.31---070.60
2009142552 9333323273010 720183 18 18  9 12 15  4  3  7 110.63---069.70
20091525521023201313 3 71313107  9  7  5  5  2  3  5  5  50.21---069.60
200916255211 0 31010 01010 3 47  0  2  4  4  0  4  4  2  20.00---070.20
200917255212 0 313 7 3 0 313 43  0  2  5  3  2  0  2  5  20.00---070.40
20091825521310 3 0 7171713 0 67  4  2  0  3  6  6  5  0  30.10---070.60
200919255214 010 7 3 0 710 0 37  0  4  3  2  0  3  4  0  20.00---071.20
200920255215 0 0 02310 7 713 60  0  0  0  9  4  3  3  5  30.10---070.70
200921255216 3 3 0 3 3 010 7 30  2  2  0  2  2  0  4  3  20.00---071.90
20092225521713272017 7 7 7 7103  5 12  7  6  3  3  3  3  50.21---072.90
2009232552181710171737203723177  6  4  6  6 22  7 22  9 100.63---073.70
200924255219303357373330 313237 15 18 67 22 18 15  2  5 201.05---074.10
2009252552203033272313433040240 15 18 12  9  5 32 15 27 170.94---073.80
2009262552214047374047272033290 27 39 22 27 39 12  7 18 241.26---072.90
2009272552222340171717274753240  9 27  6  6  6 12 39 56 201.05---074.40
2009282552234747403337404750340 39 39 27 18 22 27 39 48 321.36---074.10
2009292552244033332727302733250 27 18 18 12 12 15 12 18 160.94---073.00
2009302552254037302720173333237 27 22 15 12  7  6 18 18 160.94---073.50
2010012552262313203027332317187  9  5  7 15 12 18  9  6 100.63---073.00
2010022552272020132723172313157  7  7  5 12  9  6  9  5  80.42---072.30
2010032553 117131317 7 71010 93  6  5  5  6  3  3  4  4  40.21---071.90
2010042553 2 717 3 717 3 310 67  3  6  2  3  6  2  2  4  40.10---071.20
2010052553 3 3 3101023334327153  2  2  4  4  9 18 32 12 100.63---072.20
2010062553 4233710 710 3 3 7100  9 22  4  3  4  2  2  3  60.31---071.60
2010072553 5 3 7 3102313 710 77  2  3  2  4  9  5  3  4  40.10---070.60
2010082553 6 7 3 7 3 0 3 3 7 33  3  2  3  2  0  2  2  3  20.00---071.50
2010092553 7 3 0 3 0 0 0 0 0  7  2  0  2  0  0  0  0  0  00.00---072.90
2010102553 8 0 0 0 7 0 7 0 0 13  0  0  0  3  0  3  0  0  10.00---073.30
2010112553 9 0 0 3 3 3 7 313 33  0  0  2  2  2  3  2  5  20.00---072.60
201012255310 3 0 0 3 710 713 43  2  0  0  2  3  4  3  5  20.00---073.40
20101325531110 7 3 3 0 7 3 3 37  4  3  2  2  0  3  2  2  20.00---072.00
201014255312 0 0 0 0 0 0 0 0  0  0  0  0  0  0  0  0  0  00.00---074.10
201015255313 0 0 0 0 0 3 710 20  0  0  0  0  0  2  3  4  10.00---073.40
20101625531413 7 7 7 7 7 713 67  5  3  3  3  3  3  3  5  40.10---074.80
201017255315 7172010 7 31313 90  3  6  7  4  3  2  5  5  40.21---072.50
201018255316 7 3 3 3 0 3 310 33  3  2  2  2  0  2  2  4  20.00---075.30
201019255317 310102030171717123  2  4  4  7 15  6  6  6  60.31---074.20
2010202553182317 7 3 0 310 7 70  9  6  3  2  0  2  4  3  40.10---074.00
20102125531923233720 7 71017143  9  9 22  7  3  3  4  6  80.42---073.00
20102225532033 3 3 310 71313 87 18  2  2  2  4  3  5  5  50.21---074.20
2010232553211313 3 317274747170  5  5  2  2  6 12 39 39 140.84---071.00
2010242553223340403017333023247 18 27 27 15  6 18 15  9 170.94---071.30
2010252553232713202737373723220 12  5  7 12 22 22 22  9 140.84---073.30
2010262553242037332733203030230  7 22 18 12 18  7 15 15 140.84---074.10
20102725532517173327 3 32320143  6  6 18 12  2  2  9  7  80.42---081.40
2010282553261727131727333317183  6 12  5  6 12 18 18  6 100.63---086.40
2010292553271027273323401320193  4 12 12 18  9 27  5  7 120.73---083.50
2010302554 12013 710 3 31020 87  7  5  3  4  2  2  4  7  40.10---078.40
2010312554 2 71323201723 0 7110  3  5  9  7  6  9  0  3  50.21---075.60
2011012554 3 7 3172030302710143  3  2  6  7 15 15 12  4  80.42---076.10
2011022554 4 0 0 7 3 0 0 710 27  0  0  3  2  0  0  3  4  20.00---080.30
2011032554 517 0 0 7 3 0 0 7 33  6  0  0  3  2  0  0  3  20.00---081.60
2011042554 6 7 3 3 3 3 3 3 0 27  3  2  2  2  2  2  2  0  20.00---086.60
2011052554 7 0 0 3 713 31017 53  0  0  2  3  5  2  4  6  30.00---089.10
2011062554 81017131720272313140  4  6  5  6  7 12  9  5  70.31---092.10
2011072554 913 71013 7202730127  5  3  4  5  3  7 12 15  70.31---088.90
201108255410131720101013 7 0 90  5  6  7  4  4  5  3  0  40.10---088.30
201109255411 0 0 0 0 0 0 0 0  0  0  0  0  0  0  0  0  0  00.00---088.30
201110255412 0 0 3 3 0 0 0 0  7  0  0  2  2  0  0  0  0  00.00---085.10
201111255413 0 0 3 3 7131320 60  0  0  2  2  3  5  5  7  30.10---086.30
20111225541410 01313 3 3 3 7 53  4  0  5  5  2  2  2  3  30.10---083.30
201113255415101010 7 7 0 3 3 50  4  4  4  3  3  0  2  2  30.00---064.10
201114255416 0 0 3 0 7 72010 47  0  0  2  0  3  3  7  4  20.00---078.50
2011152554171320 0 3 310 0 0 50  5  7  0  2  2  4  0  0  20.00---076.90
201116255418 0 0 0 0 3 3 0 0  7  0  0  0  0  2  2  0  0  00.00---074.90
201117255419 0 0 010 7 0 010 27  0  0  0  4  3  0  0  4  10.00---077.30
20111825542010 313 3 3 0 7 7 47  4  2  5  2  2  0  3  3  30.00---075.50
201119255421 0 0 313 0 0 313 33  0  0  2  5  0  0  2  5  20.00---074.90
20112025542223302020 7 717 7130  9 15  7  7  3  3  6  3  70.31---079.70
201121255423201710 727273333173  7  6  4  3 12 12 18 18 100.63---082.90
2011222554242737404047403733300 12 22 27 27 39 27 22 18 241.26---085.50
2011232554252027232010201717153  7 12  9  7  4  7  6  6  70.42---093.10
2011242554261710 0 3 710 310 60  6  4  0  2  3  4  2  4  30.10---097.90
201125255427 723 71313201727127  3  9  3  5  5  7  6 12  60.31---101.00
2011262555 117 3101023202313120  6  2  4  4  9  7  9  5  60.31---103.00
2011272555 2102323202713 3 7127  4  9  9  7 12  5  2  3  60.31---103.50
2011282555 33033271320171713170 15 18 12  5  7  6  6  5  90.52---106.60
2011292555 4 01320131013 0 0 70  0  5  7  5  4  5  0  0  30.10---113.10
2011302555 510303320 713 013127  4 15 18  7  3  5  0  5  70.42---106.40
2012012555 610 0 0 0 0 3 3 7 23  4  0  0  0  0  2  2  3  10.00---101.20
2012022555 713 313 7 0 7 7 7 57  5  2  5  3  0  3  3  3  30.10---101.90
2012032555 8 0 0 0 31017 3 3 37  0  0  0  2  4  6  2  2  20.00---099.90
2012042555 9 0 0 0 0 0 3 0 0  3  0  0  0  0  0  2  0  0  00.00---093.00
201205255510 0 0 0 720102710 73  0  0  0  3  7  4 12  4  40.10---097.00
2012062555111310101020102023117  5  4  4  4  7  4  7  9  60.21---088.20
201207255512 7 0 3 7 0 7 0 0 23  3  0  2  3  0  3  0  0  10.00---086.80
201208255513 717131010 0 310 70  3  6  5  4  4  0  2  4  40.10---080.00
201209255514172720 3 3173013130  6 12  7  2  2  6 15  5  70.31---079.60
201210255515332310 3 7 71323120 18  9  4  2  3  3  5  9  70.31---079.10
20121125551627231310 7 72013120 12  9  5  4  3  3  7  5  60.31---080.80
20121225551713 710 3 3 71017 70  5  3  4  2  2  3  4  6  40.10---079.30
2012132555183013 0 0 7 31713 83 15  5  0  0  3  2  6  5  40.21---078.10
201214255519 0 3 0 7 3101710 50  0  2  0  3  2  4  6  4  30.00---080.40
20121525552013 0 7 0 0 0 710 37  5  0  3  0  0  0  3  4  20.00---080.30
20121625552110 3 0 0 3 7 3 7 33  4  2  0  0  2  3  2  3  20.00---079.30
201217255522 7 3 0 0 0 0 0 3 13  3  2  0  0  0  0  0  2  10.00---079.10
201218255523 3 0 3 3 3 7 3 0 23  2  0  2  2  2  3  2  0  20.00---077.90
20121925552413 3101720101310 97  5  2  4  6  7  4  5  4  50.21---079.10
201220255525 7 713101313 313 80  3  3  5  4  5  5  2  5  40.10---081.10
2012212555262733232020 72343197 12 18  9  7  7  3  9 32 120.73---077.00
2012222555273333302727233017220 18 18 15 12 12  9 15  6 130.84---083.00
2012232556 13343232317131320187 18 32  9  9  6  5  5  7 110.73---083.60
2012242556 2 727202027301013153  3 12  7  7 12 15  4  5  80.42---084.50
2012252556 3231310 72010 0 0 83  9  5  4  3  7  4  0  0  40.10---084.90
2012262556 4 017 7 3 7 71720 77  0  6  3  2  3  3  6  7  40.10---085.00
2012272556 51713 71717101020110  6  5  3  6  6  4  4  7  50.21---084.90
2012282556 62020232020101713143  7  7  9  7  7  4  6  5  60.31---084.30
2012292556 72327 7 7 7131320117  9 12  3  3  3  5  5  7  60.31---081.40
2012302556 8232717202010 727150  9 12  6  7  7  4  3 12  80.42---080.10
2012312556 91310 310 7 3 0 3 50  5  4  2  4  3  2  0  2  30.00---078.50
