210101255610 0 3 7 3 313 7 7 43  0  2  3  2  2  5  3  3  20.00---077.70
210102255611 3 0 0 3 0 0 0 0  7  2  0  0  2  0  0  0  0  00.00---078.80
210103255612 0 0 0 0 3 3 0 3 10  0  0  0  0  2  2  0  2  10.00---077.80
210104255613 3 0 3 7 3 3 3 3 27  2  0  2  3  2  2  2  2  20.00---075.00
21010525561417 710 740271337157  6  3  4  3 27 12  5 22 100.63---072.60
2101062556153030372317171313180 15 15 22  9  6  6  5  5 100.63---071.70
210107255616131710 7 3 31323 90  5  6  4  3  2  2  5  9  40.21---072.20
210108255617 3 3 3 3 3 0 0 3 20  2  2  2  2  2  0  0  2  20.00---072.80
210109255618 713 3 3 0 0 0 0 27  3  5  2  2  0  0  0  0  20.00---071.80
210110255619 7 3 7 3 0 71010 47  3  2  3  2  0  3  4  4  30.00---070.70
21011125562010 0 32333373340180  4  0  2  9 18 22 18 27 120.73---070.80
21011225562137302320131010 7150 22 15  9  7  5  4  4  3  90.52---070.40
210113255622 7 3 31013 7 710 60  3  2  2  4  5  3  3  4  30.10---070.80
210114255623 0 0 0 3 3 3 0 3 13  0  0  0  2  2  2  0  2  10.00---071.20
21011525562417 0 0 0 01010 3 40  6  0  0  0  0  4  4  2  20.00---071.00
210116255625 310 7 7 7 7 710 57  2  4  3  3  3  3  3  4  30.10---075.20
210117255626 313 0 0 3 0 0 3 23  2  5  0  0  2  0  0  2  10.00---074.80
210118255627 717 0 0 3 01320 60  3  6  0  0  2  0  5  7  30.10---072.90
2101192557 12720 71013 713 7103 12  7  3  4  5  3  5  3  50.21---075.60
2101202557 2 7 72017232010 3107  3  3  7  6  9  7  4  2  50.21---074.70
2101212557 3 0 3 0 3 0 3 010 20  0  2  0  2  0  2  0  4  10.00---075.20
2101222557 4 3 0 0 0 7101010 40  2  0  0  0  3  4  4  4  20.00---075.80
2101232557 5 7 01010 0 71320 67  3  0  4  4  0  3  5  7  30.10---075.50
2101242557 6 31710 713131720100  2  6  4  3  5  5  6  7  50.21---075.20
2101252557 71717333323272347220  6  6 18 18  9 12  9 39 150.84---074.80
2101262557 83740171013232320183 22 27  6  4  5  9  9  7 110.63---073.40
2101272557 92333202317271030183  9 18  7  9  6 12  4 15 100.63---074.00
21012825571030 3 7 3 0 0 0 3 47 15  2  3  2  0  0  0  2  30.10---073.40
210129255711 01010 3 3 3 3 7 40  0  4  4  2  2  2  2  3  20.00---073.20
210130255712 0 3 0 3 3 7 3 0 20  0  2  0  2  2  3  2  0  10.00---071.60
210131255713 7 0 0 0 0 0 0 7 13  3  0  0  0  0  0  0  3  10.00---071.20
2102012557141720 0 010201320100  6  7  0  0  4  7  5  7  40.21---070.80
210202255715404037273723 717227 27 27 22 12 22  9  3  6 160.94---070.20
21020325571623302023 7274027197  9 15  7  9  3 12 27 12 120.73---071.30
2102042557172330231720 0 317133  9 15  9  6  7  0  2  6  70.31---071.20
2102052557182720 717 7 71010103 12  7  3  6  3  3  4  4  50.21---071.10
210206255719 7 0 0 313333320110  3  0  0  2  5 18 18  7  70.31---071.00
2102072557204347373730171713240 32 39 22 22 15  6  6  5 181.05---070.80
210208255721 3171013 7131730110  2  6  4  5  3  5  6 15  60.31---071.30
21020925572213102013 7 3 0 0 67  5  4  7  5  3  2  0  0  30.10---071.00
210210255723 3 0 7 710 7 3 0 37  2  0  3  3  4  3  2  0  20.00---071.00
210211255724 0 3 710 010 0 0 30  0  2  3  4  0  4  0  0  20.00---070.50
210212255725 0 3 3 010232327 90  0  2  2  0  4  9  9 12  50.21---071.70
210213255726303023432713 723197 15 15  9 32 12  5  3  9 120.73---069.60
210214255727131720 710 7 0 0 73  5  6  7  3  4  3  0  0  40.10---069.70
2102152558 1 0 0 7 7 7102327 80  0  0  3  3  3  4  9 12  40.10---068.00
2102162558 21333374017271310190  5 18 22 27  6 12  5  4 120.73---069.10
2102172558 31323201320171723147  5  9  7  5  7  6  6  9  70.31---070.00
2102182558 420201013 7 0 0 7 77  7  7  4  5  3  0  0  3  40.10---070.60
2102192558 52013131737374040217  7  5  5  6 22 22 27 27 150.94---069.90
2102202558 63027403030434040280 15 12 27 15 15 32 27 27 211.15---071.70
2102212558 73737434040202030267 22 22 32 27 27  7  7 15 201.05---070.90
2102222558 83740233030233733253 22 27  9 15 15  9 22 18 170.94---073.20
2102232558 93733272330202010200 22 18 12  9 15  7  7  4 120.73---074.20
2102242558102727403020404337263 12 12 27 15  7 27 32 22 191.05---077.60
2102252558114037272010272730217 27 22 12  7  4 12 12 15 140.84---077.10
2102262558123023102320203023180 15  9  4  9  7  7 15  9  90.52---078.10
210227255813101710 7 713 3 7 73  4  6  4  3  3  5  2  3  40.10---076.40
210228255814 020 3 313102027 97  0  7  2  2  5  4  7 12  50.21---075.70
2103012558153757504020203313270 22 67 48 27  7  7 18  5 251.26---072.70
2103022558161723232033405043250  6  9  9  7 18 27 48 32 201.05---074.30
2103032558174347432727232027257 32 39 32 12 12  9  7 12 191.05---074.40
2103042558183730 7 320201727160 22 15  3  2  7  7  6 12  90.52---074.10
21030525581913132010 7 71713100  5  5  7  4  3  3  6  5  50.21---073.90
2103062558204043302330132323227 27 32 15  9 15  5  9  9 150.94---074.40
2103072558211717 717 7301337143  6  6  3  6  3 15  5 22  80.42---076.40
210308255822 3 7 3 310133017 87  2  3  2  2  4  5 15  6  50.21---078.70
21030925582313 7 7 3 7 7 3 0 47  5  3  3  2  3  3  2  0  30.00---075.40
210310255824 0 0 0 3 0 313 3 23  0  0  0  2  0  2  5  2  10.00---075.30
210311255825 0 3 0 3 7 71027 57  0  2  0  2  3  3  4 12  30.10---074.60
2103122558262323332017273327203  9  9 18  7  6 12 18 12 110.73---074.70
2103132558273043272717273733240 15 32 12 12  6 12 22 18 160.94---075.00
2103142559 13750433020333340287 22 48 32 15  7 18 18 27 231.15---074.20
2103152559 227231317102313 7133 12  9  5  6  4  9  5  3  70.31---073.10
2103162559 3 710 0 0 7 7 7 3 40  3  4  0  0  3  3  3  2  20.00---072.90
2103172559 420 7 3 0132710 3 83  7  3  2  0  5 12  4  2  40.21---072.10
2103182559 520171310 7 3 317 90  7  6  5  4  3  2  2  6  40.21---072.50
2103192559 623201010 3 71317103  9  7  4  4  2  3  5  6  50.21---072.50
2103202559 72330574733373737300  9 15 67 39 18 22 22 22 271.26---074.10
2103212559 84033171337474737270 27 18  6  5 22 39 39 22 221.15---074.60
2103222559 92723171313131713137 12  9  6  5  5  5  6  5  70.31---076.00
2103232559103033231320231727187 15 18  9  5  7  9  6 12 100.63---076.40
2103242559113027231713 72033170 15 12  9  6  5  3  7 18  90.52---075.30
210325255912504033173010 730217 48 27 18  6 15  4  3 15 170.94---074.80
2103262559133330302313171317177 18 15 15  9  5  6  5  6 100.63---074.70
210327255914 0 3 3 7 3 73040 93  0  2  2  3  2  3 15 27  70.31---074.70
21032825591533 710 3 7 31013 87 18  3  4  2  3  2  4  5  50.21---073.60
210329255916 717 7 3 3 3 310 53  3  6  3  2  2  2  2  4  30.10---073.20
210330255917 0 7 3 0 7 31720 57  0  3  2  0  3  2  6  7  30.10---074.50
2103312559182723201713231730170 12  9  7  6  5  9  6 15  90.52---072.40
21040125591930272310 3102013137 15 12  9  4  2  4  7  5  70.42---072.70
21040225592013 7 0 7103023 7 97  5  3  0  3  4 15  9  3  50.21---071.40
2104032559211013 71010 310 7 70  4  5  3  4  4  2  4  3  40.10---072.20
21040425592210 0 7 310 7 3 7 47  4  0  3  2  4  3  2  3  30.00---072.00
210405255923 7 3 3172310 7 3 73  3  2  2  6  9  4  3  2  40.10---071.80
210406255924 0 0 0 3 7 310 7 30  0  0  0  2  3  2  4  3  20.00---071.30
2104072559252023273737433010227  7  9 12 22 22 32 15  4 150.94---070.70
21040825592610 7 01010 71710 70  4  3  0  4  4  3  6  4  40.10---070.50
210409255927 320 0 7 310 0 3 47  2  7  0  3  2  4  0  2  20.00---070.80
2104102560 1 7 3 3 71020 717 73  3  2  2  3  4  7  3  6  40.10---070.80
2104112560 2202317 7 7 72017117  7  9  6  3  3  3  7  6  60.21---072.20
2104122560 310 3 717132010 7 87  4  2  3  6  5  7  4  3  40.10---074.50
2104132560 4 310 71313201317 97  2  4  3  5  5  7  5  6  50.21---073.60
2104142560 5 710 01710172030110  3  4  0  6  4  6  7 15  60.31---074.30
2104152560 6303347102320 713183 15 18 39  4  9  7  3  5 120.73---076.00
2104162560 72023272333305043250  7  9 12  9 18 15 48 32 191.05---075.20
2104172560 84347473743373037320 32 39 39 22 32 22 15 22 281.26---075.90
2104182560 93733333727233033253 22 18 18 22 12  9 15 18 170.94---076.40
2104192560103337303330273333257 18 22 15 18 15 12 18 18 170.94---081.10
2104202560112730203017233330210 12 15  7 15  6  9 18 15 120.73---083.70
2104212560122023231717 7 710123  7  9  9  6  6  3  3  4  60.31---077.70
2104222560131313131313 0 320 90  5  5  5  5  5  0  2  7  40.10---078.60
2104232560142727202010302743203 12 12  7  7  4 15 12 32 130.73---076.10
2104242560152727172013101327153 12 12  6  7  5  4  5 12  80.42---077.70
2104252560165040272727173320240 48 27 12 12 12  6 18  7 181.05---078.70
2104262560174340301017 7 717170 32 27 15  4  6  3  3  6 120.73---079.20
210427256018273013131010 3 3110 12 15  5  5  4  4  2  2  60.31---079.40
21042825601910 0 0 3 3 7 3 7 33  4  0  0  2  2  3  2  3  20.00---077.90
21042925602010131010131013 3 83  4  5  4  4  5  4  5  2  40.10---078.00
210430256021 310 010 3272317 93  2  4  0  4  2 12  9  6  50.21---074.00
21050125602213 0102013131013 93  5  0  4  7  5  5  4  5  40.21---072.70
21050225602330273013 7201317157 15 12 15  5  3  7  5  6  80.52---073.10
210503256024201020171010 3 7 97  7  4  7  6  4  4  2  3  50.21---072.40
21050425602513 3 710 3 713 7 63  5  2  3  4  2  3  5  3  30.10---071.80
210505256026 3 3 0 3 0 0 3 7 20  2  2  0  2  0  0  2  3  10.00---070.70
21050625602710 7 3 71310 3 0 53  4  3  2  3  5  4  2  0  30.10---072.10
2105072561 1 0 3 0 3 7101010 43  0  2  0  2  3  4  4  4  20.00---075.90
2105082561 2 7 3 71313 3 3 0 50  3  2  3  5  5  2  2  0  30.00---077.40
2105092561 3 0 3 3 3 713 313 47  0  2  2  2  3  5  2  5  30.00---077.70
2105102561 41020132020132013130  4  7  5  7  7  5  7  5  60.31---078.00
2105112561 51710 3 3 3 0 3 3 43  6  4  2  2  2  0  2  2  20.00---077.60
2105122561 61010404370672030290  4  4 27 32132111  7 15 421.57---076.30
2105132561 72017171320101320130  7  6  6  5  7  4  5  7  60.31---076.30
2105142561 8 3 7 7 0 3101320 63  2  3  3  0  2  4  5  7  30.10---072.40
2105152561 9331323171310 710127 18  5  9  6  5  4  3  4  70.31---074.90
210516256110 7 0 71313 717 7 70  3  0  3  5  5  3  6  3  40.10---074.90
210517256111 710131010202020110  3  4  5  4  4  7  7  7  50.21---076.50
210518256112273727231710 7 3150 12 22 12  9  6  4  3  2  90.52---078.20
21051925611317 713 710 71323 97  6  3  5  3  4  3  5  9  50.21---077.70
2105202561142720234353404033280 12  7  9 32 56 27 27 18 241.15---074.00
21052125611523172017101010 7113  9  6  7  6  4  4  4  3  50.21---075.50
21052225611613 71010101020 7 87  5  3  4  4  4  4  7  3  40.10---077.50
210523256117 310 710 7 3 713 60  2  4  3  4  3  2  3  5  30.10---081.00
21052425611813 3 0 7 3 3 3 0 33  5  2  0  3  2  2  2  0  20.00---074.50
210525256119 3 3 0 3 710 313 43  2  2  0  2  3  4  2  5  20.00---085.70
210526256120 710101027304730170  3  4  4  4 12 15 39 15 120.73---090.30
2105272561214330403020232010217 32 15 27 15  7  9  7  4 140.84---085.10
210528256122 3 7 0 3 7 3 3 0 27  2  3  0  2  3  2  2  0  20.00---079.50
210529256123 0 3 72320102317103  0  2  3  9  7  4  9  6  50.21---078.10
21053025612410 71013 7101723 97  4  3  4  5  3  4  6  9  50.21---076.50
210531256125 7 7 7 0 3 7 3 0 33  3  3  3  0  2  3  2  0  20.00---076.50
21060125612610 3 0 0 0 0 0 0 13  4  2  0  0  0  0  0  0  10.00---077.30
210602256127 0 3 3 327201313 83  0  2  2  2 12  7  5  5  40.21---078.50
2106032562 1171723171313 7 0107  6  6  9  6  5  5  3  0  50.21---077.70
2106042562 21010 31013101310 80  4  4  2  4  5  4  5  4  40.10---079.40
2106052562 3 3 7 3 313 31320 67  2  3  2  2  5  2  5  7  40.10---076.60
2106062562 42010 7 3 0 31013 67  7  4  3  2  0  2  4  5  30.10---079.70
2106072562 5 713232027333037190  3  5  9  7 12 18 15 22 110.73---083.20
2106082562 6202017 7 7 710 7 93  7  7  6  3  3  3  4  3  40.21---082.30
2106092562 7131310 3 3 3 7 0 53  5  5  4  2  2  2  3  0  30.10---081.00
2106102562 810 3 3 310201317 80  4  2  2  2  4  7  5  6  40.10---075.60
2106112562 92327201723171323163  9 12  7  6  9  6  5  9  80.42---079.70
2106122562103037132023201313170 15 22  5  7  9  7  5  5  90.52---080.00
2106132562113027 3 7 310 3 0 83 15 12  2  3  2  4  2  0  50.21---071.10
210614256212 7 3 710 7 31317 67  3  2  3  4  3  2  5  6  40.10---079.30
2106152562131713171733375037220  6  5  6  6 18 22 48 22 170.94---077.90
2106162562144030232320272330217 27 15  9  9  7 12  9 15 130.73---079.40
210617256215132320 7131710 7110  5  9  7  3  5  6  4  3  50.21---079.90
2106182562162017171723101313130  7  6  6  6  9  4  5  5  60.31---079.50
210619256217131010 7 3 7 3 7 60  5  4  4  3  2  3  2  3  30.10---079.60
210620256218 710 3 3 3 31027 67  3  4  2  2  2  2  4 12  40.10---078.90
210621256219 7 3 0 710101310 60  3  2  0  3  4  4  5  4  30.10---081.70
210622256220132313132010 713113  5  9  5  5  7  4  3  5  50.21---083.40
2106232562212310 7 7 7 3 3 0 60  9  4  3  3  3  2  2  0  30.10---082.30
210624256222 3 710 310101723 83  2  3  4  2  4  4  6  9  40.10---083.30
210625256223301713131310 7 3107 15  6  5  5  5  4  3  2  60.31---086.10
210626256224 3 3 7131310 3 3 57  2  2  3  5  5  4  2  2  30.10---085.10
210627256225 3 310 31010 7 7 53  2  2  4  2  4  4  3  3  30.10---089.90
21062825622610 3 3 3 710 7 7 50  4  2  2  2  3  4  3  3  30.10---091.60
21062925622710 3 7 7172023 3 90  4  2  3  3  6  7  9  2  40.21---095.60
2106302563 1 320273013303740200  2  7 12 15  5 15 22 27 130.84---097.30
2107012563 2302310 7 3 7 7 7 93 15  9  4  3  2  3  3  3  50.21---097.20
2107022563 3 713131010171010 90  3  5  5  4  4  6  4  4  40.21---098.10
2107032563 420 713 710 7 3 0 67  7  3  5  3  4  3  2  0  30.10---096.80
2107042563 5 313 7 3 3 7 3 3 43  2  5  3  2  2  3  2  2  30.00---094.10
2107052563 62013102020132720143  7  5  4  7  7  5 12  7  70.31---092.40
2107062563 720132310271317 7130  7  5  9  4 12  5  6  3  60.31---086.00
2107072563 810131710 7101320100  4  5  6  4  3  4  5  7  50.21---078.60
2107082563 9131017 3 7 710 3 70  5  4  6  2  3  3  4  2  40.10---075.90
21070925631017131010 3 7 713 80  6  5  4  4  2  3  3  5  40.10---076.20
2107102563112723 7 3 3131320110 12  9  3  2  2  5  5  7  60.31---076.50
210711256312 3 0 3 310131310 57  2  0  2  2  4  5  5  4  30.10---076.00
21071225631310 3 7 723272323123  4  2  3  3  9 12  9  9  60.31---074.00
2107132563142310 3 7 7 71013 80  9  4  2  3  3  3  4  5  40.10---074.30
210714256315 0 7102337434030190  0  3  4  9 22 32 27 15 140.84---074.50
2107152563161720172323232723173  6  7  6  9  9  9 12  9  80.52---075.90
21071625631717 3 3 3 71017 7 67  6  2  2  2  3  4  6  3  40.10---077.50
21071725631810 7 3 3101710 3 63  4  3  2  2  4  6  4  2  30.10---080.00
210718256319 3 3 3101310 320 67  2  2  2  4  5  4  2  7  40.10---083.00
210719256320172027 317172317140  6  7 12  2  6  6  9  6  70.31---085.30
2107202563212313301713233327180  9  5 15  6  5  9 18 12 100.63---089.80
210721256322202010132023 7 0113  7  7  4  5  7  9  3  0  50.21---096.50
210722256323131733303010 7 3143  5  6 18 15 15  4  3  2  80.52---091.80
210723256324 0 3 7 7 7 7 313 47  0  2  3  3  3  3  2  5  30.00---090.20
210724256325 310 7 7 3 7 313 53  2  4  3  3  2  3  2  5  30.10---086.50
210725256326 3 7 3 3 3 3 310 37  2  3  2  2  2  2  2  4  20.00---084.20
210726256327 710 7 3 7 31010 57  3  4  3  2  3  2  4  4  30.10---083.40
2107272564 1 0 31013 7101027 80  0  2  4  5  3  4  4 12  40.10---082.10
2107282564 23730272320273710210 22 15 12  9  7 12 22  4 130.73---081.20
2107292564 32030231713131323153  7 15  9  6  5  5  5  9  80.42---078.10
2107302564 4 313171723171717123  2  5  6  6  9  6  6  6  60.31---077.80
2107312564 51713231313101710117  6  5  9  5  5  4  6  4  60.21---078.20
2108012564 610 3 0 7101013 7 60  4  2  0  3  4  4  5  3  30.10---077.20
2108022564 710 3 31727404740187  4  2  2  6 12 27 39 27 150.84---076.80
2108032564 8372323202310 713157 22  9  9  7  9  4  3  5  80.52---078.10
2108042564 920131313 713 3 0 83  7  5  5  5  3  5  2  0  40.10---072.80
210805256410 0 0 0 3 310 7 0 23  0  0  0  2  2  4  3  0  10.00---076.50
210806256411 720101013232027130  3  7  4  4  5  9  7 12  60.31---076.50
2108072564122727232327272313190 12 12  9  9 12 12  9  5 100.63---075.80
21080825641323 7 3 310101013 80  9  3  2  2  4  4  4  5  40.10---075.50
21080925641413 71710 7 310 3 70  5  3  6  4  3  2  4  2  40.10---075.00
2108102564151720101320131023127  6  7  4  5  7  5  4  9  60.31---075.30
2108112564162317201313 3 3 3 97  9  6  7  5  5  2  2  2  50.21---075.80
210812256417 0 3 7 310101717 67  0  2  3  2  4  4  6  6  30.10---075.60
210813256418131023171013 3 7 97  5  4  9  6  4  5  2  3  50.21---074.80
210814256419 7 710 7 313 7 3 57  3  3  4  3  2  5  3  2  30.10---074.50
2108152564202320331313171727163  9  7 18  5  5  6  6 12  80.52---076.50
210816256421302313102017 720140 15  9  5  4  7  6  3  7  70.42---076.30
2108172564221010 7231313 017 93  4  4  3  9  5  5  0  6  40.21---075.00
21081825642327201013131013 3110 12  7  4  5  5  4  5  2  60.21---077.10
210819256424 0 3 31313131310 70  0  2  2  5  5  5  5  4  40.10---076.70
210820256425 0 72317232713 3113  0  3  9  6  9 12  5  2  60.31---079.50
210821256426 3 3101313 7 7 3 60  2  2  4  5  5  3  3  2  30.10---078.90
210822256427 7 3 7 3 7 7 3 0 37  3  2  3  2  3  3  2  0  20.00---078.80
2108232565 1 3 3 3 3 3 0 310 30  2  2  2  2  2  0  2  4  20.00---079.80
2108242565 2 3 3 710 3 72023 77  2  2  3  4  2  3  7  9  40.10---082.60
2108252565 323303313131710 3143  9 15 18  5  5  6  4  2  80.42---085.40
2108262565 42017101710 71010100  7  6  4  6  4  3  4  4  50.21---090.50
2108272565 530 7204040404340260 15  3  7 27 27 27 32 27 211.15---091.30
2108282565 650303323132713 3193 48 15 18  9  5 12  5  2 140.84---091.70
2108292565 72013 7 7 7203727137  7  5  3  3  3  7 22 12  80.42---090.50
2108302565 81327231317 71023133  5 12  9  5  6  3  4  9  70.31---092.40
2108312565 9272317101310 313117 12  9  6  4  5  4  2  5  60.31---086.00
2109012565101713101710 7 313 90  6  5  4  6  4  3  2  5  40.21---085.70
210902256511 7 7 31313 713 0 63  3  3  2  5  5  3  5  0  30.10---087.30
2109032565121013132323171323137  4  5  5  9  9  6  5  9  60.31---085.30
21090425651317 71017 7 7 720 90  6  3  4  6  3  3  3  7  40.21---088.00
210905256514202313102017 310117  7  9  5  4  7  6  2  4  60.21---094.90
2109062565152027 310 7171320117  7 12  2  4  3  6  5  7  60.31---101.10
210907256516 7 7102017202737143  3  3  4  7  6  7 12 22  80.42---102.80
2109082565174017304030232310213 27  6 15 27 15  9  9  4 140.84---101.90
210909256518 7171010 7 71017 83  3  6  4  4  3  3  4  6  40.10---101.10
210910256519102017 7 7133033137  4  7  6  3  3  5 15 18  80.42---097.60
21091125652033 3171310101717120 18  2  6  5  4  4  6  6  60.31---093.00
2109122565211010132013171317113  4  4  5  7  5  6  5  6  50.21---088.80
21091325652210 3301727231727153  4  2 15  6 12  9  6 12  80.42---084.30
21091425652320 31017231317 7110  7  2  4  6  9  5  6  3  50.21---079.00
21091525652417201313 7 7 720103  6  7  5  5  3  3  3  7  50.21---076.10
210916256525 713 3 3 3 7 710 53  3  5  2  2  2  3  3  4  30.10---074.00
2109172565262030 73330375053260  7 15  3 18 15 22 48 56 231.15---074.10
2109182565272733302317 3 3 7143 12 18 15  9  6  2  2  3  80.52---074.40
2109192566 1 7 0 0 313 0 3 0 27  3  0  0  2  5  0  2  0  20.00---075.70
2109202566 213 3 010 3 3 310 47  5  2  0  4  2  2  2  4  30.00---080.70
2109212566 323 0 3 3 7272330117  9  0  2  2  3 12  9 15  60.31---085.50
2109222566 43727402713 71320183 22 12 27 12  5  3  5  7 120.73---089.20
2109232566 523273717201713 3157  9 12 22  6  7  6  5  2  90.52---090.20
2109242566 620201710103317 7133  7  7  6  4  4 18  6  3  70.31---088.90
2109252566 72023171710 71020123  7  9  6  6  4  3  4  7  60.31---088.90
2109262566 8 3 3 0 0 0 0 3 7 17  2  2  0  0  0  0  2  3  10.00---086.70
2109272566 923231010 7171323127  9  9  4  4  3  6  5  9  60.31---085.60
2109282566101320232320203027177  5  7  9  9  7  7 15 12  90.52---089.30
210929256611 3 0 71320101713 83  2  0  3  5  7  4  6  5  40.10---102.00
21093025661213 0 0 710274023120  5  0  0  3  4 12 27  9  80.42---094.80
21100125661330233733332317 0197 15  9 22 18 18  9  6  0 120.73---090.70
211002256614 0 0 740302310 0110  0  0  3 27 15  9  4  0  70.42---087.10
211003256615 020101717131020107  0  7  4  6  6  5  4  7  50.21---086.10
2110042566162713 7 7 3 7 317 83 12  5  3  3  2  3  2  6  40.21---083.50
2110052566172327 3 3 7 3 310 80  9 12  2  2  3  2  2  4  40.21---081.70
21100625661820171320233027 7157  7  6  5  7  9 15 12  3  80.42---084.70
211007256619 7 3 3 71013 7 0 50  3  2  2  3  4  5  3  0  30.00---085.60
2110082566202013 7 3 3 010 3 60  7  5  3  2  2  0  4  2  30.10---092.20
2110092566211313 71017 7 7 7 80  5  5  3  4  6  3  3  3  40.10---080.80
211010256622 317101327232347163  2  6  4  5 12  9  9 39 110.63---084.20
2110112566233333272027133337223 18 18 12  7 12  5 18 22 140.84---088.20
2110122566245060476347433333377 48 80 39 94 39 32 18 18 461.57---083.10
2110132566253320 7 0 3 7 7 7 83 18  7  3  0  2  3  3  3  50.21---083.10
2110142566262020102013132320140  7  7  4  7  5  5  9  7  60.31---083.60
21101525662717171313 0 0 323 87  6  6  5  5  0  0  2  9  40.10---081.20
2110162567 13020 713 01310 3 97 15  7  3  5  0  5  4  2  50.21---079.80
2110172567 2 310102320234037167  2  4  4  9  7  9 27 22 100.63---077.10
2110182567 3332717 720172027167 18 12  6  3  7  6  7 12  90.52---076.20
2110192567 42330171020404013193  9 15  6  4  7 27 27  5 120.73---078.20
2110202567 51023 7 717131320110  4  9  3  3  6  5  5  7  50.21---077.20
2110212567 617171310 7171020110  6  6  5  4  3  6  4  7  50.21---081.60
2110222567 7 7 0 3 317 3 713 53  3  0  2  2  6  2  3  5  30.10---084.80
2110232567 817 0 3 3 3 310 3 43  6  0  2  2  2  2  4  2  20.00---089.10
2110242567 9 7 7 3 7101710 7 67  3  3  2  3  4  6  4  3  40.10---092.80
211025256710 713 7 3102310 7 80  3  5  3  2  4  9  4  3  40.10---100.60
2110262567111317 7 7 7 7 323 83  5  6  3  3  3  3  2  9  40.10---109.40
211027256712 7 0 0 310 3 7 3 33  3  0  0  2  4  2  3  2  20.00---110.80
211028256713 0 0 0 0 013 3 0 17  0  0  0  0  0  5  2  0  10.00---111.30
211029256714 0 0 0 0 0 7 313 23  0  0  0  0  0  3  2  5  10.00---106.50
211030256715202723 7 7171737153  7 12  9  3  3  6  6 22  80.52---108.90
2110312567162323 33040233040213  9  9  2 15 27  9 15 27 140.84---100.20
21110125671723271017 7 72733150  9 12  4  6  3  3 12 18  80.52---096.10
2111022567183347273733232720247 18 39 12 22 18  9 12  7 170.94---094.50
211103256719271013 710 74063177 12  4  5  3  4  3 27 94 191.05---090.90
2111042567206357707757371720397 94 67132179 67 22  6  7 721.87---090.80
211105256721133317 723373027187  5 18  6  3  9 22 15 12 110.63---089.60
2111062567224030303317373030247 27 15 15 18  6 22 15 15 170.94---085.40
2111072567234010 3 3 3 3 3 0 67 27  4  2  2  2  2  2  0  50.21---088.20
211108256724 0 0 0 713102030 80  0  0  0  3  5  4  7 15  40.10---089.10
211109256725171317 7 7 72327117  6  5  6  3  3  3  9 12  60.31---089.60
2111102567263013231310 713 3113 15  5  9  5  4  3  5  2  60.31---081.40
211111256727 3 0 7132013 7 3 67  2  0  3  5  7  5  3  2  30.10---082.50
2111122568 11017 7 0 0 3 0 7 43  4  6  3  0  0  2  0  3  20.00---082.30
2111132568 2 0 3 0 3 0 3 3 7 20  0  2  0  2  0  2  2  3  10.00---081.90
2111142568 310 7 0 3 7 7 310 47  4  3  0  2  3  3  2  4  30.00---077.40
2111152568 4 0 0 3 310174040113  0  0  2  2  4  6 27 27  80.52---079.10
2111162568 53340272320231720203 18 27 12  9  7  9  6  7 120.73---079.00
2111172568 63323333017202027203 18  9 18 15  6  7  7 12 120.73---078.50
2111182568 720231310 310 310 93  7  9  5  4  2  4  2  4  50.21---077.10
2111192568 813 3 7 717171313 90  5  2  3  3  6  6  5  5  40.21---077.00
2111202568 92310132023332327173  9  4  5  7  9 18  9 12  90.52---079.70
2111212568103027202727332327213 15 12  7 12 12 18  9 12 120.73---077.90
2111222568113030 31010202323150 15 15  2  4  4  7  9  9  80.42---077.50
2111232568121723133017272023170  6  9  5 15  6 12  7  9  90.52---078.90
21112425681317171310 7 7 310 83  6  6  5  4  3  3  2  4  40.10---084.40
21112525681413231010 7 7 7 7 83  5  9  4  4  3  3  3  3  40.10---082.70
211126256815 3 7 7 3 313 0 3 40  2  3  3  2  2  5  0  2  20.00---091.10
211127256816 0 3 3 3 7 7 730 60  0  2  2  2  3  3  3 15  40.10---090.00
21112825681730301713 7101733157 15 15  6  5  3  4  6 18  90.52---091.00
2111292568183733 7 7 7 72010127 22 18  3  3  3  3  7  4  80.42---089.80
211130256819 3 0 7 3 3102053100  2  0  3  2  2  4  7 56 100.52---087.50
2112012568204037272330333037257 27 22 12  9 15 18 15 22 181.05---084.00
2112022568212317301317272720173  9  6 15  5  6 12 12  7  90.52---084.20
211203256822 7 7 32023303320143  3  3  2  7  9 15 18  7  80.42---082.90
211204256823302323 7 71020 7127 15  9  9  3  3  4  7  3  70.31---085.60
2112052568241320 31013302723140  5  7  2  4  5 15 12  9  70.42---080.30
21120625682520 7171317271717133  7  3  6  5  6 12  6  6  60.31---077.60
2112072568262313 3 0 313 7 3 67  9  5  2  0  2  5  3  2  40.10---076.60
21120825682710 71713 3 7 310 70  4  3  6  5  2  3  2  4  40.10---074.60
2112092569 1 7 7 0 0 3 7 0 0 23  3  3  0  0  2  3  0  0  10.00---074.40
2112102569 2 0 3 3 3 310 717 47  0  2  2  2  2  4  3  6  30.00---073.40
2112112569 3203310 0 0 0 3 3 70  7 18  4  0  0  0  2  2  40.10---073.90
2112122569 41013 0 0 01013 3 50  4  5  0  0  0  4  5  2  20.00---077.40
2112132569 5 3272017 0 0 3 3 73  2 12  7  6  0  0  2  2  40.10---078.20
2112142569 6131313 7 7131010 87  5  5  5  3  3  5  4  4  40.10---086.20
2112152569 71020202723331717167  4  7  7 12  9 18  6  6  90.52---099.30
2112162569 81723302010131720150  6  9 15  7  4  5  6  7  70.42---114.20
2112172569 91710 7 3 3 3 0 3 47  6  4  3  2  2  2  0  2  30.00---117.00
211218256910 3 0 3 3101017 7 53  2  0  2  2  4  4  6  3  30.10---117.40
211219256911 3 0 0 720374050157  2  0  0  3  7 22 27 48 140.84---111.60
2112202569123730233323302027223 22 15  9 18  9 15  7 12 130.84---118.80
211221256913371717 723232710160 22  6  6  3  9  9 12  4  90.52---132.20
2112222569142023202030203023187  7  9  7  7 15  7 15  9 100.52---135.80
21122325691523 0 3 7 7 31310 67  9  0  2  3  3  2  5  4  40.10---125.60
211224256916 7 7 71310101723 93  3  3  3  5  4  4  6  9  50.21---122.10
21122525691713102017272017 7130  5  4  7  6 12  7  6  3  60.31---126.50
211226256918 7 3 010 3 317 7 50  3  2  0  4  2  2  6  3  30.00---121.20
21122725691917132323402720 7170  6  5  9  9 27 12  7  3 100.52---119.90
211228256920232727171723 7 3143  9 12 12  6  6  9  3  2  70.42---116.50
2112292569211020 71013201323117  4  7  3  4  5  7  5  9  60.21---107.80
21123025692230231723231313 3147 15  9  6  9  9  5  5  2  80.42---099.00
211231256923 0 310 31320 710 67  0  2  4  2  5  7  3  4  30.10---098.20
