2201012569242340231717303013193  9 27  9  6  6 15 15  5 120.73---090.80
2201022569253017131310232333163 15  6  5  5  4  9  9 18  90.52---086.00
2201032569262040333020131720193  7 27 18 15  7  5  6  7 120.73---081.30
2201042569272330 713 7 0 3 3 87  9 15  3  5  3  0  2  2  50.21---082.70
2201052570 1 723 0 0 713 0 0 50  3  9  0  0  3  5  0  0  20.00---081.00
2201062570 2 0 0 0 0 0 0 3 0  3  0  0  0  0  0  0  2  0  00.00---090.60
2201072570 3 0 0 0 0 0 0 0 0  0  0  0  0  0  0  0  0  0  00.00---103.80
2201082570 4 0 010 710135047137  0  0  4  3  4  5 48 39 130.73---099.10
2201092570 5302320 720132027160 15  9  7  3  7  5  7 12  80.42---098.70
2201102570 62320 3 310202317120  9  7  2  2  4  7  9  6  60.31---098.80
2201112570 7 713 7101320 7 0 77  3  5  3  4  5  7  3  0  40.10---096.70
2201122570 8 310 0 0 7101310 53  2  4  0  0  3  4  5  4  30.00---099.80
2201132570 910 0 0 3 3 31010 40  4  0  0  2  2  2  4  4  20.00---102.10
220114257010 0 0 31020274057157  0  0  2  4  7 12 27 67 150.84---106.60
2201152570114337231727304047263 32 22  9  6 12 15 27 39 201.05---111.80
2201162570123733232723274330243 22 18  9 12  9 12 32 15 160.94---115.60
22011725701330 7102023272723167 15  3  4  7  9 12 12  9  90.52---109.90
2201182570145033302023302730243 48 18 15  7  9 15 12 15 170.94---108.00
2201192570155350333030202030267 56 48 18 15 15  7  7 15 231.15---101.90
22012025701633 3 7 3 3 7 3 3 63 18  2  3  2  2  3  2  2  40.10---096.10
220121257017 3 0 71027272333130  2  0  3  4 12 12  9 18  80.42---094.30
2201222570182330201023231730177  9 15  7  4  9  9  6 15  90.52---092.20
220123257019273020201313 0 3127 12 15  7  7  5  5  0  2  70.31---090.60
220124257020 3 0 7 313 71020 63  2  0  3  2  5  3  4  7  30.10---092.20
2201252570212327302727332733227  9 12 15 12 12 18 12 18 140.84---097.80
2201262570221723232717272330187  6  9  9 12  6 12  9 15 100.52---098.70
220127257023 7 7 71020133027120  3  3  3  4  7  5 15 12  60.31---103.90
2201282570241317171310 71737130  5  6  6  5  4  3  6 22  70.42---110.00
2201292570254040303037 7 710200 27 27 15 15 22  3  3  4 140.84---121.60
2201302570262327302027171730190  9 12 15  7 12  6  6 15 100.63---125.80
2201312570272727173017231320173 12 12  6 15  6  9  5  7  90.52---125.70
2202012571 11717 7 713 7 333103  6  6  3  3  5  3  2 18  60.31---124.90
2202022571 24027 7 317371713160 27 12  3  2  6 22  6  5 100.63---124.50
2202032571 32043505340303027293  7 32 48 56 27 15 15 12 261.26---122.90
2202042571 44040373740535040337 27 27 22 22 27 56 48 27 321.36---126.00
2202052571 52730202330272717200 12 15  7  9 15 12 12  6 110.63---122.40
2202062571 63730273030172727223 22 15 12 15 15  6 12 12 140.84---120.20
2202072571 72313101710231320130  9  5  4  6  4  9  5  7  60.31---123.70
2202082571 813 3 7 710132010 83  5  2  3  3  4  5  7  4  40.10---119.80
2202092571 9 3 0 0 3 3 0 020 30  2  0  0  2  2  0  0  7  20.00---122.50
2202102571102727202027475043260 12 12  7  7 12 39 48 32 211.15---114.90
2202112571114030204013274340253 27 15  7 27  5 12 32 27 191.05---110.20
2202122571123330231727273330220 18 15  9  6 12 12 18 15 130.84---107.70
2202132571133730232730332330233 22 15  9 12 15 18  9 15 140.84---102.80
22021425711427172317132013 7137 12  6  9  6  5  7  5  3  70.31---103.90
2202152571152020 7 7 7 7 3 3 73  7  7  3  3  3  3  2  2  40.10---111.50
2202162571161020171323273027167  4  7  6  5  9 12 15 12  90.52---100.40
2202172571172313101010 01013 90  9  5  4  4  4  0  4  5  40.21---094.40
220218257118 0 0131317172720107  0  0  5  5  6  6 12  7  50.21---091.10
2202192571192327131320271323160  9 12  5  5  7 12  5  9  80.42---093.50
22022025712047332317 7203017193 39 18  9  6  3  7 15  6 130.73---091.20
220221257121 7 7202340273027180  3  3  7  9 27 12 15 12 110.63---095.60
2202222571223043473320 32017213 15 32 39 18  7  2  7  6 160.94---093.30
220223257123 7 3201720201723127  3  2  7  6  7  7  6  9  60.31---093.50
220224257124273023 3 0 3 013100 12 15  9  2  0  2  0  5  60.31---090.50
2202252571252023303323 3 010143  7  9 15 18  9  2  0  4  80.42---094.20
220226257126 0 0 7 3 0 0 0 0 10  0  0  3  2  0  0  0  0  10.00---094.70
220227257127 717373330302013187  3  6 22 18 15 15  7  5 110.73---095.10
2202282572 11723132020172013143  6  9  5  7  7  6  7  5  60.31---097.10
2203012572 22020232023172317163  7  7  9  7  9  6  9  6  80.42---097.50
2203022572 3 7 7 717 7 7 310 63  3  3  3  6  3  3  2  4  30.10---107.60
2203032572 4 3 7 3 310132023 83  2  3  2  2  4  5  7  9  40.10---109.00
2203042572 53327201713202333187 18 12  7  6  5  7  9 18 100.63---111.20
2203052572 63317173747404753290 18  6  6 22 39 27 39 56 271.26---118.20
2203062572 74730473033101723237 39 15 39 15 18  4  6  9 181.05---113.90
2203072572 82323 71330232013153  9  9  3  5 15  9  7  5  80.42---116.50
2203082572 92723 3 7 7 01320100 12  9  2  3  3  0  5  7  50.21---113.60
22030925721027 7 71010 7 317 87 12  3  3  4  4  3  2  6  50.21---113.10
22031025721117 7131313233723147  6  3  5  5  5  9 22  9  80.42---125.40
2203112572124033402330303043270 27 18 27  9 15 15 15 32 201.05---124.90
2203122572134743231010 31013160 39 32  9  4  4  2  4  5 120.73---123.10
22031325721413 7 34057535763293  5  3  2 27 67 56 67 94 401.57---121.40
220314257215572717171720 710170 67 12  6  6  6  7  3  4 140.84---113.60
2203152572161013 7 317201330113  4  5  3  2  6  7  5 15  60.31---109.20
220316257217 7 0 71320202320110  3  0  3  5  7  7  9  7  50.21---105.50
22031725721820201717 7 7 3 7 97  7  7  6  6  3  3  2  3  50.21---101.80
22031825721920 0 0 0 7 7 7 3 43  7  0  0  0  3  3  3  2  20.00---096.80
220319257220 7 32017 3 71320 90  3  2  7  6  2  3  5  7  40.21---093.50
22032025722130332010 710 727143 15 18  7  4  3  4  3 12  80.42---094.10
22032125722220 0 3 3 7 7 710 57  7  0  2  2  3  3  3  4  30.10---097.00
220322257223202713 317173323153  7 12  5  2  6  6 18  9  80.42---105.20
22032325722420101713172017 7120  7  4  6  5  6  7  6  3  60.21---104.90
2203242572253327132333231017180 18 12  5  9 18  9  4  6 100.63---110.90
22032525722630271320201717 7150 15 12  5  7  7  6  6  3  80.42---111.80
22032625722720 3 713 3203020117  7  2  3  5  2  7 15  7  60.31---118.10
2203272573 11720203327404033230  6  7  7 18 12 27 27 18 150.94---129.70
2203282573 24037131010 7 710133 27 22  5  4  4  3  3  4  90.52---155.40
2203292573 31020171317272323150  4  7  6  5  6 12  9  9  70.42---148.70
2203302573 4 0 7 717 3202033107  0  3  3  6  2  7  7 18  60.31---151.00
2203312573 54747373747432323303 39 39 22 22 39 32  9  9 261.26---148.40
2204012573 63030273340272323233 15 15 12 18 27 12  9  9 150.84---146.40
2204022573 73747401723274327260 22 39 27  6  9 12 32 12 201.05---143.20
2204032573 8301310 317272320143 15  5  4  2  6 12  9  7  80.42---140.20
2204042573 937372720172023 3183 22 22 12  7  6  7  9  2 110.63---128.00
2204052573101320201713131310120  5  7  7  6  5  5  5  4  60.21---122.50
2204062573112710131310171013113 12  4  5  5  4  6  4  5  60.31---117.10
2204072573121337272720232027193  5 22 12 12  7  9  7 12 110.63---111.30
220408257313332317 710131720140 18  9  6  3  4  5  6  7  70.42---109.20
22040925731437373727333727 7240 22 22 22 12 18 22 12  3 170.94---107.50
2204102573152367533723202027270  9111 56 22  9  7  7 12 291.36---101.40
2204112573163737272317132010183 22 22 12  9  6  5  7  4 110.63---099.20
2204122573172010 02033373027177  7  4  0  7 18 22 15 12 110.63---096.70
2204132573183030331710 0 017137 15 15 18  6  4  0  0  6  80.42---099.20
2204142573193333404743605743357 18 18 27 39 32 80 67 32 391.46---104.00
2204152573205043304040372023283 48 32 15 27 27 22  7  9 231.15---111.00
2204162573211713131027231723143  6  5  5  4 12  9  6  9  70.42---123.30
2204172573222730201727301720187 12 15  7  6 12 15  6  7 100.63---135.90
2204182573231323232010233317163  5  9  9  7  4  9 18  6  80.52---141.60
220419257324302313132010 3 7120 15  9  5  5  7  4  2  3  60.31---161.50
22042025732530132013 3132033147 15  5  7  5  2  5  7 18  80.42---167.00
2204212573262727301727171713173 12 12 15  6 12  6  6  5  90.52---166.00
2204222573271323 71317202013127  5  9  3  5  6  7  7  5  60.31---164.20
2204232574 12017133330232733197  7  6  5 18 15  9 12 18 110.63---161.60
2204242574 2202020 7 71310 0 97  7  7  7  3  3  5  4  0  40.21---160.30
2204252574 3 0 31017101017 7 73  0  2  4  6  4  4  6  3  40.10---158.50
2204262574 4 0 0 7 31010 3 3 37  0  0  3  2  4  4  2  2  20.00---150.80
2204272574 51317131050433037213  5  6  5  4 48 32 15 22 170.94---143.40
2204282574 63733331720273030227 22 18 18  6  7 12 15 15 140.84---134.10
2204292574 73337202027232720207 18 22  7  7 12  9 12  7 120.73---125.30
2204302574 84340302320301720223 32 27 15  9  7 15  6  7 150.84---121.50
2205012574 93027231317131717157 15 12  9  5  6  5  6  6  80.42---110.60
2205022574102710 7 0 31317 7 83 12  4  3  0  2  5  6  3  40.21---113.70
2205032574111717171017101023120  6  6  6  4  6  4  4  9  60.31---115.60
2205042574121717201713 31020117  6  6  7  6  5  2  4  7  50.21---132.30
220505257413 31310 0 71310 7 63  2  5  4  0  3  5  4  3  30.10---122.00
220506257414 0 31710101310 3 67  0  2  6  4  4  5  4  2  30.10---121.30
220507257415 0 0 0 3 7 3 010 23  0  0  0  2  3  2  0  4  10.00---120.20
2205082574161710101320171017113  6  4  4  5  7  6  4  6  50.21---121.40
22050925741723302013131010 3123  9 15  7  5  5  4  4  2  60.31---119.30
220510257418 0 3 0 01313 310 43  0  2  0  0  5  5  2  4  20.00---118.10
2205112574191310 7 310202020103  5  4  3  2  4  7  7  7  50.21---135.60
220512257420202010 327272713147  7  7  4  2 12 12 12  5  80.42---135.70
22051325742120 7101317102327127  7  3  4  5  6  4  9 12  60.31---152.60
2205142574221710101010272320127  6  4  4  4  4 12  9  7  60.31---155.90
22051525742333332317202317 7173 18 18  9  6  7  9  6  3 100.52---156.90
22051625742413303027202020 7167  5 15 15 12  7  7  7  3  90.52---165.30
220517257425 727302733202320187  3 12 15 12 18  7  9  7 100.63---174.70
2205182574263017 313 7101020110 15  6  2  5  3  4  4  7  60.31---184.00
2205192574272327271320172023170  9 12 12  5  7  6  7  9  80.52---177.30
2205202575 11327172320372330190  5 12  6  9  7 22  9 15 110.63---169.50
2205212575 227272010303723 7180 12 12  7  4 15 22  9  3 100.63---170.80
2205222575 337303020231713 7177 22 15 15  7  9  6  5  3 100.63---168.80
2205232575 413102320 3 3 0 0 73  5  4  9  7  2  2  0  0  40.10---162.20
2205242575 5 713 01017 3 3 7 60  3  5  0  4  6  2  2  3  30.10---150.60
2205252575 617231717 3131317120  6  9  6  6  2  5  5  6  60.31---140.10
2205262575 7 713 710101010 7 73  3  5  3  4  4  4  4  3  40.10---126.00
2205272575 8 3 7132350433040210  2  3  5  9 48 32 15 27 181.05---116.70
2205282575 9505047302317 720243 48 48 39 15  9  6  3  7 221.15---104.50
2205292575103030332330373030243 15 15 18  9 15 22 15 15 160.94---101.10
2205302575113023171310172323157 15  9  6  5  4  6  9  9  80.42---103.40
2205312575123320171320202717167 18  7  6  5  7  7 12  6  80.52---100.70
22060125751320201313 710 310 97  7  7  5  5  3  4  2  4  50.21---107.10
220602257514 3 3 31013101317 73  2  2  2  4  5  4  5  6  40.10---103.80
22060325751510 710 7 7 7 713 67  4  3  4  3  3  3  3  5  40.10---103.60
220604257516 3 710 3 3 7 7 3 43  2  3  4  2  2  3  3  2  30.00---103.90
220605257517 3 7 710101017 7 70  2  3  3  4  4  4  6  3  40.10---101.60
2206062575181713133023202727170  6  5  5 15  9  7 12 12  90.52---099.30
2206072575192023132310131023137  7  9  5  9  4  5  4  9  60.31---101.30
22060825752020 0 717 3 32010 80  7  0  3  6  2  2  7  4  40.10---102.90
2206092575211313 71013101013 90  5  5  3  4  5  4  4  5  40.21---109.60
22061025752220 7 31317 7 3 3 73  7  3  2  5  6  3  2  2  40.10---113.90
2206112575232020301013171317140  7  7 15  4  5  6  5  6  70.31---115.60
2206122575241320172327302317170  5  7  6  9 12 15  9  6  90.52---125.10
2206132575253747231720272017207 22 39  9  6  7 12  7  6 140.84---135.60
2206142575261717171317172023140  6  6  6  5  6  6  7  9  60.31---150.10
2206152575271733373043401720237  6 18 22 15 32 27  6  7 170.94---144.50
2206162576 11323232330202037190  5  9  9  9 15  7  7 22 100.63---151.40
2206172576 23023233030233323217 15  9  9 15 15  9 18  9 120.73---153.70
2206182576 333271723 7173043197 18 12  6  9  3  6 15 32 130.73---144.70
2206192576 433301723232713 7173 18 15  6  9  9 12  5  3 100.52---148.20
2206202576 51310232333273313177  5  4  9  9 18 12 18  5 100.63---141.00
2206212576 61717102317171327140  6  6  4  9  6  6  5 12  70.31---143.20
2206222576 72017302023172723177  7  6 15  7  9  6 12  9  90.52---132.90
2206232576 82730202313173020180 12 15  7  9  5  6 15  7 100.52---125.50
2206242576 923 3 3 3 7133027110  9  2  2  2  3  5 15 12  60.31---119.20
2206252576102317201720274347213  9  6  7  6  7 12 32 39 150.84---111.70
2206262576114723174340304037277 39  9  6 32 27 15 27 22 221.15---105.40
220627257612404027 3 7 31317150 27 27 12  2  3  2  5  6 100.63---101.40
2206282576131323201313 31733137  5  9  7  5  5  2  6 18  70.42---099.30
2206292576141713171717 3 3 7 93  6  5  6  6  6  2  2  3  40.21---099.40
22063025761510 710 7 7 3 7 7 57  4  3  4  3  3  2  3  3  30.10---098.90
220701257616 7 3 3 7 7102733 97  3  2  2  3  3  4 12 18  60.31---101.30
220702257617404740232027 727230 27 39 27  9  7 12  3 12 170.94---103.60
22070325761823 0101320102330130  9  0  4  5  7  4  9 15  70.31---105.70
2207042576192740373030373730267 12 27 22 15 15 22 22 15 191.05---107.90
220705257620 3 3 7 3 310 7 7 43  2  2  3  2  2  4  3  3  30.00---113.10
220706257621 7 71713 713 7 0 70  3  3  6  5  3  5  3  0  40.10---118.40
220707257622 0 3202353404040220  0  2  7  9 56 27 27 27 191.05---125.30
2207082576235047302730202717247 48 39 15 12 15  7 12  6 191.05---133.90
2207092576241010 3 727201713107  4  4  2  3 12  7  6  5  50.21---141.50
220710257625 3102317231313 7110  2  4  9  6  9  5  5  3  50.21---158.20
220711257626 7 3102320304030163  3  2  4  9  7 15 27 15 100.63---166.40
2207122576272723373343273323247 12  9 22 18 32 12 18  9 160.94---170.40
2207132577 11310 7101713 7 0 77  5  4  3  4  6  5  3  0  40.10---170.30
2207142577 2 3 3 7 713101313 70  2  2  3  3  5  4  5  5  40.10---174.60
2207152577 31720 31023202027140  6  7  2  4  9  7  7 12  70.31---177.00
2207162577 417233020 7 7 7 7117  6  9 15  7  3  3  3  3  60.31---182.00
2207172577 5 7 7 7 7 7 71710 67  3  3  3  3  3  3  6  4  40.10---166.50
2207182577 6 310172323132730147  2  4  6  9  9  5 12 15  80.42---154.30
2207192577 72740433747404337313 12 27 32 22 39 27 32 22 271.26---148.80
2207202577 81723 31317131313113  6  9  2  5  6  5  5  5  50.21---136.50
2207212577 917 7132730534737230  6  3  5 12 15 56 39 22 201.05---125.60
2207222577103323272713231323183 18  9 12 12  5  9  5  9 100.63---118.40
2207232577114053331720101727217 27 56 18  6  7  4  6 12 170.94---114.10
2207242577122723201313272017160 12  9  7  5  5 12  7  6  80.42---110.50
2207252577132317 3 7 7101017 93  9  6  2  3  3  4  4  6  50.21---105.50
2207262577143320 31717101020130 18  7  2  6  6  4  4  7  70.31---101.90
2207272577152323172020232027173  9  9  6  7  7  9  7 12  80.42---101.10
2207282577161720231023201310137  6  7  9  4  9  7  5  4  60.31---096.30
22072925771710 3 3 3 7101713 67  4  2  2  2  3  4  6  5  40.10---095.90
2207302577181313 7132323 723123  5  5  3  5  9  9  3  9  60.31---093.60
2207312577191713171730402030183  6  5  6  6 15 27  7 15 110.63---097.10
2208012577202723171720101720150 12  9  6  6  7  4  6  7  70.42---098.20
2208022577212023202317232323173  7  9  7  9  6  9  9  9  80.42---100.70
2208032577222723171317202020157 12  9  6  5  6  7  7  7  70.42---102.80
2208042577231713131017202010120  6  5  5  4  6  7  7  4  60.21---111.90
2208052577243020 3 71013 317103 15  7  2  3  4  5  2  6  60.21---115.40
220806257725 7 3 3 3 7 7 710 47  3  2  2  2  3  3  3  4  30.00---119.70
2208072577261020233340404057263  4  7  9 18 27 27 27 67 231.15---119.40
2208082577275043473730273737307 48 32 39 22 15 12 22 22 261.26---116.20
2208092578 12740334040333023267 12 27 18 27 27 18 15  9 191.05---112.40
2208102578 22030132327303723203  7 15  5  9 12 15 22  9 120.73---110.50
2208112578 32317233330404333243  9  6  9 18 15 27 32 18 170.94---117.90
2208122578 427 723202013 3 7120 12  3  9  7  7  5  2  3  60.31---122.70
2208132578 51020232020272020160  4  7  9  7  7 12  7  7  80.42---127.50
2208142578 62720131313 7 3 3100 12  7  5  5  5  3  2  2  50.21---128.80
2208152578 7 71013102320 7 3 93  3  4  5  4  9  7  3  2  50.21---134.00
2208162578 8 710 71010 7 317 70  3  4  3  4  4  3  2  6  40.10---131.70
2208172578 91330102323476757270  5 15  4  9  9 39111 67 321.36---125.70
2208182578102723332750504747303 12  9 18 12 48 48 39 39 281.26---119.40
2208192578113330202020405040253 18 15  7  7  7 27 48 27 201.05---107.90
22082025781240302710 3 33033177 27 15 12  4  2  2 15 18 120.73---103.90
2208212578133023172727433020217 15  9  6 12 12 32 15  7 140.84---099.20
22082225781430271313 71013 7120 15 12  5  5  3  4  5  3  60.31---104.90
220823257815 3 3 0 7 7 3 320 47  2  2  0  3  3  2  2  7  30.00---103.20
220824257816 3 7 310 3 7 0 7 40  2  3  2  4  2  3  0  3  20.00---110.20
220825257817 7 3 71010 3 013 53  3  2  3  4  4  2  0  5  30.10---120.30
220826257818 310 3 710 71013 63  2  4  2  3  4  3  4  5  30.10---121.20
2208272578191310 73037233327180  5  4  3 15 22  9 18 12 110.63---130.20
22082825782017171330131720 7133  6  6  5 15  5  6  7  3  70.31---136.20
2208292578212037273030172713200  7 22 12 15 15  6 12  5 120.73---125.40
2208302578222340233020172730210  9 27  9 15  7  6 12 15 120.73---128.10
2208312578233030132023232743210 15 15  5  7  9  9 12 32 130.73---115.50
2209012578242333272310131313157  9 18 12  9  4  5  5  5  80.52---118.40
22090225782513 7172323 71337140  5  3  6  9  9  3  5 22  80.42---132.10
2209032578265033333330273343283 48 18 18 18 15 12 18 32 221.15---125.60
2209042578275057606347604750433 48 67 80 94 39 80 39 48 621.77---130.40
2209052579 15047434743503743360 48 39 32 39 32 48 22 32 361.46---132.40
2209062579 24040303027333733270 27 27 15 15 12 18 22 18 191.05---128.20
2209072579 33020302330373013213 15  7 15  9 15 22 15  5 130.73---128.10
2209082579 42040403030273043260  7 27 27 15 15 12 15 32 191.05---128.50
2209092579 5372027372720 720193 22  7 12 22 12  7  3  7 120.73---128.00
2209102579 62720332027333317210 12  7 18  7 12 18 18  6 120.73---137.70
2209112579 72713131717332013153 12  5  5  6  6 18  7  5  80.42---153.50
2209122579 82723231713 717 7133 12  9  9  6  5  3  6  3  70.31---152.30
2209132579 9 0 313 7 7 7 0 7 43  0  2  5  3  3  3  0  3  20.00---155.90
220914257910 7 7171317172740143  3  3  6  5  6  6 12 27  80.52---146.00
22091525791137 7 7 31020 710100 22  3  3  2  4  7  3  4  60.31---141.30
220916257912 3131313 717 3 7 77  2  5  5  5  3  6  2  3  40.10---132.50
220917257913 7 3 71317 31020 80  3  2  3  5  6  2  4  7  40.10---132.80
2209182579141720272733202020183  6  7 12 12 18  7  7  7 100.52---137.40
2209192579152713 71730372330183 12  5  3  6 15 22  9 15 110.63---129.10
2209202579162020131317132723147  7  7  5  5  6  5 12  9  70.42---138.40
22092125791720 3171710 7 310 87  7  2  6  6  4  3  2  4  40.10---138.00
220922257918 0 710 317171330 97  0  3  4  2  6  6  5 15  50.21---137.70
2209232579192310332330302323197  9  4 18  9 15 15  9  9 110.63---147.30
2209242579202033173027333023213  7 18  6 15 12 18 15  9 120.73---147.40
220925257921131717171313 017107  5  6  6  6  5  5  0  6  50.21---135.50
22092625792213 0 01010 3 333 73  5  0  0  4  4  2  2 18  40.21---135.80
2209272579235347204330202330267 56 39  7 32 15  7  9 15 221.15---135.10
22092825792410 7 3 0 7131313 67  4  3  2  0  3  5  5  5  30.10---135.30
220929257925 7 3202027231013123  3  2  7  7 12  9  4  5  60.31---137.70
22093025792627374027331710 3193 12 22 27 12 18  6  4  2 130.73---137.50
221001257927 3 0 3 3 013 7 7 37  2  0  2  2  0  5  3  3  20.00---148.30
2210022580 12313102023302347190  9  5  4  7  9 15  9 39 120.73---154.10
2210032580 23730301340405730277 22 15 15  5 27 27 67 15 241.26---155.30
2210042580 33037432313134330233 15 22 32  9  5  5 32 15 170.94---152.50
2210052580 42333301720303333220  9 18 15  6  7 15 18 18 130.84---161.00
2210062580 52323332330334037243  9  9 18  9 15 18 27 22 160.94---155.60
2210072580 637403027303010 7210 22 27 15 12 15 15  4  3 140.84---159.50
2210082580 71030331727273017190  4 15 18  6 12 12 15  6 110.63---156.90
2210092580 84037373037433737297 27 22 22 15 22 32 22 22 231.15---160.10
2210102580 92333203010131323167  9 18  7 15  4  5  5  9  90.52---162.70
221011258010301310 310101323113 15  5  4  2  4  4  5  9  60.31---149.80
221012258011 7 0 31020102317 90  3  0  2  4  7  4  9  6  40.21---140.00
22101325801210 710 3 7 31313 67  4  3  4  2  3  2  5  5  40.10---129.40
2210142580132023374043301327233  7  9 22 27 32 15  5 12 160.94---119.90
2210152580144730172713304020223 39 15  6 12  5 15 27  7 160.94---114.40
2210162580153017233740302333233 15  6  9 22 27 15  9 18 150.94---118.40
221017258016 7 7 3 01330 0 7 67  3  3  2  0  5 15  0  3  40.10---124.80
221018258017 7 3131310201723107  3  2  5  5  4  7  6  9  50.21---113.10
221019258018131310 7 7 3 710 70  5  5  4  3  3  2  3  4  40.10---112.30
221020258019 7 0101730171023113  3  0  4  6 15  6  4  9  60.31---114.80
221021258020 7101013 3 31313 73  3  4  4  5  2  2  5  5  40.10---108.40
2210222580212020273737535030273  7  7 12 22 22 56 48 15 241.15---103.90
2210232580222720201017374340213 12  7  7  4  6 22 32 27 150.84---104.40
2210242580232723201320 7 710127 12  9  7  5  7  3  3  4  60.31---113.60
221025258024 0 010131020 3 3 60  0  0  4  5  4  7  2  2  30.10---115.00
221026258025 0 0 0 310131727 70  0  0  0  2  4  5  6 12  40.10---120.90
2210272580262017202730302017180  7  6  7 12 15 15  7  6  90.52---128.10
2210282580272023232023433043227  7  9  9  7  9 32 15 32 150.84---127.70
2210292581 14033474740333030300 27 18 39 39 27 18 15 15 251.26---132.10
2210302581 22030232723233020197  7 15  9 12  9  9 15  7 100.63---128.70
2210312581 32727302023332017197 12 12 15  7  9 18  7  6 110.63---126.00
2211012581 410 7332720 71713133  4  3 18 12  7  3  6  5  70.42---126.10
2211022581 52333272027403020220  9 18 12  7 12 27 15  7 130.84---127.70
2211032581 62717334347503347297 12  6 18 32 39 48 18 39 261.26---123.30
2211042581 73737333023272023230 22 22 18 15  9 12  7  9 140.84---115.70
2211052581 8273317272317 710160 12 18  6 12  9  6  3  4  90.52---128.80
2211062581 9 7 7 7 7 3 3 3 7 43  3  3  3  3  2  2  2  3  30.00---128.50
2211072581101017173340504717230  4  6  6 18 27 48 39  6 191.05---132.10
2211082581112333302730171317190  9 18 15 12 15  6  5  6 110.63---129.80
22110925811223302013 7 0 0 0 93  9 15  7  5  3  0  0  0  50.21---135.00
221110258113 0 0 0 0 0 0 3 0  3  0  0  0  0  0  0  2  0  00.00---136.00
221111258114 010231723271727143  0  4  9  6  9 12  6 12  70.42---134.90
221112258115232317 7 7 7 3 0 87  9  9  6  3  3  3  2  0  40.21---135.40
2211132581161327101320231710133  5 12  4  5  7  9  6  4  60.31---134.10
221114258117 0 3101710 713 0 60  0  2  4  6  4  3  5  0  30.10---138.50
221115258118 310 3 3 3 3 3 3 33  2  4  2  2  2  2  2  2  20.00---131.30
221116258119 0 0 0 3 31313 3 37  0  0  0  2  2  5  5  2  20.00---130.00
221117258120 0 7 0 0 7 0 0 7 20  0  3  0  0  3  0  0  3  10.00---116.50
221118258121 3 0 3 720203030113  2  0  2  3  7  7 15 15  60.31---113.40
22111925812223 0101310 3 710 77  9  0  4  5  4  2  3  4  40.10---112.40
221120258123 7 3 0 3 7272723 97  3  2  0  2  3 12 12  9  50.21---116.30
2211212581243333202017131017163 18 18  7  7  6  5  4  6  90.52---114.20
221122258125 7 7 3 3 310 3 0 37  3  3  2  2  2  4  2  0  20.00---112.90
221123258126 0 0 3 010 710 3 33  0  0  2  0  4  3  4  2  20.00---110.50
221124258127101717 713 71323107  4  6  6  3  5  3  5  9  50.21---106.90
2211252582 12330403033303737260  9 15 27 15 18 15 22 22 181.05---105.70
2211262582 23727332033273030237 22 12 18  7 18 12 15 15 150.84---104.30
2211272582 32730202033273727220 12 15  7  7 18 12 22 12 130.84---104.40
2211282582 44353302310174337257 32 56 15  9  4  6 32 22 221.15---104.10
2211292582 54030333040403323270 27 15 18 15 27 27 18  9 201.05---105.00
2211302582 63033234740305330287 15 18  9 39 27 15 56 15 241.26---108.00
2212012582 72747373740403737300 12 39 22 22 27 27 22 22 241.26---115.40
2212022582 83033303027303327240 15 18 15 15 12 15 18 12 150.84---120.60
2212032582 92033232317302017183  7 18  9  9  6 15  7  6 100.52---130.00
2212042582101720102030434340223  6  7  4  7 15 32 32 27 160.94---139.60
221205258211 0232317272013 3127  0  9  9  6 12  7  5  2  60.31---145.40
221206258212 013 3 717 710 3 60  0  5  2  3  6  3  4  2  30.10---140.00
2212072582131010 72747433327203  4  4  3 12 39 32 18 12 160.94---143.60
2212082582141727201310102040157  6 12  7  5  4  4  7 27  90.52---138.80
2212092582154323202717131717177 32  9  7 12  6  5  6  6 100.63---144.60
2212102582163020 727 7202717153 15  7  3 12  3  7 12  6  80.42---137.40
2212112582172027231320271327170  7 12  9  5  7 12  5 12  90.52---143.20
2212122582182713 3 3 7101723103 12  5  2  2  3  4  6  9  50.21---146.20
22121325821920 3 3 3 7 7 0 7 50  7  2  2  2  3  3  0  3  30.00---148.30
221214258220 013 7 3 3172017 80  0  5  3  2  2  6  7  6  40.10---159.60
22121525822117201710101313 7107  6  7  6  4  4  5  5  3  50.21---160.70
2212162582222710 0 3 7 71313 80 12  4  0  2  3  3  5  5  40.10---158.00
2212172582231017 0 3 0 3 3 0 37  4  6  0  2  0  2  2  0  20.00---149.70
221218258224 3 3 310 7 71020 63  2  2  2  4  3  3  4  7  30.10---150.70
2212192582252037271317132020167  7 22 12  5  6  5  7  7  90.52---147.50
221220258226131010 3 3102023 93  5  4  4  2  2  4  7  9  50.21---141.70
2212212582271717272017331717163  6  6 12  7  6 18  6  6  80.52---134.20
2212222583 1 7 0132030333727167  3  0  5  7 15 18 22 12 100.63---127.00
2212232583 23723372743372047270 22  9 22 12 32 22  7 39 211.15---123.60
2212242583 33043403333433330287 15 32 27 18 18 32 18 15 221.15---129.00
2212252583 42730131020171727160 12 15  5  4  7  6  6 12  80.52---139.30
2212262583 52720304357471713253 12  7 15 32 67 39  6  5 231.15---145.50
2212272583 64043434040432320293 27 32 32 27 27 32  9  7 241.26---153.80
2212282583 7231713 7 7 7 710 90  9  6  5  3  3  3  3  4  40.21---155.10
2212292583 8 0 3131730332737160  0  2  5  6 15 18 12 22 100.63---157.40
2212302583 94740403343474330323 39 27 27 18 32 39 32 15 291.36---157.00
2212312583103030271730273340233 15 15 12  6 15 12 18 27 150.84---159.50
