2301012583112330202717273740220  9 15  7 12  6 12 22 27 140.84---147.50
2301022583122020101713132030143  7  7  4  6  5  5  7 15  70.42---141.50
23010325831313 3 7 310202327107  5  2  3  2  4  7  9 12  60.21---143.60
23010425831440474333332017 7240 27 39 32 18 18  7  6  3 191.05---146.00
230105258315 3 7101327302727143  2  3  4  5 12 15 12 12  80.42---149.20
23010625831610 3 3 710 31313 63  4  2  2  3  4  2  5  5  30.10---166.70
230107258317102310 3 32723 3103  4  9  4  2  2 12  9  2  60.21---173.00
23010825831820232017301310 7140  7  9  7  6 15  5  4  3  70.42---176.40
23010925831917 3 310 7172013 90  6  2  2  4  3  6  7  5  40.21---184.70
230110258320 7 7 7 720301720113  3  3  3  3  7 15  6  7  60.31---186.60
2301112583211727171710202323153  6 12  6  6  4  7  9  9  70.42---188.70
2301122583223020201720201730173 15  7  7  6  7  7  6 15  90.52---204.70
2301132583232317202323173340197  9  6  7  9  9  6 18 27 110.73---201.70
23011425832430332317 7101727163 15 18  9  6  3  4  6 12  90.52---220.40
2301152583254737373737374050320 39 22 22 22 22 22 27 48 281.26---226.70
23011625832640173030333317 7207 27  6 15 15 18 18  6  3 140.84---220.70
230117258327 017171010 3 033 90  0  6  6  4  4  2  0 18  50.21---214.60
2301182584 140403327272317 7213 27 27 18 12 12  9  6  3 140.84---213.20
2301192584 2 010272723 3 713110  0  4 12 12  9  2  3  5  60.31---218.90
2301202584 31010 01317271313103  4  4  0  5  6 12  5  5  50.21---210.60
2301212584 42340401723303327233  9 27 27  6  9 15 18 12 150.94---202.10
2301222584 52013232020233317170  7  5  9  7  7  9 18  6  80.52---192.30
2301232584 6 31710 730201323123  2  6  4  3 15  7  5  9  60.31---183.20
2301242584 710 3 7131310 7 3 67  4  2  3  5  5  4  3  2  40.10---174.60
2301252584 8 0 0 32030231713107  0  0  2  7 15  9  6  5  60.21---166.50
2301262584 91027272327272710177  4 12 12  9 12 12 12  4 100.52---146.00
230127258410 7 3172327331723150  3  2  6  9 12 18  6  9  80.42---140.50
2301282584113027201027232713177 15 12  7  4 12  9 12  5 100.52---133.40
230129258412 0 320101020 717 87  0  2  7  4  4  7  3  6  40.10---132.90
23013025841310 3 710 7 71027 80  4  2  3  4  3  3  4 12  40.21---131.90
230131258414 020272010332317150  0  7 12  7  4 18  9  6  80.42---132.90
23020125841510 7 3 310132723 97  4  3  2  2  4  5 12  9  50.21---129.60
2302022584163317 3 7 3 0 3 7 73 18  6  2  3  2  0  2  3  40.21---131.00
2302032584172017 3 317302717133  7  6  2  2  6 15 12  6  70.42---130.70
2302042584182727 7 310 7 010 90 12 12  3  2  4  3  0  4  50.21---135.10
230205258419 320 31010131713 90  2  7  2  4  4  5  6  5  40.21---140.00
2302062584203033273327233737247 15 18 12 18 12  9 22 22 160.94---152.40
2302072584214040333730302727263 27 27 18 22 15 15 12 12 181.05---179.70
2302082584223033304033273330257 15 18 15 27 18 12 18 15 170.94---192.30
2302092584233040273023333343260 15 27 12 15  9 18 18 32 181.05---209.10
2302102584244027232730203337237 27 12  9 12 15  7 18 22 150.94---202.30
23021125842533302023231010 3153 18 15  7  9  9  4  4  2  80.52---204.10
2302122584261720172017172320150  6  7  6  7  6  6  9  7  70.31---194.60
230213258427 7 0 7 720101310 73  3  0  3  3  7  4  5  4  40.10---184.40
2302142585 120 323201013 723120  7  2  9  7  4  5  3  9  60.31---175.30
2302152585 22737534333403343310 12 22 56 32 18 27 18 32 271.26---169.50
2302162585 33027504343431313263 15 12 48 32 32 32  5  5 231.15---159.20
2302172585 41730201313 710 0110  6 15  7  5  5  3  4  0  60.31---161.10
2302182585 51020 71320 72320120  4  7  3  5  7  3  9  7  60.31---163.30
2302192585 627 7131020131313117 12  3  5  4  7  5  5  5  60.31---165.20
2302202585 7 7 3173023172317137  3  2  6 15  9  6  9  6  70.42---156.30
2302212585 83033334037171013213 15 18 18 27 22  6  4  5 140.84---157.40
2302222585 913 3131720202023130  5  2  5  6  7  7  7  9  60.31---148.60
2302232585104337302727403337273 32 22 15 12 12 27 18 22 201.05---145.10
2302242585112310201317 7 0 3 93  9  4  7  5  6  3  0  2  40.21---160.70
230225258512 7 3172020333033163  3  2  6  7  7 18 15 18 100.52---149.40
2302262585133323303330175057273 18  9 15 18 15  6 48 67 241.26---155.90
2302272585145060676763676360497 48 80111111 94111 94 80 911.87---158.10
2302282585155747303017134043277 67 39 15 15  6  5 27 32 261.26---157.90
23030125851630101327 7132020140 15  4  5 12  3  5  7  7  70.42---159.00
230302258517 713202013172737153  3  5  7  7  5  6 12 22  80.52---165.80
2303032585183737333333204040273 22 22 18 18 18  7 27 27 201.05---168.60
2303042585193330303320273340247 18 15 15 18  7 12 18 27 160.94---178.60
2303052585203333372740334337283 18 18 22 12 27 18 32 22 211.15---176.80
2303062585213730272027302737233 22 15 12  7 12 15 12 22 150.84---185.00
23030725852223303027201010 7157  9 15 15 12  7  4  4  3  90.52---177.50
230308258523 317201713133023137  2  6  7  6  5  5 15  9  70.31---179.20
2303092585242030403330302320227  7 15 27 18 15 15  9  7 140.84---176.20
230310258525331717 310302327160 18  6  6  2  4 15  9 12  90.52---168.80
230311258526271713 310 71327117 12  6  5  2  4  3  5 12  60.31---155.30
23031225852730203023 7 3 7 7127 15  7 15  9  3  2  3  3  70.42---148.10
2303132586 1 3 0 3 3 713 7 3 40  2  0  2  2  3  5  3  2  20.00---141.50
2303142586 22737333333302743263 12 22 18 18 18 15 12 32 181.05---136.90
2303152586 33757404030202057300 22 67 27 27 15  7  7 67 301.36---134.20
2303162586 43723 710 0 3 7 3 90 22  9  3  4  0  2  3  2  60.31---133.90
2303172586 5 313172323 7 320110  2  5  6  9  9  3  2  7  50.21---132.90
2303182586 62027202323132313163  7 12  7  9  9  5  9  5  80.42---139.00
2303192586 71727201317233317167  6 12  7  5  6  9 18  6  90.52---141.40
2303202586 830 3 32037401323170 15  2  2  7 22 27  5  9 110.63---154.80
2303212586 92310172010231320137  9  4  6  7  4  9  5  7  60.31---150.40
23032225861037373033233033 3227 22 22 15 18  9 15 18  2 150.94---157.70
230323258611 717304767476370347  3  6 15 39111 39 94132 551.67---150.00
2303242586127380634023374743407154207 94 27  9 22 39 32 731.87---156.60
2303252586133020373727232723223 15  7 22 22 12  9 12  9 140.84---159.40
230326258614272717 7 7102717137 12 12  6  3  3  4 12  6  70.42---158.60
230327258615 3 3 3 3 3 71010 43  2  2  2  2  2  3  4  4  30.00---157.50
23032825861613 3 3 71710 710 70  5  2  2  3  6  4  3  4  40.10---158.10
23032925861720 7 7 717131317100  7  3  3  3  6  5  5  6  50.21---147.30
2303302586183023233027375027247 15  9  9 15 12 22 48 12 181.05---140.00
2303312586194043333323233040267 27 32 18 18  9  9 15 27 191.05---129.00
2304012586202010173333372737213  7  4  6 18 18 22 12 22 140.84---125.10
2304022586213737273323 72033217 22 22 12 18  9  3  7 18 140.84---126.70
2304032586223313131727303730200 18  5  5  6 12 15 22 15 120.73---133.50
2304042586233737232320132730210 22 22  9  9  7  5 12 15 130.73---135.70
2304052586243020172030332720197 15  7  6  7 15 18 12  7 110.63---136.70
2304062586251313102320103020140  5  5  4  9  7  4 15  7  70.42---137.20
2304072586263027171717101320150 15 12  6  6  6  4  5  7  80.42---136.60
23040825862710201710 713 320100  4  7  6  4  3  5  2  7  50.21---136.20
2304092587 13010 71010131320113 15  4  3  4  4  5  5  7  60.31---140.70
2304102587 22733333027271313203 12 18 18 15 12 12  5  5 120.73---140.30
2304112587 3 31023 7101317 3 87  2  4  9  3  4  5  6  2  40.21---144.00
2304122587 4 0 010 31310 310 50  0  0  4  2  5  4  2  4  30.00---154.70
2304132587 52317 3 3 7201720110  9  6  2  2  3  7  6  7  50.21---160.40
2304142587 613 013202320 720117  5  0  5  7  9  7  3  7  50.21---172.30
2304152587 72313231720171320147  9  5  9  6  7  6  5  7  70.31---176.90
2304162587 8 7 7171010 31010 73  3  3  6  4  4  2  4  4  40.10---179.10
2304172587 9131013131017 313 93  5  4  5  5  4  6  2  5  40.21---167.80
230418258710 310 3 337473727167  2  4  2  2 22 39 22 12 130.84---154.40
23041925871127101033372310 7157 12  4  4 18 22  9  4  3 100.52---148.30
230420258712 3 7 7 713231017 87  2  3  3  3  5  9  4  6  40.21---148.40
2304212587132013101717233330163  7  5  4  6  6  9 18 15  90.52---142.00
230422258714232313 3 3171323120  9  9  5  2  2  6  5  9  60.31---142.70
2304232587152317133347538373343  9  6  5 18 39 56236154 651.77---136.70
2304242587166780705737302330393111207132 67 22 15  9 15 721.87---135.50
23042525871713 3 31027273323140  5  2  2  4 12 12 18  9  80.42---132.30
2304262587182733202333303330230 12 18  7  9 18 15 18 15 140.84---138.20
2304272587194340333733372730280 32 27 18 22 18 22 12 15 211.15---142.60
2304282587203340272733403033263 18 27 12 12 18 27 15 18 181.05---151.80
2304292587213333334040373323273 18 18 18 27 27 22 18  9 201.05---158.00
230430258722303030131717 713157 15 15 15  5  6  6  3  5  90.52---155.80
2305012587232713201313232733170 12  5  7  5  5  9 12 18  90.52---150.10
23050225872433271727101017 7147 18 12  6 12  4  4  6  3  80.42---159.20
230503258725 0 0 3 31010 720 53  0  0  2  2  4  4  3  7  30.00---158.70
230504258726131317 7 7201023110  5  5  6  3  3  7  4  9  50.21---164.70
23050525872717 7 7 7 3 3 7 7 57  6  3  3  3  2  2  3  3  30.10---164.70
2305062588 14360334743273020303 32 80 18 39 32 12 15  7 291.36---154.50
2305072588 21017201323402027170  4  6  7  5  9 27  7 12 100.52---160.00
2305082588 34317131037332337213 32  6  5  4 22 18  9 22 150.84---175.10
2305092588 43727101323201743190 22 12  4  5  9  7  6 32 120.73---171.70
2305102588 53753274047332027283 22 56 12 27 39 18  7 12 241.26---173.40
2305112588 62727201713172023163 12 12  7  6  5  6  7  9  80.42---166.70
2305122588 72330302353332723243  9 15 15  9 56 18 12  9 181.05---152.20
2305132588 8232020 713233740183  9  7  7  3  5  9 22 27 110.63---146.80
2305142588 9 713 71020333023143  3  5  3  4  7 18 15  9  80.42---142.70
23051525881010 3 3 310132717 87  4  2  2  2  4  5 12  6  50.21---137.40
2305162588112320271013131713137  9  7 12  4  5  5  6  5  70.31---137.30
23051725881210 7 3 7 7 7 7 3 50  4  3  2  3  3  3  3  2  30.10---141.00
230518258813 7 3 3 3 3 0 3 0 23  3  2  2  2  2  0  2  0  20.00---154.10
230519258814 3 3 3 710173040113  2  2  2  3  4  6 15 27  80.42---168.50
2305202588155750474727333033323 67 48 39 39 12 18 15 18 321.36---173.70
2305212588162720131330405757257 12  7  5  5 15 27 67 67 261.26---167.30
2305222588174733272723334040270 39 18 12 12  9 18 27 27 201.05---165.50
23052325881827302720 7103337190 12 15 12  7  3  4 18 22 120.73---158.80
2305242588192023132027233027183  7  9  5  7 12  9 15 12 100.52---168.20
2305252588203027302720133017193 15 12 15 12  7  5 15  6 110.63---156.00
2305262588211717131010101317107  6  6  5  4  4  4  5  6  50.21---152.90
230527258822 710 7 7 3 31020 67  3  4  3  3  2  2  4  7  40.10---161.10
2305282588232730202030131717173 12 15  7  7 15  5  6  6  90.52---155.40
230529258824 7 3 3 7 7101013 60  3  2  2  3  3  4  4  5  30.10---158.60
230530258825 7 3 710 7101320 77  3  2  3  4  3  4  5  7  40.10---166.50
2305312588262313231723272330180  9  5  9  6  9 12  9 15  90.52---165.90
2306012588273723372030232320213 22  9 22  7 15  9  9  7 120.73---168.50
2306022589 1201313 7 7 71017 93  7  5  5  3  3  3  4  6  40.21---166.90
2306032589 210 7 7 7 3 3 717 60  4  3  3  3  2  2  3  6  30.10---169.30
2306042589 32010202313134020160  7  4  7  9  5  5 27  7  90.52---173.20
2306052589 4 3 71013 3 71717 77  2  3  4  5  2  3  6  6  40.10---174.10
2306062589 52720101320 7 7 3107 12  7  4  5  7  3  3  2  50.21---176.90
2306072589 6 3 7 310 7 3 720 60  2  3  2  4  3  2  3  7  30.10---172.10
2306082589 717131013171010 3 93  6  5  4  5  6  4  4  2  40.21---173.60
2306092589 810 7 0 3 0101710 57  4  3  0  2  0  4  6  4  30.10---169.30
2306102589 9 7 3 313131313 7 73  3  2  2  5  5  5  5  3  40.10---166.10
2306112589102330231320271713167  9 15  9  5  7 12  6  5  80.52---158.60
2306122589111310131323201313120  5  4  5  5  9  7  5  5  60.31---150.70
230613258912101013131323 713103  4  4  5  5  5  9  3  5  50.21---150.90
23061425891327 7 3 7 3 7 3 3 60 12  3  2  3  2  3  2  2  40.10---148.00
2306152589141313132043505053257  5  5  5  7 32 48 48 56 261.26---157.90
2306162589154760404740302730320 39 80 27 39 27 15 12 15 321.36---162.20
2306172589162320202017232017160  9  7  7  7  6  9  7  6  70.42---163.20
2306182589172723131717233020170 12  9  5  6  6  9 15  7  90.52---169.40
2306192589182317171323303333190  9  6  6  5  9 15 18 18 110.63---174.30
2306202589192720101720231727160 12  7  4  6  7  9  6 12  80.42---177.70
2306212589202020101010 71327117  7  7  4  4  4  3  5 12  60.31---182.20
230622258921 713272727202327170  3  5 12 12 12  7  9 12  90.52---178.80
2306232589222320132320272320170  9  7  5  9  7 12  9  7  80.42---175.20
2306242589231330302327303743233  5 15 15  9 12 15 22 32 160.94---166.10
2306252589245023171023333327217 48  9  6  4  9 18 18 12 160.94---159.90
2306262589252023232027302030193  7  9  9  7 12 15  7 15 100.63---162.90
2306272589262320231720201720160  9  7  9  6  7  7  6  7  70.42---156.20
2306282589272023132317132023153  7  9  5  9  6  5  7  9  70.42---160.10
2306292590 12733303017373733243 12 18 15 15  6 22 22 18 160.94---167.60
2306302590 2271317173017 3 0123 12  5  6  6 15  6  2  0  60.31---163.90
2307012590 32020 7 7 7 71013 90  7  7  3  3  3  3  4  5  40.21---171.00
2307022590 4 713 7131710 310 80  3  5  3  5  6  4  2  4  40.10---175.90
2307032590 513 7 7101010 713 77  5  3  3  4  4  4  3  5  40.10---179.00
2307042590 6 710 7 71010 7 7 63  3  4  3  3  4  4  3  3  30.10---172.80
2307052590 713 7 3 313271723107  5  3  2  2  5 12  6  9  60.21---159.80
2307062590 82020173330231727187  7  7  6 18 15  9  6 12 100.63---162.90
2307072590 93027374027273733257 15 12 22 27 12 12 22 18 181.05---166.80
23070825901033131310 31013 7103 18  5  5  4  2  4  5  3  60.31---165.90
230709259011 0 3 3101013 710 57  0  2  2  4  4  5  3  4  30.10---185.20
2307102590121010 310131013 7 77  4  4  2  4  5  4  5  3  40.10---196.90
23071125901320 7271020201717137  7  3 12  4  7  7  6  6  60.31---220.60
2307122590142013131313172310123  7  5  5  5  5  6  9  4  60.31---199.70
23071325901520 713 713302317130  7  3  5  3  5 15  9  6  70.31---209.70
2307142590163033331727434737267 15 18 18  6 12 32 39 22 201.05---186.60
230715259017271710272310 7 7127 12  6  4 12  9  4  3  3  70.31---184.50
230716259018 7 7 3 3 7 73340107  3  3  2  2  3  3 18 27  80.42---190.40
2307172590192717404030204743263 12  6 27 27 15  7 39 32 211.15---185.90
2307182590204327201733133717207 32 12  7  6 18  5 22  6 140.84---199.70
230719259021 71013101310 7 7 77  3  4  5  4  5  4  3  3  40.10---195.10
230720259022 710 7 713433720143  3  4  3  3  5 32 22  7 100.63---190.30
2307212590232333171310202343183  9 18  6  5  4  7  9 32 110.63---178.50
2307222590243027232017 31017147 15 12  9  7  6  2  4  6  80.42---180.00
230723259025 3 7131017232320117  2  3  5  4  6  9  9  7  60.31---178.00
2307242590262313 71017101723120  9  5  3  4  6  4  6  9  60.31---170.30
23072525902710 717 720172343143  4  3  6  3  7  6  9 32  90.52---174.40
2307262591 13347403330302723263 18 39 27 18 15 15 12  9 191.05---172.60
2307272591 22017132010201710127  7  6  5  7  4  7  6  4  60.31---170.50
2307282591 3 3 3 31020132323100  2  2  2  4  7  5  9  9  50.21---173.40
2307292591 42023 31030302317157  7  9  2  4 15 15  9  6  80.52---184.10
2307302591 5 727132327202017153  3 12  5  9 12  7  7  6  80.42---179.70
2307312591 6101017132023 713113  4  4  6  5  7  9  3  5  50.21---182.40
2308012591 72017 71330272320157  7  6  3  5 15 12  9  7  80.42---179.90
2308022591 81713103340372017187  6  5  4 18 27 22  7  6 120.73---178.10
2308032591 9131713201713 3 3100  5  6  5  7  6  5  2  2  50.21---167.70
230804259110 0 7131327404040180  0  3  5  5 12 27 27 27 130.84---175.80
230805259111506353473317 7 7277 48 94 56 39 18  6  3  3 331.36---176.20
230806259112 0 3 0 0 3 710 3 27  0  2  0  0  2  3  4  2  20.00---178.50
2308072591133020 31020132740163 15  7  2  4  7  5 12 27 100.63---174.50
2308082591144013 71010171310120 27  5  3  4  4  6  5  4  70.42---163.40
2308092591151710131020171723127  6  4  5  4  7  6  6  9  60.31---157.70
2308102591161720101313271317130  6  7  4  5  5 12  5  6  60.31---160.00
23081125911710 7 7 31013 710 67  4  3  3  2  4  5  3  4  40.10---157.00
2308122591181723201013132017133  6  9  7  4  5  5  7  6  60.31---152.20
2308132591192010 7 71010 710 80  7  4  3  3  4  4  3  4  40.10---154.40
23081425912013 7 3 313101313 77  5  3  2  2  5  4  5  5  40.10---158.10
230815259121 3 3 3 710 31010 50  2  2  2  3  4  2  4  4  30.10---162.10
2308162591221710 31027301713127  6  4  2  4 12 15  6  5  70.31---164.20
230817259123231720 3172013 7120  9  6  7  2  6  7  5  3  60.31---155.70
2308182591242020303013232330190  7  7 15 15  5  9  9 15 100.63---154.40
2308192591252313101313133020137  9  5  4  5  5  5 15  7  70.31---154.30
2308202591263327132010132020157 18 12  5  7  4  5  7  7  80.42---149.80
2308212591272017272327132013160  7  6 12  9 12  5  7  5  80.42---152.20
2308222592 12333201013 7 710123  9 18  7  4  5  3  3  4  70.31---154.40
2308232592 210 7 3 3 3 3 717 53  4  3  2  2  2  2  3  6  30.10---150.30
2308242592 3 0 7 7 717303027123  0  3  3  3  6 15 15 12  70.42---147.30
2308252592 420 7 3 31013 7 7 70  7  3  2  2  4  5  3  3  40.10---141.90
2308262592 51320201317171317130  5  7  7  5  6  6  5  6  60.31---142.20
2308272592 63333231017202313173 18 18  9  4  6  7  9  5 100.52---144.50
2308282592 713201717131720 7123  5  7  6  6  5  6  7  3  60.31---144.50
2308292592 8 0 0 31320101020 77  0  0  2  5  7  4  4  7  40.10---145.00
2308302592 920 71013201313 3100  7  3  4  5  7  5  5  2  50.21---141.20
230831259210 713171710132017113  3  5  6  6  4  5  7  6  50.21---142.50
2309012592112727273033272713210 12 12 12 15 18 12 12  5 120.73---138.30
2309022592123343474750434353360 18 32 39 39 48 32 32 56 371.46---133.60
2309032592135337433333301330273 56 22 32 18 18 15  5 15 231.15---132.80
23090425921427231010132020 0123 12  9  4  4  5  7  7  0  60.31---138.40
230905259215 7 7 31017403717137  3  3  2  4  6 27 22  6  90.52---145.20
23090625921617 720 73323 7 3117  6  3  7  3 18  9  3  2  60.31---149.40
23090725921720 7 71017171317107  7  3  3  4  6  6  5  6  50.21---163.30
2309082592182713 0 7132313 3100 12  5  0  3  5  9  5  2  50.21---163.40
230909259219271313272723 7 3140 12  5  5 12 12  9  3  2  80.42---161.30
23091025922010 0 0 3 010 713 43  4  0  0  2  0  4  3  5  20.00---166.20
2309112592211013 71717131320110  4  5  3  6  6  5  5  7  50.21---178.80
230912259222 7 3 73053533740230  3  2  3 15 56 56 22 27 231.15---155.50
2309132592234737232327301730233 39 22  9  9 12 15  6 15 160.94---144.40
2309142592244323301317234043233 32  9 15  5  6  9 27 32 170.94---146.90
2309152592252020 7 317171330127  7  7  3  2  6  6  5 15  60.31---140.60
23091625922613 3 7 3 3173027103  5  2  3  2  2  6 15 12  60.31---141.90
2309172592273333233027273327233 18 18  9 15 12 12 18 12 140.84---146.10
2309182593 14340302047505040320 32 27 15  7 39 48 48 27 301.36---156.00
2309192593 25363473360533727373 56 94 39 18 80 56 22 12 471.57---167.60
2309202593 33733332720203033233 22 18 18 12  7  7 15 18 150.84---156.80
2309212593 42323201720271727173  9  9  7  6  7 12  6 12  80.52---169.40
2309222593 51710202020331727163  6  4  7  7  7 18  6 12  80.52---177.00
2309232593 62727132320102027167 12 12  5  9  7  4  7 12  80.52---174.10
2309242593 72013201710105757203  7  5  7  6  4  4 67 67 211.15---174.80
2309252593 85347403333272320277 56 39 27 18 18 12  9  7 231.15---171.10
2309262593 93040474750333333313 15 27 39 39 48 18 18 18 281.26---165.70
23092725931037303333273020 7217 22 15 18 18 12 15  7  3 140.84---156.70
2309282593111730 3 7 7 3 020 87  6 15  2  3  3  2  0  7  50.21---148.40
230929259312202737402713 7 7177  7 12 22 27 12  5  3  3 110.73---155.50
2309302593131320232023232323170  5  7  9  7  9  9  9  9  80.42---159.50
2310012593143717171320101717147 22  6  6  5  7  4  6  6  80.42---161.50
2310022593152730101317131323147 12 15  4  5  6  5  5  9  80.42---157.70
231003259316 720131020232020133  3  7  5  4  7  9  7  7  60.31---153.80
2310042593172723272017172033183 12  9 12  7  6  6  7 18 100.52---155.10
2310052593184050203020 7 720193 27 48  7 15  7  3  3  7 150.84---156.10
231006259319202320131313 730140  7  9  7  5  5  5  3 15  70.42---155.30
231007259320101310 3 3 71713 77  4  5  4  2  2  3  6  5  40.10---157.00
23100825932123172013 7131320127  9  6  7  5  3  5  5  7  60.31---156.80
2310092593222017131320233013150  7  6  5  5  7  9 15  5  70.42---165.20
231010259323 7201010 3 7 0 0 57  3  7  4  4  2  3  0  0  30.10---163.90
231011259324 0 7 710 7 3 310 47  0  3  3  4  3  2  2  4  30.00---157.50
23101225932510 0 3 3 0 7 7 7 37  4  0  2  2  0  3  3  3  20.00---156.40
231013259326 727332730372720207  3 12 18 12 15 22 12  7 130.73---148.40
2310142593271310132010 33013113  5  4  5  7  4  2 15  5  60.31---086.50
2310152594 1 0 0 3 7 3 71017 47  0  0  2  3  2  3  4  6  20.00---143.80
2310162594 220 0 3 313 0 0 0 40  7  0  2  2  5  0  0  0  20.00---143.10
2310172594 3 0 0 3 3 3 3 0 7 20  0  0  2  2  2  2  0  3  10.00---136.40
2310182594 4 020132727302320160  0  7  5 12 12 15  9  7  80.52---134.30
2310192594 523331320172320 7157  9 18  5  7  6  9  7  3  80.42---127.70
2310202594 61013172020102027137  4  5  6  7  7  4  7 12  60.31---124.60
2310212594 740475030273313 7247 27 39 48 15 12 18  5  3 211.15---121.40
2310222594 81713172013173017143  6  5  6  7  5  6 15  6  70.42---117.60
2310232594 9 3 0 3 0 7 3 3 0 20  2  0  2  0  3  2  2  0  10.00---120.80
231024259410 3 0 710 7 710 7 50  2  0  3  4  3  3  4  3  30.00---119.80
231025259411 7 0 0 3 7101017 53  3  0  0  2  3  4  4  6  30.00---124.40
2310262594122327204040304347270  9 12  7 27 27 15 32 39 211.15---124.90
2310272594133040272313171710177 15 27 12  9  5  6  6  4 100.63---125.90
231028259414 730333737302740240  3 15 18 22 22 15 12 27 170.94---126.30
2310292594154737434040403333313 39 22 32 27 27 27 18 18 261.26---133.30
2310302594164023103033132023193 27  9  4 15 18  5  7  9 120.73---137.70
2310312594172320172327101317150  9  7  6  9 12  4  5  6  70.42---145.10
2311012594181727172723201313157  6 12  6 12  9  7  5  5  80.42---156.20
2311022594191723101320171010120  6  9  4  5  7  6  4  4  60.31---155.90
231103259420 7 71010 7 3 0 0 43  3  3  4  4  3  2  0  0  20.00---153.60
231104259421 7 310 717274740157  3  2  4  3  6 12 39 27 120.73---152.70
2311052594222720175763736747370 12  7  6 67 94154111 39 611.77---152.20
2311062594234057474327375343347 27 67 39 32 12 22 56 32 361.46---143.60
2311072594245037232327303030250 48 22  9  9 12 15 15 15 181.05---142.50
2311082594252337333313204030230  9 22 18 18  5  7 27 15 150.94---143.10
2311092594262723302020173027193 12  9 15  7  7  6 15 12 100.63---136.10
2311102594272333201720171017157  9 18  7  6  7  6  4  6  80.42---141.10
2311112595 1131317 710 7 7 3 77  5  5  6  3  4  3  3  2  40.10---138.70
2311122595 2 310402720131027150  2  4 27 12  7  5  4 12  90.52---134.40
2311132595 350371017302717 7193 48 22  4  6 15 12  6  3 140.84---130.00
2311142595 420 7 0 7173020 7107  7  3  0  3  6 15  7  3  60.21---121.20
2311152595 52720231733303327210 12  7  9  6 18 15 18 12 120.73---116.40
2311162595 613 7201717201320127  5  3  7  6  6  7  5  7  60.31---115.30
2311172595 7 0 0 0 7 72013 0 47  0  0  0  3  3  7  5  0  20.00---116.90
2311182595 8 0 3 0 0 0 0 713 23  0  2  0  0  0  0  3  5  10.00---124.20
2311192595 9 3 31010 7 01010 53  2  2  4  4  3  0  4  4  30.10---136.80
231120259510 7 7131713131010 90  3  3  5  6  5  5  4  4  40.21---152.80
2311212595111023433333373040250  4  9 32 18 18 22 15 27 181.05---167.30
2311222595124050534333403723320 27 48 56 32 18 27 22  9 301.36---184.80
2311232595133027231013 3 0 3110 15 12  9  4  5  2  0  2  60.31---189.30
2311242595142017101720202723153  7  6  4  6  7  7 12  9  70.42---173.50
2311252595153033404747476337343 15 18 27 39 39 39 94 22 371.46---171.90
2311262595164027301317 0 713147 27 12 15  5  6  0  3  5  90.52---175.50
2311272595171313171720231320137  5  5  6  6  7  9  5  7  60.31---182.30
2311282595181320201713201713133  5  7  7  6  5  7  6  5  60.31---176.70
231129259519 71713 710 717 7 83  3  6  5  3  4  3  6  3  40.10---166.00
2311302595201723101013 310 3 90  6  9  4  4  5  2  4  2  40.21---162.00
2312012595214337406760475350397 32 22 27111 80 39 56 48 521.67---157.60
231202259522534013 7 713 713153 56 27  5  3  3  5  3  5 130.84---144.00
2312032595232327272027302017190  9 12 12  7 12 15  7  6 100.63---135.20
2312042595242027272727171310167  7 12 12 12 12  6  5  4  90.52---133.90
2312052595253033273333272323230 15 18 12 18 18 12  9  9 140.84---137.50
2312062595262723232327302017190 12  9  9  9 12 15  7  6 100.63---126.10
23120725952710101010 7 72020 93  4  4  4  4  3  3  7  7  40.21---130.60
2312082596 110 3 710 7172013 87  4  2  3  4  3  6  7  5  40.10---128.60
2312092596 2 0 0 7 0 3 7 3 0 20  0  0  3  0  2  3  2  0  10.00---124.10
2312102596 3 7 7 7 3 7 713 7 57  3  3  3  2  3  3  5  3  30.10---122.80
2312112596 4 010 0 0 3 3 0 0 17  0  4  0  0  2  2  0  0  10.00---122.10
2312122596 5 013 7 7333323 7123  0  5  3  3 18 18  9  3  70.42---122.30
2312132596 6 720131013272323137  3  7  5  4  5 12  9  9  70.31---130.70
2312142596 73743303327201020220 22 32 15 18 12  7  4  7 150.84---143.40
2312152596 813 7 32730303330173  5  3  2 12 15 15 18 15 110.63---139.80
2312162596 93340301727 72727207 18 27 15  6 12  3 12 12 130.84---144.30
2312172596103347434753532333333 18 39 32 39 56 56  9 18 331.36---149.70
2312182596112333533733303043283  9 18 56 22 18 15 15 32 231.15---156.30
2312192596123733201717202027190 22 18  7  6  6  7  7 12 110.63---173.50
23122025961340302317202713 7177 27 15  9  6  7 12  5  3 100.63---189.10
23122125961427 3 320 713 3 0 77 12  2  2  7  3  5  2  0  40.10---187.40
231222259615 31310 3 0 3 3 3 40  2  5  4  2  0  2  2  2  20.00---180.70
231223259616 3 320 72027 710 97  2  2  7  3  7 12  3  4  50.21---168.60
23122425961727272730231010 7160 12 12 12 15  9  4  4  3  90.52---177.40
231225259618 310 7 3 31013 0 50  2  4  3  2  2  4  5  0  30.00---161.30
231226259619 3171317171310 7 97  2  6  5  6  6  5  4  3  50.21---149.10
23122725962020171013 3 7 7 3 80  7  6  4  5  2  3  3  2  40.10---144.50
231228259621 0 0 7 3 3 3 017 33  0  0  3  2  2  2  0  6  20.00---141.80
2312292596221310132017 71723120  5  4  5  7  6  3  6  9  60.31---138.20
231230259623102313 3 71010 0 77  4  9  5  2  3  4  4  0  40.10---135.10
231231259624 0 7 3 3 3 71013 47  0  3  2  2  2  3  4  5  30.00---135.50
