240101259625 7 3 71320303340153  3  2  3  5  7 15 18 27 100.63---131.20
2401022596262723 720232720 7153 12  9  3  7  9 12  7  3  80.42---137.40
2401032596272727101717273330187 12 12  4  6  6 12 18 15 110.63---135.50
2401042597 113 717 7 7131027100  5  3  6  3  3  5  4 12  50.21---121.60
2401052597 22017 3101317 3 3 87  7  6  2  4  5  6  2  2  40.10---147.60
2401062597 3 310 0 0 0 0 710 30  2  4  0  0  0  0  3  4  20.00---154.10
2401072597 4 0 0 0 3 3 3 0 0 10  0  0  0  2  2  2  0  0  10.00---161.60
2401082597 5 0 0 0 310 71320 53  0  0  0  2  4  3  5  7  30.00---170.40
2401092597 6231023 7 713 310 97  9  4  9  3  3  5  2  4  50.21---170.10
2401102597 71317132023172017140  5  6  5  7  9  6  7  6  60.31---179.90
2401112597 8 71317132013 717107  3  5  6  5  7  5  3  6  50.21---186.20
2401122597 9 013 3101313 710 70  0  5  2  4  5  5  3  4  40.10---180.30
240113259710 3 0 3 7 7 7 3 7 37  2  0  2  3  3  3  2  3  20.00---179.40
240114259711 713172017202020133  3  5  6  7  6  7  7  7  60.31---181.70
24011525971210 7171723 31317107  4  3  6  6  9  2  5  6  50.21---176.60
2401162597132720 7 7 71010 3 90 12  7  3  3  3  4  4  2  50.21---173.80
240117259714 7 313 7 7 7 710 60  3  2  5  3  3  3  3  4  30.10---168.50
2401182597151010101713132323120  4  4  4  6  5  5  9  9  60.31---157.10
2401192597161327171317171323140  5 12  6  5  6  6  5  9  70.31---152.40
2401202597171723131020171313127  6  9  5  4  7  6  5  5  60.31---161.00
240121259718 01313201710 710 90  0  5  5  7  6  4  3  4  40.10---172.90
240122259719 7 3101317203033133  3  2  4  5  6  7 15 18  80.42---189.90
2401232597202027171013101020127  7 12  6  4  5  4  4  7  60.31---174.70
2401242597213330301713 3 3 3133 18 15 15  6  5  2  2  2  80.42---166.60
240125259722 3 7 71317171323100  2  3  3  5  6  6  5  9  50.21---155.60
240126259723 313 3 720171317 93  2  5  2  3  7  6  5  6  40.21---151.90
24012725972423131010 7 7 7 7 83  9  5  4  4  3  3  3  3  40.10---143.60
240128259725 710102013173030137  3  4  4  7  5  6 15 15  70.42---136.80
240129259726272010 723202320150 12  7  4  3  9  7  9  7  70.42---136.10
2401302597272023171710102320140  7  9  6  6  4  4  9  7  60.31---131.00
2401312598 12023131313202010133  7  9  5  5  5  7  7  4  60.31---132.20
2402012598 210102020102020 3113  4  4  7  7  4  7  7  2  50.21---132.90
2402022598 3 3 310 7 7 7 3 0 40  2  2  4  3  3  3  2  0  20.00---138.50
2402032598 4 0 7 3 3 0 7 0 3 23  0  3  2  2  0  3  0  2  20.00---152.00
2402042598 5 713 713 7132030110  3  5  3  5  3  5  7 15  60.31---165.60
2402052598 6 0 3131020231727113  0  2  5  4  7  9  6 12  60.31---168.60
2402062598 730201317171720 7140 15  7  5  6  6  6  7  3  70.31---185.10
2402072598 8 0 3131313 7 7 7 63  0  2  5  5  5  3  3  3  30.10---183.30
2402082598 9 710 713171717 3 90  3  4  3  5  6  6  6  2  40.21---180.00
240209259810 7 0 31320 31030 87  3  0  2  5  7  2  4 15  50.21---178.60
240210259811 7 7132317 7 3 7 83  3  3  5  9  6  3  2  3  40.10---188.70
2402112598124333333017231717213 32 18 18 15  6  9  6  6 140.84---175.70
240212259813172320 3 3 3 3 3 77  6  9  7  2  2  2  2  2  40.10---203.00
2402132598141320102020372027167  5  7  4  7  7 22  7 12  90.52---189.90
2402142598153023 710 7 7 310 97 15  9  3  4  3  3  2  4  50.21---179.50
24021525981610 3 7 7 7 713 7 60  4  2  3  3  3  3  5  3  30.10---173.90
24021625981710 0 7132013 0 7 70  4  0  3  5  7  5  0  3  30.10---164.80
24021725981810 3 01317 71320 83  4  2  0  5  6  3  5  7  40.10---165.90
2402182598193317101310 3 3 0 90 18  6  4  5  4  2  2  0  50.21---152.90
240219259820 0 0 0 0 3 0 3 3 10  0  0  0  0  2  0  2  2  10.00---148.60
240220259821 3 7201720131023113  2  3  7  6  7  5  4  9  50.21---149.20
240221259822 7 0 7 7 71313 3 57  3  0  3  3  3  5  5  2  30.10---166.20
2402222598231713171710101310107  6  5  6  6  4  4  5  4  50.21---169.60
240223259824 0 0 31013 7 3 7 43  0  0  2  4  5  3  2  3  20.00---169.20
240224259825 7 3 71020232023113  3  2  3  4  7  9  7  9  60.21---175.50
2402252598262330202030172727193  9 15  7  7 15  6 12 12 100.63---177.10
2402262598273030232723131320180 15 15  9 12  9  5  5  7 100.52---168.30
2402272599 1374330 710103010177 22 32 15  3  4  4 15  4 120.73---165.10
2402282599 210131720 7 71010 93  4  5  6  7  3  3  4  4  40.21---175.70
2402292599 3 3 010131710 3 7 63  2  0  4  5  6  4  2  3  30.10---161.10
2403012599 427272310131713 7137 12 12  9  4  5  6  5  3  70.42---150.10
2403022599 52313 7 717 3 3 7 80  9  5  3  3  6  2  2  3  40.10---149.70
2403032599 627 7 33350576340280 12  3  2 18 48 67 94 27 341.36---143.10
2403042599 74023201313101023153 27  9  7  5  5  4  4  9  90.52---137.60
2403052599 827102013171017 3117 12  4  7  5  6  4  6  2  60.31---139.20
2403062599 9 73010171713 0 3 97  3 15  4  6  6  5  0  2  50.21---133.90
2403072599102313232720273730200  9  5  9 12  7 12 22 15 110.73---134.50
240308259911273020 717 71737160 12 15  7  3  6  3  6 22  90.52---127.20
2403092599124030232017132717187 27 15  9  7  6  5 12  6 110.63---132.60
24031025991317131723172023 7137  6  5  6  9  6  7  9  3  60.31---125.30
24031125991413102010 710 0 7 77  5  4  7  4  3  4  0  3  40.10---125.10
24031225991523 310131317 3 0 83  9  2  4  5  5  6  2  0  40.10---128.90
24031325991610 33320233020 7147  4  2 18  7  9 15  7  3  80.42---126.80
240314259917 723131710171730133  3  9  5  6  4  6  6 15  70.31---125.70
2403152599183323201313 7 3 3117 18  9  7  5  5  3  2  2  60.31---127.70
240316259919 3 0 3 0 7 7 3 0 23  2  0  2  0  3  3  2  0  20.00---142.60
240317259920 0 0 3 0 0 0 0 0  3  0  0  2  0  0  0  0  0  00.00---149.80
240318259921 0 0 3 0 7 72027 63  0  0  2  0  3  3  7 12  30.10---175.80
2403192599222720202013101313137 12  7  7  7  5  4  5  5  60.31---167.50
24032025992313 313 7 3 01023 73  5  2  5  3  2  0  4  9  40.10---174.10
2403212599243023302043474340277 15  9 15  7 32 39 32 27 221.15---179.90
240322259925333027331013 7 3157 18 15 12 18  4  5  3  2 100.52---196.20
2403232599262747403340374757327 12 39 27 18 27 22 39 67 311.36---209.30
2403242599274333333760836740397 32 18 18 22 80236111 27 681.77---194.00
2403252600 14350404340332017287 32 48 27 32 27 18  7  6 251.26---189.10
2403262600 23027 73020202727187 15 12  3 15  7  7 12 12 100.63---177.40
2403272600 330132313 7 71013117 15  5  9  5  3  3  4  5  60.31---173.90
2403282600 42013131727172023150  7  5  5  6 12  6  7  9  70.42---172.10
2403292600 51717171313 7 3 3 90  6  6  6  5  5  3  2  2  40.21---166.80
2403302600 6 0 0 3 713171017 67  0  0  2  3  5  6  4  6  30.10---139.30
2403312600 73720231310131023150 22  7  9  5  4  5  4  9  80.42---133.40
2404012600 81733371717202313177  6 18 22  6  6  7  9  5 100.63---120.30
2404022600 91017132720201710133  4  6  5 12  7  7  6  4  60.31---112.70
240403260010272313 71717 7 3113 12  9  5  3  6  6  3  2  60.31---111.70
240404260011 0 7202727303033173  0  3  7 12 12 15 15 18 100.63---113.80
2404052600122033272720232323197  7 18 12 12  7  9  9  9 100.63---120.60
2404062600133027301720131720173 15 12 15  6  7  5  6  7  90.52---123.10
2404072600141313 71320231720127  5  5  3  5  7  9  6  7  60.31---124.90
24040826001523273313 313 3 0117  9 12 18  5  2  5  2  0  70.31---125.20
240409260016 323331723172027163  2  9 18  6  9  6  7 12  90.52---124.80
2404102600172717131713272013147 12  6  5  6  5 12  7  5  70.42---131.80
2404112600182027 3 71010 710 93  7 12  2  3  4  4  3  4  50.21---144.40
2404122600191323131010 7 713 97  5  9  5  4  4  3  3  5  50.21---152.30
2404132600201320 3 317171017100  5  7  2  2  6  6  4  6  50.21---161.90
24041426002117 0131313131317100  6  0  5  5  5  5  5  6  50.21---179.50
2404152600221313 313 7202327120  5  5  2  5  3  7  9 12  60.31---193.20
2404162600234033403333475350330 27 18 27 18 18 39 56 48 311.36---200.20
2404172600243010 713 7171320117 15  4  3  5  3  6  5  7  60.31---218.20
24041826002513 3 3 7 7 7 317 60  5  2  2  3  3  3  2  6  30.10---228.80
2404192600261723474750577037347  6  9 39 39 48 67132 22 451.57---215.40
2404202600272020272717272327187  7  7 12 12  6 12  9 12 100.52---211.60
2404212601 13330233040373730260 18 15  9 15 27 22 22 15 181.05---219.40
2404222601 22023231313171723150  7  9  9  5  5  6  6  9  70.42---229.20
2404232601 31310171717132720133  5  4  6  6  6  5 12  7  60.31---221.60
2404242601 410 7 3 3 7 7 3 7 47  4  3  2  2  3  3  2  3  30.00---201.40
2404252601 5 0 0 0 7 7 3 7 7 30  0  0  0  3  3  2  3  3  20.00---168.80
2404262601 61027302040503320230  4 12 15  7 27 48 18  7 170.94---154.60
2404272601 73330171033233027203 18 15  6  4 18  9 15 12 120.73---154.60
2404282601 8372010 7 7 7 310100 22  7  4  3  3  3  2  4  60.31---142.00
2404292601 91713131313172710123  6  5  5  5  5  6 12  4  60.31---139.50
2404302601101713 0 727334043180  6  5  0  3 12 18 27 32 130.73---132.10
240501260111372017 310102010127 22  7  6  2  4  4  7  4  70.42---136.90
2405022601122317233350676740320  9  6  9 18 48111111 27 421.57---144.10
24050326011340301013 7 71713137 27 15  4  5  3  3  6  5  80.52---158.60
240504260114 7 7 3 7 7101330 83  3  3  2  3  3  4  5 15  50.21---169.50
2405052601151713201710133043163  6  5  7  6  4  5 15 32 100.63---180.00
2405062601165323232340202013217 56  9  9  9 27  7  7  5 160.94---173.70
2405072601171313101320271313123  5  5  4  5  7 12  5  5  60.31---207.40
240508260118101717171720 710113  4  6  6  6  6  7  3  4  50.21---231.40
240509260119 713 71310102320103  3  5  3  5  4  4  9  7  50.21---237.70
2405102601202727232037778787383 12 12  9  7 221793003001051.98---227.90
24051126012190838390878377776704002362364003002361791792712.39---218.00
2405122601226370374320304063367 94132 22 32  7 15 27 94 531.67---226.40
2405132601235360332733272323280 56 80 18 12 18 12  9  9 271.26---220.00
24051426012413131323231720 7130  5  5  5  9  9  6  7  3  60.31---224.60
2405152601251320232720203023177  5  7  9 12  7  7 15  9  90.52---220.80
2405162601262730605043302310273 12 15 80 48 32 15  9  4 271.26---211.90
2405172601271323131737536053270  5  9  5  6 22 56 80 56 301.36---208.70
2405182602 14033233020201310190 27 18  9 15  7  7  5  4 120.73---198.80
2405192602 21027102027202317153  4 12  4  7 12  7  9  6  80.42---205.50
2405202602 3 72323 720 7 720113  3  9  9  3  7  3  3  7  60.21---204.50
2405212602 417 7 72327271713137  6  3  3  9 12 12  6  5  70.42---195.40
2405222602 517 3 3 0 3 71313 60  6  2  2  0  2  3  5  5  30.10---200.60
2405232602 6 713132023172333150  3  5  5  7  9  6  9 18  80.42---180.70
2405242602 7233027302013 310157  9 15 12 15  7  5  2  4  90.52---167.00
2405252602 8131313 7 7201323110  5  5  5  3  3  7  5  9  50.21---156.40
2405262602 91323 72327272710157  5  9  3  9 12 12 12  4  80.42---159.70
24052726021010 3233023131320137  4  2  9 15  9  5  5  7  70.42---174.60
240528260211201717 7 3 7 7 7 83  7  6  6  3  2  3  3  3  40.10---170.90
240529260212 3 7171710172317110  2  3  6  6  4  6  9  6  50.21---175.20
240530260213 3 7 71320332027130  2  3  3  5  7 18  7 12  70.42---177.70
2405312602142743231013171713163 12 32  9  4  5  6  6  5 100.63---184.50
24060126021527 3 7101313 7 0 80 12  2  3  4  5  5  3  0  40.10---189.00
240602260216 3 7 310 7101323 77  2  3  2  4  3  4  5  9  40.10---185.00
2406032602171710131717132043150  6  4  5  6  6  5  7 32  90.52---191.40
2406042602182327202010 7 3 3113  9 12  7  7  4  3  2  2  60.31---198.00
240605260219 720171323131723133  3  7  6  5  9  5  6  9  60.31---201.10
240606260220171320 71717 3 3 97  6  5  7  3  6  6  2  2  50.21---196.70
2406072602211023233763573030273  4  9  9 22 94 67 15 15 291.36---190.00
2406082602224730272720272017213 39 15 12 12  7 12  7  6 140.84---196.20
24060926022313 710 720101713 97  5  3  4  3  7  4  6  5  50.21---186.40
24061026022413 3 710 7374020137  5  2  3  4  3 22 27  7  90.52---183.30
240611260225374323131010 713157 22 32  9  5  4  4  3  5 100.63---170.10
240612260226 7 7 7 710131013 73  3  3  3  3  4  5  4  5  40.10---170.00
240613260227 3 3 3 3101010 0 43  2  2  2  2  4  4  4  0  20.00---175.50
2406142603 1 3 7201710 71723103  2  3  7  6  4  3  6  9  50.21---174.30
2406152603 22323203047332740243  9  9  7 15 39 18 12 27 170.94---176.10
2406162603 327 7203337304017210 12  3  7 18 22 15 27  6 140.84---172.60
2406172603 42023171723333330197  7  9  6  6  9 18 18 15 110.63---185.70
2406182603 51727272727331713187  6 12 12 12 12 18  6  5 100.63---199.00
2406192603 62730201333272010180 12 15  7  5 18 12  7  4 100.63---202.30
2406202603 72013131017132323133  7  5  5  4  6  5  9  9  60.31---210.00
2406212603 81313 7 3 3 310 7 60  5  5  3  2  2  2  4  3  30.10---203.30
2406222603 913 3 3 3 710 7 7 53  5  2  2  2  3  4  3  3  30.10---202.10
2406232603101017273033272317183  4  6 12 15 18 12  9  6 100.63---202.20
24062426031117 3 3 3 7 71013 63  6  2  2  2  3  3  4  5  30.10---205.30
2406252603121313202017271710137  5  5  7  7  6 12  6  4  60.31---200.10
2406262603131013232727272313163  4  5  9 12 12 12  9  5  80.52---187.40
2406272603141713 71020232333147  6  5  3  4  7  9  9 18  80.42---188.60
2406282603153740406077575337400 22 27 27 80179 67 56 22 601.77---186.70
2406292603164023202320303027213 27  9  7  9  7 15 15 12 130.73---192.70
2406302603172323132733372317197  9  9  5 12 18 22  9  6 110.63---179.60
24070126031813131713171710 3103  5  5  6  5  6  6  4  2  50.21---176.30
2407022603191013 7 713 71013 80  4  5  3  3  5  3  4  5  40.10---169.30
240703260320131013 713 71013 87  5  4  5  3  5  3  4  5  40.10---173.10
2407042603211720101320303027167  6  7  4  5  7 15 15 12  90.52---178.80
240705260322172713203023 7 3140  6 12  5  7 15  9  3  2  70.42---171.20
24070626032310 7 3 3 3 3 3 7 40  4  3  2  2  2  2  2  3  20.00---171.60
240707260324171310 317132727127  6  5  4  2  6  5 12 12  60.31---177.10
2407082603251717203033232023183  6  6  7 15 18  9  7  9 100.52---174.10
2407092603261717 71723101317120  6  6  3  6  9  4  5  6  60.31---184.20
2407102603271710131010101013 93  6  4  5  4  4  4  4  5  40.21---220.80
2407112604 1201313 717131720120  7  5  5  3  6  5  6  7  60.21---211.90
2407122604 2201717131010 7 7100  7  6  6  5  4  4  3  3  50.21---216.70
2407132604 3 710 3 3101013 3 60  3  4  2  2  4  4  5  2  30.10---246.30
2407142604 41310101313 71013 90  5  4  4  5  5  3  4  5  40.21---241.70
2407152604 5101013 710102030110  4  4  5  3  4  4  7 15  60.31---240.90
2407162604 63320201017272020167 18  7  7  4  6 12  7  7  80.52---249.90
2407172604 7 7131710231310 7100  3  5  6  4  9  5  4  3  50.21---231.10
2407182604 8 3 71013101013 3 70  2  3  4  5  4  4  5  2  40.10---215.50
2407192604 9 31010 7101013 7 70  2  4  4  3  4  4  5  3  40.10---208.20
2407202604101717201310172710130  6  6  7  5  4  6 12  4  60.31---214.10
24072126041110 3 3 313131717 80  4  2  2  2  5  5  6  6  40.10---204.20
2407222604121713173023132317153  6  5  6 15  9  5  9  6  80.42---191.00
240723260413 3 3 3 710102717 80  2  2  2  3  4  4 12  6  40.21---181.00
2407242604141713131013 7 717 97  6  5  5  4  5  3  3  6  50.21---180.40
240725260415 713 71020273033147  3  5  3  4  7 12 15 18  80.52---172.40
2407262604164050402337433027290 27 48 27  9 22 32 15 12 241.26---181.80
2407272604171023232740271013173  4  9  9 12 27 12  4  5 100.63---186.70
2407282604181310171320132723137  5  4  6  5  7  5 12  9  70.31---221.10
2407292604192017101713131717123  7  6  4  6  5  5  6  6  60.31---230.00
2407302604204053403730331320267 27 56 27 22 15 18  5  7 221.15---228.90
2407312604211310131027404737197  5  4  5  4 12 27 39 22 150.84---242.20
2408012604225343332330232320250 56 32 18  9 15  9  9  7 191.05---241.40
2408022604232327171017171327150  9 12  6  4  6  6  5 12  80.42---254.50
2408032604241723102020232027160  6  9  4  7  7  9  7 12  80.42---251.80
2408042604252737434067704340367 12 22 32 27111132 32 27 491.67---247.90
2408052604262327302020171717170  9 12 15  7  7  6  6  6  80.52---254.40
240806260427171313 3 7131317 97  6  5  5  2  3  5  5  6  50.21---277.70
2408072605 11017102020131023123  4  6  4  7  7  5  4  9  60.31---311.70
2408082605 22713131710101313117 12  5  5  6  4  4  5  5  60.31---308.50
2408092605 32013 71320171017117  7  5  3  5  7  6  4  6  50.21---313.90
2408102605 41320 7 723231713123  5  7  3  3  9  9  6  5  60.31---299.00
2408112605 52020474350433747307  7  7 39 32 48 32 22 39 281.26---289.00
2408122605 66770706780775760547111132132111207179 67 801271.98---279.60
2408132605 74327171310 73043190 32 12  6  5  4  3 15 32 140.84---266.70
2408142605 83733201013131330170 22 18  7  4  5  5  5 15 100.63---254.60
2408152605 913 7 3 317101320 87  5  3  2  2  6  4  5  7  40.10---233.20
240816260510272020202713 3 7137 12  7  7  7 12  5  2  3  70.31---230.50
24081726051110 3131337635053243  4  2  5  5 22 94 48 56 301.36---235.20
2408182605122327203337232020203  9 12  7 18 22  9  7  7 110.73---236.60
240819260513 713 71330303027157  3  5  3  5 15 15 15 12  90.52---244.80
2408202605143317171723231717163 18  6  6  6  9  9  6  6  80.42---243.80
2408212605153313131720271713153 18  5  5  6  7 12  6  5  80.42---244.50
2408222605163027202020201723177 15 12  7  7  7  7  6  9  90.52---235.80
2408232605171313231320 71713120  5  5  9  5  7  3  6  5  60.31---247.10
2408242605181717272717301317163  6  6 12 12  6 15  5  6  80.52---237.30
24082526051920232013 7 3 710103  7  9  7  5  3  2  3  4  50.21---237.60
2408262605201710 3101013 3 3 70  6  4  2  4  4  5  2  2  40.10---234.30
240827260521 0 7271727302333163  0  3 12  6 12 15  9 18  90.52---225.80
2408282605225740502327231327260 67 27 48  9 12  9  5 12 241.15---216.10
2408292605232010 71017101010 93  7  4  3  4  6  4  4  4  40.21---207.90
24083026052413 7373047474743270  5  3 22 15 39 39 39 32 241.26---218.30
2408312605254043431737474030297 27 32 32  6 22 39 27 15 251.26---235.90
2409012605263733202033373023233 22 18  7  7 18 22 15  9 150.84---229.50
2409022605272020131320272310147  7  7  5  5  7 12  9  4  70.42---241.80
2409032606 11013202010131310110  4  5  7  7  4  5  5  4  50.21---246.30
2409042606 2 3 3174343301720177  2  2  6 32 32 15  6  7 130.73---266.20
2409052606 31313 710 7 71017 83  5  5  3  4  3  3  4  6  40.10---244.60
2409062606 4 3 0102730101320113  2  0  4 12 15  4  5  7  60.31---252.80
2409072606 52020101723202010140  7  7  4  6  9  7  7  4  60.31---225.00
2409082606 62020131323201717143  7  7  5  5  9  7  6  6  60.31---231.00
2409092606 72313231310272723160  9  5  9  5  4 12 12  9  80.42---217.80
2409102606 82313171313 72313123  9  5  6  5  5  3  9  5  60.31---207.90
2409112606 9 710 71330372027150  3  4  3  5 15 22  7 12  90.52---209.60
2409122606102037576767607047423  7 22 67111111 80132 39 711.87---203.70
2409132606115343403333374060340 56 32 27 18 18 22 27 80 351.46---188.10
2409142606124037204043172730253 27 22  7 27 32  6 12 15 181.05---174.40
2409152606131740403337372320247  6 27 27 18 22 22  9  7 170.94---174.60
2409162606143340373737231740263 18 27 22 22 22  9  6 27 191.05---170.90
2409172606157370536353433340430154132 56 94 56 32 18 27 711.87---167.00
2409182606163720102020271737187 22  7  4  7  7 12  6 22 110.63---164.80
2409192606174327203337433010243 32 12  7 18 22 32 15  4 181.05---162.60
240920260618 3 3 710 7 71333 83  2  2  3  4  3  3  5 18  50.21---155.00
2409212606191320171310101710110  5  7  6  5  4  4  6  4  50.21---159.20
24092226062010 3 71717201310 97  4  2  3  6  6  7  5  4  50.21---164.00
24092326062113 7173037431710173  5  3  6 15 22 32  6  4 120.73---168.50
2409242606223323232023273043223 18  9  9  7  9 12 15 32 140.84---173.40
2409252606234347403737474040330 32 39 27 22 22 39 27 27 291.36---175.20
24092626062440331717271717 7173 27 18  6  6 12  6  6  3 100.63---182.00
2409272606251323201323 7 3 3107  5  9  7  5  9  3  2  2  50.21---186.70
240928260626 0 0131720301720117  0  0  5  6  7 15  6  7  60.31---195.20
2409292606272720333337232730230 12  7 18 18 22  9 12 15 140.84---197.80
2409302607 1402313 713172323160 27  9  5  3  5  6  9  9  90.52---214.70
2410012607 2132013 710201310107  5  7  5  3  4  7  5  4  50.21---245.10
2410022607 32017171320 71310117  7  6  6  5  7  3  5  4  50.21---274.80
2410032607 41013171730132320143  4  5  6  6 15  5  9  7  70.42---312.10
2410042607 51717131017232330150  6  6  5  4  6  9  9 15  80.42---291.10
2410052607 623 3171017101717113  9  2  6  4  6  4  6  6  50.21---277.10
2410062607 7 7 3231327333347187  3  2  9  5 12 18 18 39 130.84---264.20
2410072607 85347305357476357407 56 39 15 56 67 39 94 67 541.67---243.20
2410082607 96770574033374043387111132 67 27 18 22 27 32 541.67---224.20
2410092607104043373033272023253 27 32 22 15 18 12  7  9 181.05---219.70
2410102607112027132737778387370  7 12  5 12 22179236300 971.98---215.60
2410112607128377777763403033480236179179179 94 27 15 181161.98---213.10
2410122607133317234740303027247 18  6  9 39 27 15 15 12 181.05---212.60
241013260714 3 0 31317101710 73  2  0  2  5  6  4  6  4  40.10---193.90
241014260715 7 713 7 7 72337107  3  3  5  3  3  3  9 22  60.31---180.90
2410152607162323332327332020203  9  9 18  9 12 18  7  7 110.63---170.90
2410162607171727303027303027217  6 12 15 15 12 15 15 12 130.73---166.60
241017260718273017 7 3132320140 12 15  6  3  2  5  9  7  70.42---172.20
2410182607193023 31027333037193 15  9  2  4 12 18 15 22 120.73---163.90
2410192607205047373330204037293 48 39 22 18 15  7 27 22 251.26---160.90
241020260721302017 3 7 7 713103 15  7  6  2  3  3  3  5  60.21---160.30
241021260722 3 3131310171720 97  2  2  5  5  4  6  6  7  50.21---162.40
2410222607231317172023302017157  5  6  6  7  9 15  7  6  80.42---174.30
2410232607241727173027 72013157  6 12  6 15 12  3  7  5  80.42---183.70
2410242607252743331710131720180 12 32 18  6  4  5  6  7 110.63---194.40
24102526072610 3 0 0 3 3 310 33  4  2  0  0  2  2  2  4  20.00---206.80
24102626072710 0 71027304040163  4  0  3  4 12 15 27 27 120.73---235.50
2410272608 12717102720272727180 12  6  4 12  7 12 12 12 100.52---243.00
2410282608 22747402327232023230 12 39 27  9 12  9  7  9 160.94---252.10
2410292608 33017231720274023197 15  6  9  6  7 12 27  9 110.73---261.90
2410302608 43730334030231713223 22 15 18 27 15  9  6  5 150.84---265.90
2410312608 5 7 7131317233037147  3  3  5  5  6  9 15 22  80.52---265.90
2411012608 62713132327 3 7 0113 12  5  5  9 12  2  3  0  60.31---252.20
2411022608 7 0 0204037232333177  0  0  7 27 22  9  9 18 120.73---246.60
2411032608 823 3 3 7 7303040143  9  2  2  3  3 15 15 27 100.52---236.70
2411042608 9374327232017 730203 22 32 12  9  7  6  3 15 130.84---238.30
2411052608102713272727232727197 12  5 12 12 12  9 12 12 110.63---241.40
2411062608113330232023202017187 18 15  9  7  9  7  7  6 100.52---255.90
2411072608121017232010302030160  4  6  9  7  4 15  7 15  80.52---234.80
2411082608132313101720233733177  9  5  4  6  7  9 22 18 100.63---226.70
2411092608144040374350474337337 27 27 22 32 48 39 32 22 311.36---216.70
2411102608153743172037405730280 22 32  6  7 22 27 67 15 251.26---206.80
2411112608162720302317271710170 12  7 15  9  6 12  6  4  90.52---178.60
241112260817171317 7101310 3 90  6  5  6  3  4  5  4  2  40.21---168.10
2411132608182020 317271717 3123  7  7  2  6 12  6  6  2  60.31---147.10
241114260819 333101320303733180  2 18  4  5  7 15 22 18 110.73---143.70
2411152608203033272030272320210 15 18 12  7 15 12  9  7 120.73---145.60
2411162608213320231717 0 0 3113 18  7  9  6  6  0  0  2  60.31---136.80
241117260822 327202027 71310127  2 12  7  7 12  3  5  4  60.31---142.90
241118260823 720 0 3 713 717 73  3  7  0  2  3  5  3  6  40.10---143.90
2411192608241010172023272710143  4  4  6  7  9 12 12  4  70.42---153.50
241120260825 32727232017 717140  2 12 12  9  7  6  3  6  70.42---143.70
241121260826 013172017173027140  0  5  6  7  6  6 15 12  70.42---162.10
2411222608272020 71730332730183  7  7  3  6 15 18 12 15 100.63---174.70
2411232609 12313171727172020153  9  5  6  6 12  6  7  7  70.42---194.90
2411242609 2132017 3 3101740123  5  7  6  2  2  4  6 27  70.42---197.60
2411252609 33323202030301720193 18  9  7  7 15 15  6  7 100.63---214.70
2411262609 43020 3 710 71017103 15  7  2  3  4  3  4  6  60.21---216.40
2411272609 5 7 7 710 7101023 80  3  3  3  4  3  4  4  9  40.10---219.00
2411282609 61710 3 7 3 013 0 53  6  4  2  3  2  0  5  0  30.00---208.10
2411292609 71723102017 72327143  6  9  4  7  6  3  9 12  70.42---213.80
2411302609 8433027 7 7101020153 32 15 12  3  3  4  4  7 100.63---198.30
2412012609 91310171010132027120  5  4  6  4  4  5  7 12  60.31---181.10
2412022609102320 7 010 71720103  9  7  3  0  4  3  6  7  50.21---180.00
2412032609113327201723303317200 18 12  7  6  9 15 18  6 110.73---169.30
2412042609121317102020132017130  5  6  4  7  7  5  7  6  60.31---169.70
24120526091317231010 7 7 7 7 87  6  9  4  4  3  3  3  3  40.21---169.50
241206260914132310 3 7101010 87  5  9  4  2  3  4  4  4  40.21---172.30
241207260915 713101710131717103  3  5  4  6  4  5  6  6  50.21---177.10
241208260916 3131313231720 7110  2  5  5  5  9  6  7  3  50.21---172.40
2412092609174330232327373033247 32 15  9  9 12 22 15 18 160.94---167.30
2412102609182023232010101317137  7  9  9  7  4  4  5  6  60.31---166.70
241211260919202020 71010 713107  7  7  7  3  4  4  3  5  50.21---155.60
2412122609202320 7 7 71013 3 90  9  7  3  3  3  4  5  2  40.21---155.90
241213260921 0 013101017 7 7 63  0  0  5  4  4  6  3  3  30.10---158.60
241214260922 710102013303327150  3  4  4  7  5 15 18 12  80.52---165.10
2412152609233023172730202723197 15  9  6 12 15  7 12  9 110.63---166.60
2412162609241327272717233737207  5 12 12 12  6  9 22 22 120.73---161.40
2412172609253753504333402030307 22 56 48 32 18 27  7 15 281.26---164.60
2412182609263317233730333710220 18  6  9 22 15 18 22  4 140.84---168.00
2412192609273730171320132030180 22 15  6  5  7  5  7 15 100.63---169.40
2412202610 13730101330303320203 22 15  4  5 15 15 18  7 130.73---178.10
2412212610 23033203027273333233 15 18  7 15 12 12 18 18 140.84---194.70
2412222610 31323233033302730210  5  9  9 15 18 15 12 15 120.73---216.10
2412232610 43320171023302737197 18  7  6  4  9 15 12 22 120.73---230.60
2412242610 5232717 723232033173  9 12  6  3  9  9  7 18  90.52---250.10
2412252610 6202017171010 7 3103  7  7  6  6  4  4  3  2  50.21---244.50
2412262610 7 0 0 3 3 3 3 0 3 17  0  0  2  2  2  2  0  2  10.00---247.40
2412272610 8 3 0 3 3 71310 3 43  2  0  2  2  3  5  4  2  20.00---250.00
2412282610 9 7 01013 3 713 3 57  3  0  4  5  2  3  5  2  30.10---251.80
24122926101013 310171313 7 7 83  5  2  4  6  5  5  3  3  40.10---246.30
241230261011 317231317132020127  2  6  9  5  6  5  7  7  60.31---216.10
241231261012 3 7171313404040173  2  3  6  5  5 27 27 27 130.73---210.40
