2501012610134053506067806340453 27 56 48 80111207 94 27 811.87---211.90
2501022610143320334743373330277 18  7 18 39 32 22 18 15 211.15---205.40
25010326101530333320 7131017163 15 18 18  7  3  5  4  6 100.52---193.30
2501042610162047504333435330320  7 39 48 32 18 32 56 15 311.36---202.40
2501052610173323233330434027253 18  9  9 18 15 32 27 12 181.05---163.00
2501062610183037273027302323227 15 22 12 15 12 15  9  9 140.84---166.20
2501072610192327232723332020197  9 12  9 12  9 18  7  7 100.63---162.20
250108261020372317 0102310 7127 22  9  6  0  4  9  4  3  70.42---154.90
2501092610212010172037271713160  7  4  6  7 22 12  6  5  90.52---156.80
2501102610221033202730132340197  4 18  7 12 15  5  9 27 120.73---151.70
25011126102323101310173013 7123  9  4  5  4  6 15  5  3  60.31---150.80
2501122610241317171723131317130  5  6  6  6  9  5  5  6  60.31---153.20
2501132610254023102320232320183 27  9  4  9  7  9  9  7 100.63---154.40
2501142610262723232020273027197 12  9  9  7  7 12 15 12 100.63---161.00
2501152610273337372730332717240 18 22 22 12 15 18 12  6 160.94---167.80
2501162611 12733172330303727223 12 18  6  9 15 15 22 12 140.84---201.50
2501172611 23340373033304040283 18 27 22 15 18 15 27 27 211.15---219.50
2501182611 32020232023202020167  7  7  9  7  9  7  7  7  80.42---215.30
2501192611 41023372733303037227  4  9 22 12 18 15 15 22 150.84---228.30
2501202611 53733303043302737267 22 18 15 15 32 15 12 22 191.05---224.70
2501212611 62330201710273023180  9 15  7  6  4 12 15  9 100.52---229.00
2501222611 72720302317131030170 12  7 15  9  6  5  4 15  90.52---207.50
2501232611 83317 71013373723177 18  6  3  4  5 22 22  9 110.63---208.70
2501242611 91313231320101023127  5  5  9  5  7  4  4  9  60.31---198.20
250125261110 3 0 3 3 710 0 7 33  2  0  2  2  3  4  0  3  20.00---176.20
250126261111 3 7 3 3 3 0 0 3 23  2  3  2  2  2  0  0  2  20.00---165.40
250127261112 0 0131713272020110  0  0  5  6  5 12  7  7  50.21---157.60
2501282611132013 72327273727180  7  5  3  9 12 12 22 12 100.63---166.30
2501292611142010102020171313123  7  4  4  7  7  6  5  5  60.31---168.60
250130261115 7 7 7 3 7132027 90  3  3  3  2  3  5  7 12  50.21---178.30
25013126111617 7101720172027133  6  3  4  6  7  6  7 12  60.31---200.50
2502012611173737373040374340300 22 22 22 15 27 22 32 27 241.15---182.40
2502022611183340373337432317263 18 27 22 18 22 32  9  6 191.05---209.50
250203261119 7 3 710 7 3 310 50  3  2  3  4  3  2  2  4  30.10---214.20
25020426112010101713 7 710 7 80  4  4  6  5  3  3  4  3  40.10---206.60
250205261121 717 71017271020113  3  6  3  4  6 12  4  7  60.31---186.00
2502062611222323171027171310140  9  9  6  4 12  6  5  4  70.31---182.60
250207261123 3 3 3 7 710 3 3 40  2  2  2  3  3  4  2  2  20.00---176.70
250208261124 023332730201010153  0  9 18 12 15  7  4  4  90.52---168.70
2502092611251017172030404743223  4  6  6  7 15 27 39 32 170.94---158.70
2502102611264727404033373737297 39 12 27 27 18 22 22 22 241.15---155.10
2502112611273730273330333027247 22 15 12 18 15 18 15 12 160.94---149.50
2502122612 13343273027303027247 18 32 12 15 12 15 15 12 160.94---162.50
2502132612 23043373737233740283 15 32 22 22 22  9 22 27 211.15---169.00
2502142612 34347332740303337290 32 39 18 12 27 15 18 22 231.15---174.20
2502152612 43737335033433747317 22 22 18 48 18 32 22 39 281.26---179.50
2502162612 52340304030303740270  9 27 15 27 15 15 22 27 201.05---180.60
2502172612 62733232333371733227 12 18  9  9 18 22  6 18 140.84---179.40
2502182612 7373317 713272043197 22 18  6  3  5 12  7 32 130.84---174.50
2502192612 85033432017234030257 48 18 32  7  6  9 27 15 201.05---173.90
2502202612 9332713 313 0 0 7 97 18 12  5  2  5  0  0  3  60.31---180.00
25022126121027 7 7 310 7 317 80 12  3  3  2  4  3  2  6  40.21---192.80
25022226121127 3 31320 7 723103 12  2  2  5  7  3  3  9  50.21---194.80
250223261212271710 7 3 7 730107 12  6  4  3  2  3  3 15  60.31---205.00
2502242612133010133030204727207 15  4  5 15 15  7 39 12 140.84---198.80
2502252612141310201313172730143  5  4  7  5  5  6 12 15  70.42---186.30
2502262612153033302330333020230 15 18 15  9 15 18 15  7 140.84---176.70
2502272612164043335737433340327 27 32 18 67 22 32 18 27 301.36---160.80
2502282612175037474347434027333 48 22 39 32 39 32 27 12 311.36---154.40
2503012612182337403737173330253  9 22 27 22 22  6 18 15 181.05---149.50
250302261219132023131310 3 0 97  5  7  9  5  5  4  2  0  50.21---148.50
2503032612201310 713 7101010 80  5  4  3  5  3  4  4  4  40.10---160.40
2503042612211023171313172743163  4  9  6  5  5  6 12 32 100.63---157.90
2503052612223330232017271720187 18 15  9  7  6 12  6  7 100.63---154.00
25030626122320132313 7132310123  7  5  9  5  3  5  9  4  60.31---147.70
250307261224 7272730203023 7170  3 12 12 15  7 15  9  3 100.52---144.30
2503082612251730303723334750267  6 15 15 22  9 18 39 48 221.15---145.40
2503092612264757405040302333320 39 67 27 48 27 15  9 18 311.36---145.50
2503102612272317202323271323170  9  6  7  9  9 12  5  9  80.42---147.40
2503112613 12023202727171327173  7  9  7 12 12  6  5 12  90.52---159.30
2503122613 23733304043505043327 22 18 15 27 32 48 48 32 301.36---158.30
2503132613 35047504350374337357 48 39 48 32 48 22 32 22 361.46---151.40
2503142613 45327333030373033273 56 12 18 15 15 22 15 18 211.15---178.10
2503152613 5403333373733 7 7227 27 18 18 22 22 18  3  3 160.94---176.00
2503162613 61720202333102027170  6  7  7  9 18  4  7 12  90.52---183.90
2503172613 73330271730303327227 18 15 12  6 15 15 18 12 140.84---201.50
2503182613 83030232333271720203 15 15  9  9 18 12  6  7 110.73---182.30
2503192613 92340402730334730270  9 27 27 12 15 18 39 15 201.05---177.90
250320261310171717 713 7 723107  6  6  6  3  5  3  3  9  50.21---168.80
2503212613113330171727405350267 18 15  6  6 12 27 56 48 241.15---164.10
2503222613125750272740433743323 67 48 12 12 27 32 22 32 321.36---176.70
2503232613134020271720102013167 27  7 12  6  7  4  7  5  90.52---167.00
2503242613144043273037372717257 27 32 12 15 22 22 12  6 181.05---155.10
2503252613153327233020274030230 18 12  9 15  7 12 27 15 140.84---155.30
2503262613164343233357575743357 32 32  9 18 67 67 67 32 401.57---151.60
2503272613173743474047473737333 22 32 39 27 39 39 22 22 301.36---152.00
2503282613182330272327273340230  9 15 12  9 12 12 18 27 140.84---159.80
250329261319303317131010 310127 15 18  6  5  4  4  2  4  70.42---156.10
25033026132013232313 7 710 7103  5  9  9  5  3  3  4  3  50.21---170.70
250331261321 317201713171010107  2  6  7  6  5  6  4  4  50.21---171.60
25040126132210 7 7 313102320 93  4  3  3  2  5  4  9  7  50.21---181.70
2504022613233733333727173333250 22 18 18 22 12  6 18 18 170.94---179.80
2504032613243323373333304047277 18  9 22 18 18 15 27 39 211.15---178.40
2504042613254040374347434747343 27 27 22 32 39 32 39 39 321.36---180.50
2504052613265750434740375343370 67 48 32 39 27 22 56 32 401.57---184.60
2504062613275030303333373033277 48 15 15 18 18 22 15 18 211.15---167.20
2504072614 13027171320274033207 15 12  6  5  7 12 27 18 130.73---162.60
2504082614 23037372043404337287 15 22 22  7 32 27 32 22 221.15---159.00
2504092614 34733374033302727273 39 18 22 27 18 15 12 12 201.05---167.30
2504102614 44033371713203040230 27 18 22  6  5  7 15 27 160.94---153.20
2504112614 53730202333203040233 22 15  7  9 18  7 15 27 150.84---170.80
2504122614 63323233020333743243 18  9  9 15  7 18 22 32 160.94---166.20
2504132614 73733302327172723217 22 18 15  9 12  6 12  9 130.73---164.60
2504142614 83047331720333337250 15 39 18  6  7 18 18 22 181.05---153.60
2504152614 93020131020505363260 15  7  5  4  7 48 56 94 301.36---154.60
2504162614105033304773637753427 48 18 15 39154 94179 56 751.87---149.50
250417261411303710 727201317160 15 22  4  3 12  7  5  6  90.52---151.90
2504182614123043271720202727210 15 32 12  6  7  7 12 12 130.73---157.10
2504192614134033332030332347260 27 18 18  7 15 18  9 39 191.05---158.80
2504202614145023201313102727183 48  9  7  5  5  4 12 12 130.73---157.80
2504212614154043474353435023343 27 32 39 32 56 32 48  9 341.46---164.60
2504222614163733271717303027217 22 18 12  6  6 15 15 12 130.84---165.10
250423261417102317271713 7 7120  4  9  6 12  6  5  3  3  60.31---169.60
2504242614182327373337202013210  9 12 22 18 22  7  7  5 130.73---171.60
250425261419 7 7101010101720 90  3  3  4  4  4  4  6  7  40.21---166.00
2504262614201313102020171313120  5  5  4  7  7  6  5  5  60.21---157.70
2504272614211023131010272017130  4  9  5  4  4 12  7  6  60.31---157.80
25042826142223 3 310 7 7 7 3 63  9  2  2  4  3  3  3  2  40.10---155.70
250429261423 013201713132013110  0  5  7  6  5  5  7  5  50.21---151.30
2504302614243323272717131027177 18  9 12 12  6  5  4 12 100.52---150.20
2505012614253037404040334747313 15 22 27 27 27 18 39 39 271.26---154.70
2505022614265050404347434050363 48 48 27 32 39 32 27 48 381.46---154.70
2505032614275340404733332737310 56 27 27 39 18 18 12 22 271.26---154.60
2505042615 14033472337474340310 27 18 39  9 22 39 32 27 271.26---161.60
2505052615 23043434347434040330 15 32 32 32 39 32 27 27 301.36---161.40
2505062615 33323202723273337223 18  9  7 12  9 12 18 22 130.84---158.70
2505072615 42027202017101320147  7 12  7  7  6  4  5  7  70.31---157.00
2505082615 5203030132320 737180  7 15 15  5  9  7  3 22 100.63---151.30
2505092615 62720171723334743227 12  7  6  6  9 18 39 32 160.94---138.90
2505102615 74733132320131020180 39 18  5  9  7  5  4  7 120.73---136.80
2505112615 82330201730134740220  9 15  7  6 15  5 39 27 150.94---128.30
2505122615 92017131320101017120  7  6  5  5  7  4  4  6  60.21---117.90
2505132615101013131313233733157  4  5  5  5  5  9 22 18  90.52---119.20
2505142615113720232337373717230 22  7  9  9 22 22 22  6 150.84---124.40
2505152615123337232017302330213 18 22  9  7  6 15  9 15 130.73---121.40
2505162615132020271727202037187  7  7 12  6 12  7  7 22 100.63---120.00
2505172615146353304747433333350 94 56 15 39 39 32 18 18 391.46---119.90
2505182615154030472727404027277 27 15 39 12 12 27 27 12 211.15---121.00
2505192615163330131720231310160 18 15  5  6  7  9  5  4  90.52---119.60
2505202615172030332730271730213  7 15 18 12 15 12  6 15 120.73---121.60
2505212615184030332720131720200 27 15 18 12  7  5  6  7 120.73---122.30
2505222615192017131013172310123  7  6  5  4  5  6  9  4  60.31---123.00
250523261520171320232333 717153  6  5  7  9  9 18  3  6  80.42---124.70
2505242615211310101010 7 710 77  5  4  4  4  4  3  3  4  40.10---133.00
2505252615221717201020131710123  6  6  7  4  7  5  6  4  60.31---136.80
2505262615231010201030132027140  4  4  7  4 15  5  7 12  70.42---136.40
2505272615242020102330304043217  7  7  4  9 15 15 27 32 140.84---140.80
2505282615253743273017333330250 22 32 12 15  6 18 18 15 170.94---148.20
2505292615266350505357535753437 94 48 48 56 67 56 67 56 621.77---148.70
2505302615274343403340474337327 32 32 27 18 27 39 32 22 291.36---161.20
2505312616 13330272340203037240 18 15 12  9 27  7 15 22 160.94---168.80
2506012616 25057777373506737483 48 67179154154 48111 22 981.98---154.60
2506022616 34747607060535357447 39 39 80132 80 56 56 67 691.77---143.90
2506032616 45770605757502323397 67132 80 67 67 48  9  9 601.77---138.70
2506042616 51033304053533730287  4 18 15 27 56 56 22 15 271.26---134.40
2506052616 63717203027332720210 22  6  7 15 12 18 12  7 120.73---131.60
2506062616 72013202017202313147  7  5  7  7  6  7  9  5  70.31---128.20
2506072616 82020334323274340250  7  7 18 32  9 12 32 27 181.05---124.50
2506082616 91720202330373340220  6  7  7  9 15 22 18 27 140.84---118.50
2506092616103740302323272327230 22 27 15  9  9 12  9 12 140.84---124.00
2506102616112713201717172027157 12  5  7  6  6  6  7 12  80.42---133.60
2506112616123327131323404047237 18 12  5  5  9 27 27 39 181.05---146.10
2506122616134740373337275353327 39 27 22 18 22 12 56 56 321.36---145.90
2506132616146753504760536060450111 56 48 39 80 56 80 80 691.77---147.50
2506142616154753302730302727270 39 56 15 12 15 15 12 12 221.15---155.60
2506152616161713202320302720170  6  5  7  9  7 15 12  7  80.52---165.60
2506162616171727372020172317177  6 12 22  7  7  6  9  6  90.52---152.60
2506172616181720171323232323160  6  7  6  5  9  9  9  9  80.42---143.70
2506182616193023202733232733217 15  9  7 12 18  9 12 18 120.73---141.40
2506192616202317131013174330167  9  6  5  4  5  6 32 15 100.63---140.70
25062026162113202723233023 7167  5  7 12  9  9 15  9  3  90.52---133.90
2506212616221730131327331327173  6 15  5  5 12 18  5 12 100.52---124.20
2506222616233323171723232323183 18  9  6  6  9  9  9  9  90.52---128.90
25062326162427131017171710 7117 12  5  4  6  6  6  4  3  60.31---125.80
2506242616251020172023271713147  4  7  6  7  9 12  6  5  70.42---123.80
250625261626 710131330334043190  3  4  5  5 15 18 27 32 140.84---120.70
2506262616274333373343404053323 32 18 22 18 32 27 27 56 291.36---121.20
2506272617 15040403030232027260 48 27 27 15 15  9  7 12 201.05---122.20
2506282617 21720332320132020167  6  7 18  9  7  5  7  7  80.42---125.90
2506292617 31713172017172323147  6  5  6  7  6  6  9  9  70.31---132.60
2506302617 42023203017303027197  7  9  7 15  6 15 15 12 110.63---132.50
2507012617 533201010 3 7 713103 18  7  4  4  2  3  3  5  60.31---130.00
2507022617 61310171323172313130  5  4  6  5  9  6  9  5  60.31---134.10
2507032617 72330273340232037233  9 15 12 18 27  9  7 22 150.84---129.30
2507042617 8272023 710103037163 12  7  9  3  4  4 15 22 100.52---123.10
2507052617 92330303740303030250  9 15 15 22 27 15 15 15 170.94---120.70
2507062617103750303330173050277 22 48 15 18 15  6 15 48 231.15---122.20
2507072617115040272730372730267 48 27 12 12 15 22 12 15 201.05---122.20
2507082617123033272320271727203 15 18 12  9  7 12  6 12 110.73---119.70
2507092617132723131317171313137 12  9  5  5  6  6  5  5  70.31---124.30
250710261714 7 710 7 3 7 7 3 50  3  3  4  3  2  3  3  2  30.10---133.80
2507112617151727274330274333247  6 12 12 32 15 12 32 18 170.94---136.80
2507122617162727303030202323210 12 12 15 15 15  7  9  9 120.73---143.30
2507132617173743373340303330283 22 32 22 18 27 15 18 15 211.15---132.40
2507142617181323271330334330213  5  9 12  5 15 18 32 15 140.84---132.40
2507152617193743474330201317250 22 32 39 32 15  7  5  6 201.05---144.20
2507162617203027303317133747233 15 12 15 18  6  5 22 39 160.94---157.10
2507172617213340373737402713263 18 27 22 22 22 27 12  5 191.05---161.30
2507182617221313172340371717177  5  5  6  9 27 22  6  6 110.63---160.80
2507192617231023131317271710130  4  9  5  5  6 12  6  4  60.31---157.50
250720261724101010171713 713 97  4  4  4  6  6  5  3  5  50.21---155.10
2507212617251313 7 310 3 3 3 57  5  5  3  2  4  2  2  2  30.10---147.50
250722261726 320101717304047183  2  7  4  6  6 15 27 39 130.84---149.60
2507232617274037374747304037313 27 22 22 39 39 15 27 22 271.26---154.90
2507242618 13727273730332720237 22 12 12 22 15 18 12  7 150.84---161.10
2507252618 22023171720232027167  7  9  6  6  7  9  7 12  80.42---152.70
2507262618 31710132330373020180  6  4  5  9 15 22 15  7 100.63---147.70
2507272618 4 7 71013 31010 7 67  3  3  4  5  2  4  4  3  40.10---149.50
2507282618 5 710101013132323110  3  4  4  4  5  5  9  9  50.21---149.10
2507292618 627202017 7101020130 12  7  7  6  3  4  4  7  60.31---156.10
2507302618 71713102023302010143  6  5  4  7  9 15  7  4  70.42---153.60
2507312618 83020172323202020173 15  7  6  9  9  7  7  7  80.52---149.20
2508012618 92327232330132733200  9 12  9  9 15  5 12 18 110.63---150.00
2508022618103020131017232327163 15  7  5  4  6  9  9 12  80.52---150.60
2508032618111710101717274017153  6  4  4  6  6 12 27  6  90.52---150.60
250804261812 313202320232023147  2  5  7  9  7  9  7  9  70.31---146.80
2508052618133020 71327232723170 15  7  3  5 12  9 12  9  90.52---161.10
2508062618141713 71310201327120  6  5  3  5  4  7  5 12  60.31---162.70
2508072618151010 310 7 3 310 57  4  4  2  4  3  2  2  4  30.10---155.90
250808261816 313103047405033227  2  5  4 15 39 27 48 18 201.05---151.80
2508092618175047505050574033377 48 39 48 48 48 67 27 18 431.57---143.50
2508102618183323434030404030280 18  9 32 27 15 27 27 15 211.15---157.50
2508112618194323332333402327247 32  9 18  9 18 27  9 12 170.94---149.60
2508122618204030202030272330220 27 15  7  7 15 12  9 15 130.84---156.60
2508132618212027272327303033217  7 12 12  9 12 15 15 18 120.73---143.70
2508142618223320302720131320177 18  7 15 12  7  5  5  7 100.52---133.80
2508152618232320201313131713133  9  7  7  5  5  5  6  5  60.31---125.90
250816261824 313 71310171017 90  2  5  3  5  4  6  4  6  40.21---125.20
250817261825 71317101710 3 0 77  3  5  6  4  6  4  2  0  40.10---120.30
250818261826 0 3 72023301320117  0  2  3  7  9 15  5  7  60.31---116.60
2508192618273020202340404737257 15  7  7  9 27 27 39 22 191.05---118.80
2508202619 14030302013202330207 27 15 15  7  5  7  9 15 120.73---122.50
2508212619 22720 71010172320133 12  7  3  4  4  6  9  7  60.31---123.80
2508222619 33020 7 717172027143 15  7  3  3  6  6  7 12  70.42---138.80
2508232619 42020101710 7 713103  7  7  4  6  4  3  3  5  50.21---145.60
2508242619 51717 71010131710100  6  6  3  4  4  5  6  4  50.21---154.80
2508252619 6 717 31030301717130  3  6  2  4 15 15  6  6  70.42---178.60
2508262619 71727172313101317137  6 12  6  9  5  4  5  6  70.31---206.50
2508272619 813 7 72327172020133  5  3  3  9 12  6  7  7  60.31---230.30
2508282619 91713201317171720133  6  5  7  5  6  6  6  7  60.31---236.20
2508292619102017 71017132020123  7  6  3  4  6  5  7  7  60.31---226.00
2508302619111310172017201723137  5  4  6  7  6  7  6  9  60.31---223.60
2508312619122017132317201710137  7  6  5  9  6  7  6  4  60.31---221.10
2509012619131313101010173057160  5  5  4  4  4  6 15 67 140.84---205.50
2509022619145343403330434743333 56 32 27 18 15 32 39 32 311.36---190.70
25090326191543332023171323 3177 32 18  7  9  6  5  9  2 110.63---182.70
25090426191613 7172723232330163  5  3  6 12  9  9  9 15  80.52---174.90
25090526191713 3 71710132730120  5  2  3  6  4  5 12 15  60.31---151.40
2509062619183337403740504013290 18 22 27 22 27 48 27  5 241.26---148.70
250907261919 0 3 0 0 3 31720 47  0  2  0  0  2  2  6  7  20.00---134.50
2509082619203337232030273013213 18 22  9  7 15 12 15  5 130.73---126.40
2509092619213023272027203053230 15  9 12  7 12  7 15 56 170.94---123.40
2509102619224040 71720201313170 27 27  3  6  7  7  5  5 110.63---120.60
2509112619233323231313171017150 18  9  9  5  5  6  4  6  80.42---116.70
250912261924 3202327171717 7130  2  7  9 12  6  6  6  3  60.31---115.50
25091326192513232717 7 7 3 7103  5  9 12  6  3  3  2  3  50.21---119.00
2509142619261717171717202747177  6  6  6  6  6  7 12 39 110.63---123.50
2509152619276757474753373740383111 67 39 39 56 22 22 27 481.67---131.30
2509162620 14337373030232727253 32 22 22 15 15  9 12 12 170.94---136.20
2509172620 22027302720132323183  7 12 15 12  7  5  9  9 100.52---148.60
2509182620 3171717232020 710130  6  6  6  9  7  7  3  4  60.31---151.80
2509192620 4 0 0 0 310 3 3 3 23  0  0  0  2  4  2  2  2  20.00---161.30
2509202620 5 7131710 7 7 313 77  3  5  6  4  3  3  2  5  40.10---167.80
2509212620 6 71317 317171010 93  3  5  6  2  6  6  4  4  40.21---177.30
2509222620 72323203030303333223  9  9  7 15 15 15 18 18 130.84---173.70
2509232620 83330272737332717230 18 15 12 12 22 18 12  6 140.84---172.50
2509242620 91713101723201323137  6  5  4  6  9  7  5  9  60.31---185.80
250925262010 710132323171717127  3  4  5  9  9  6  6  6  60.31---171.40
2509262620112017 71710 72313113  7  6  3  6  4  3  9  5  50.21---165.90
250927262012 713 7 710 72320 93  3  5  3  3  4  3  9  7  50.21---164.20
2509282620133030 71717272717170 15 15  3  6  6 12 12  6  90.52---171.20
2509292620142323304740535033300  9  9 15 39 27 56 48 18 281.26---187.00
2509302620155070605057576353460 48132 80 48 67 67 94 56 741.87---187.60
2510012620165050474050476343390 48 48 39 27 48 39 94 32 471.57---184.40
2510022620175367434740275043370 56111 32 39 27 12 48 32 451.57---168.10
2510032620184350474033373727313 32 48 39 27 18 22 22 12 281.26---169.80
2510042620193033373740373023267 15 18 22 22 27 22 15  9 191.05---157.70
251005262020233330132010 310143  9 18 15  5  7  4  2  4  80.42---147.70
251006262021 3 0 7 713171720 83  2  0  3  3  5  6  6  7  40.10---133.00
2510072620222023232740332720213  7  9  9 12 27 18 12  7 130.73---121.60
25100826202327372317232313 3167 12 22  9  6  9  9  5  2  90.52---119.40
251009262024 3 320 710 71320 83  2  2  7  3  4  3  5  7  40.10---121.30
2510102620253320272013101317153 18  7 12  7  5  4  5  6  80.42---120.30
2510112620262037433020232737237  7 22 32 15  7  9 12 22 160.94---130.70
2510122620274040404040475043340 27 27 27 27 27 39 48 32 321.36---141.90
2510132621 14743333730273327277 39 32 18 22 15 12 18 12 211.15---140.70
2510142621 22320201320201023150  9  7  7  5  7  7  4  9  70.31---153.60
2510152621 3373330231710 717173 22 18 15  9  6  4  3  6 100.63---161.10
2510162621 4 3 31310 7 31313 67  2  2  5  4  3  2  5  5  40.10---159.60
2510172621 51317273723301713177  5  6 12 22  9 15  6  5 100.63---163.20
2510182621 63743474033476343353 22 32 39 27 18 39 94 32 381.46---155.90
2510192621 75030203330332327247 48 15  7 18 15 18  9 12 181.05---147.30
2510202621 82727231317101317147 12 12  9  5  6  4  5  6  70.42---139.10
2510212621 9273017 310132723150 12 15  6  2  4  5 12  9  80.42---131.70
251022262110 3 7 7 710101313 70  2  3  3  3  4  4  5  5  40.10---131.60
2510232621111710 01313102023107  6  4  0  5  5  4  7  9  50.21---128.60
2510242621122723202320233013180 12  9  7  9  7  9 15  5  90.52---132.20
2510252621132337302020 7 3 3143  9 22 15  7  7  3  2  2  80.52---125.60
251026262114 7 71313 0 7 0 7 53  3  3  5  5  0  3  0  3  30.00---121.90
251027262115 7 7 7 7 7172030100  3  3  3  3  3  6  7 15  50.21---119.90
2510282621163033332033304040260 15 18 18  7 18 15 27 27 181.05---120.70
2510292621172327333030374043263  9 12 18 15 15 22 27 32 191.05---116.80
2510302621184337405353433750357 32 22 27 56 56 32 22 48 371.46---118.60
2510312621194347433337302727287 32 39 32 18 22 15 12 12 231.15---113.70
2511012621202733272327303023220 12 18 12  9 12 15 15  9 130.73---113.60
2511022621214333232323372730240 32 18  9  9  9 22 12 15 160.94---121.10
2511032621222733433733373033273 12 18 32 22 18 22 15 18 201.05---130.80
2511042621233023203017201717173 15  9  7 15  6  7  6  6  90.52---156.60
2511052621243733402017234057267 22 18 27  7  6  9 27 67 231.15---144.90
2511062621255067603720303747347 48111 80 22  7 15 22 39 431.57---160.80
2511072621265353504033303030320 56 56 48 27 18 15 15 15 311.36---162.70
2511082621276053533733332713310 80 56 56 22 18 18 12  5 331.36---168.70
2511092622 11713231020101030133  6  5  9  4  7  4  4 15  70.31---172.30
2511102622 22720102327433033213 12  7  4  9 12 32 15 18 140.84---176.80
2511112622 313271023 710 323117  5 12  4  9  3  4  2  9  60.31---164.70
2511122622 48787707753435740513300300132179 56 32 67 271371.98---160.00
2511132622 567736337473727 7357111154 94 22 39 22 12  3 571.77---152.70
2511142622 6 7 7 7131010 3 0 57  3  3  3  5  4  4  2  0  30.10---142.20
2511152622 71310201717173330157  5  4  7  6  6  6 18 15  80.52---129.40
2511162622 83337272737303033253 18 22 12 12 22 15 15 18 170.94---129.30
2511172622 93727301020 72020170 22 12 15  4  7  3  7  7 100.52---119.50
251118262210232020 3 0 0 0 7 73  9  7  7  2  0  0  0  3  40.10---117.40
251119262211 3 0 7 3 3 310 3 33  2  0  3  2  2  2  4  2  20.00---119.60
251120262212 3171010 3202730120  2  6  4  4  2  7 12 15  60.31---118.50
2511212622132727 71317202013143 12 12  3  5  6  7  7  5  70.42---118.30
2511222622142010 7 310 71723 97  7  4  3  2  4  3  6  9  50.21---116.40
2511232622152717172330372723200 12  6  6  9 15 22 12  9 110.73---116.70
2511242622163030333347373333277 15 15 18 18 39 22 18 18 201.05---113.20
2511252622174747434040404027323 39 39 32 27 27 27 27 12 291.36---113.90
2511262622182740433340433330290 12 27 32 18 27 32 18 15 231.15---117.70
2511272622192733404340374343307 12 18 27 32 27 22 32 32 251.26---117.70
2511282622203330374037373327273 18 15 22 27 22 22 18 12 201.05---134.50
2511292622212333373340403030267  9 18 22 18 27 27 15 15 191.05---151.10
2511302622223740233013233027223 22 27  9 15  5  9 15 12 140.84---175.40
25120126222337 7171720302013160 22  3  6  6  7 15  7  5  90.52---191.20
2512022622242027 71710202720147  7 12  3  6  4  7 12  7  70.42---195.20
2512032622251023172740436750277  4  9  6 12 27 32111 48 311.36---203.60
2512042622265050474340403730337 48 48 39 32 27 27 22 15 321.36---213.60
2512052622273033332723233327230 15 18 18 12  9  9 18 12 140.84---200.20
2512062623 13337403027232017227 18 22 27 15 12  9  7  6 140.84---194.00
2512072623 22333302313 0 0 0123  9 18 15  9  5  0  0  0  70.42---188.60
2512082623 3 0 3 0 0 0 010 3 17  0  2  0  0  0  0  4  2  10.00---180.70
2512092623 4 7 0 7 713131310 70  3  0  3  3  5  5  5  4  40.10---178.10
2512102623 52023331320233060223  7  9 18  5  7  9 15 80 191.05---163.40
2512112623 66047232020374730283 80 39  9  7  7 22 39 15 271.26---142.40
2512122623 74040303330405047310 27 27 15 18 15 27 48 39 271.26---130.40
2512132623 84723202323233323217 39  9  7  9  9  9 18  9 140.84---118.30
2512142623 927201017101013 7113 12  7  4  6  4  4  5  3  60.31---115.10
251215262310 7 310133013 313 93  3  2  4  5 15  5  2  5  50.21---114.60
2512162623113023172023302327193 15  9  6  7  9 15  9 12 100.63---113.00
2512172623122330272327274047243  9 15 12  9 12 12 27 39 170.94---114.70
2512182623134327373320303027247 32 12 22 18  7 15 15 12 170.94---112.20
251219262314232013 710172017127  9  7  5  3  4  6  7  6  60.31---114.40
25122026231520 7131017201717120  7  3  5  4  6  7  6  6  60.21---115.70
2512212623163327303747473347300 18 12 15 22 39 39 18 39 251.26---120.00
2512222623173333333047373743293 18 18 18 15 39 22 22 32 231.15---129.00
2512232623183037333333334040280 15 22 18 18 18 18 27 27 201.05---137.00
2512242623194043372733333027270 27 32 22 12 18 18 15 12 201.05---129.80
2512252623203030302023231317187 15 15 15  7  9  9  5  6 100.63---157.20
251226262321132320202333 710150  5  9  7  7  9 18  3  4  80.42---160.90
2512272623221027171710102317130  4 12  6  6  4  4  9  6  60.31---171.80
25122826232320 7 72020272320143  7  3  3  7  7 12  9  7  70.31---181.60
251229262324302723232010 320157 15 12  9  9  7  4  2  7  80.42---189.40
2512302623251317171330272010147  5  6  6  5 15 12  7  4  80.42---176.10
2512312623262013201733131010137  7  5  7  6 18  5  4  4  70.42---164.80
