2601012623272030232730232327203  7 15  9 12 15  9  9 12 110.63---163.60
2601022624 12740302737335043287 12 27 15 12 22 18 48 32 231.15---160.50
2601032624 23030201730232310183 15 15  7  6 15  9  9  4 100.63---159.80
2601042624 3 0 0 0 7 3 72030 67  0  0  0  3  2  3  7 15  40.10---152.20
2601052624 43040432727 7 313190 15 27 32 12 12  3  2  5 140.84---149.20
2601062624 5 7 7102023 7 3 0 77  3  3  4  7  9  3  2  0  40.10---139.70
2601072624 6 0 7 0 3 7102320 70  0  3  0  2  3  4  9  7  40.10---130.60
2601082624 74033372010102030200 27 18 22  7  4  4  7 15 130.73---135.50
2601092624 83330202017273017193 18 15  7  7  6 12 15  6 110.63---113.00
2601102624 92030333047335757307  7 15 18 15 39 18 67 67 311.36---110.40
2601112624104327302340505340307 32 12 15  9 27 48 56 27 281.26---107.00
2601122624113040372717203043243 15 27 22 12  6  7 15 32 170.94---109.20
26011326241233271720 3102320153 18 12  6  7  2  4  9  7  80.42---112.80
2601142624131720 7 720131727127  6  7  3  3  7  5  6 12  60.31---122.40
2601152624142720272310303023190 12  7 12  9  4 15 15  9 100.63---134.80
2601162624153337332733504047300 18 22 18 12 18 48 27 39 251.26---142.80
2601172624165033403030374037297 48 18 27 15 15 22 27 22 241.26---154.10
2601182624172737272323273730230 12 22 12  9  9 12 22 15 140.84---180.60
26011926241833 7 31013308387267 18  3  2  4  5 15236300 731.87---167.90
2601202624196757737773737377570111 671541791541541541791442.09---172.00
2601212624207367706343403327417154111132 94 32 27 18 12 721.87---182.10
2601222624214030232023201753227 27 15  9  7  9  7  6 56 170.94---188.40
2601232624224040374333434340320 27 27 22 32 18 32 32 27 271.26---173.90
2601242624234317232330304030237 32  6  9  9 15 15 27 15 160.94---168.10
2601252624243330303033332317230 18 15 15 15 18 18  9  6 140.84---159.40
2601262624252010202327203033183  7  4  7  9 12  7 15 18 100.63---148.00
2601272624261730101710203030163  6 15  4  6  4  7 15 15  90.52---139.40
2601282624273333273733433350290 18 18 12 22 18 32 18 48 231.15---129.10
2601292625 14333203737403733280 32 18  7 22 22 27 22 18 211.15---124.90
2601302625 2372720231713 023160 22 12  7  9  6  5  0  9  90.52---123.80
2601312625 3202013 3 7 310 3 80  7  7  5  2  3  2  4  2  40.10---136.40
2602012625 4 0 3131010101010 67  0  2  5  4  4  4  4  4  30.10---156.80
2602022625 52323101013 71013110  9  9  4  4  5  3  4  5  50.21---168.80
2602032625 62017 7 7 71020 3 90  7  6  3  3  3  4  7  2  40.21---172.50
2602042625 7 0 0 71023332337133  0  0  3  4  9 18  9 22  80.42---162.50
2602052625 84053433733131310243 27 56 32 22 18  5  5  4 211.15---171.00
2602062625 9 013203037433730210  0  5  7 15 22 32 22 15 150.84---159.20
2602072625103737272720272733233 22 22 12 12  7 12 12 18 150.84---164.80
2602082625112323 71010102027130  9  9  3  4  4  4  7 12  60.31---162.90
2602092625122313131323201020137  9  5  5  5  9  7  4  7  60.31---140.40
26021026251310 3 72720172743153  4  2  3 12  7  6 12 32 100.52---138.40
2602112625144030273023303037247 27 15 12 15  9 15 15 22 160.94---125.60
260212262515232320231023 720150  9  9  7  9  4  9  3  7  70.42---125.70
2602132625164020202017272340207 27  7  7  7  6 12  9 27 130.73---114.40
2602142625172723 3 3 7102347143 12  9  2  2  3  4  9 39 100.63---114.00
2602152625185053332727333040293 48 56 18 12 12 18 15 27 261.26---114.70
2602162625194340403320375723293 32 27 27 18  7 22 67  9 261.26---115.10
2602172625202020232723302023187  7  7  9 12  9 15  7  9  90.52---118.70
2602182625212030202323202323183  7 15  7  9  9  7  9  9  90.52---116.00
2602192625223030272030101013170 15 15 12  7 15  4  4  5 100.52---113.80
260220262523 723202027272740190  3  9  7  7 12 12 12 27 110.63---108.70
2602212625244033271713172740213 27 18 12  6  5  6 12 27 140.84---107.50
2602222625253747534040374053347 22 39 56 27 27 22 27 56 341.46---107.80
2602232625263047303333174340273 15 39 15 18 18  6 32 27 211.15---105.70
2602242625272737272733233327233 12 22 12 12 18  9 18 12 140.84---117.20
2602252626 13323203027272037217 18  9  7 15 12 12  7 22 130.73---122.20
2602262626 23737373027203320240 22 22 22 15 12  7 18  7 160.94---127.30
2602272626 33017172027301320173 15  6  6  7 12 15  5  7  90.52---135.90
2602282626 41727131323132023150  6 12  5  5  9  5  7  9  70.42---138.10
2603012626 52727231713101713147 12 12  9  6  5  4  6  5  70.42---144.40
2603022626 6131010 317101010 83  5  4  4  2  6  4  4  4  40.10---145.00
2603032626 7 323202020303350200  2  9  7  7  7 15 18 48 140.84---141.10
2603042626 82030132010131717140  7 15  5  7  4  5  6  6  70.31---138.80
2603052626 917 013 310 3 3 3 53  6  0  5  2  4  2  2  2  30.10---143.80
2603062626101023171020101030130  4  9  6  4  7  4  4 15  70.31---140.60
2603072626114033302017303740247 27 18 15  7  6 15 22 27 170.94---133.30
2603082626124337402737403023277 32 22 27 12 22 27 15  9 211.15---132.60
2603092626131713 71317202023130  6  5  3  5  6  7  7  9  60.31---126.50
2603102626143327202027403017213 18 12  7  7 12 27 15  6 130.73---125.10
2603112626153337201723 32013167 18 22  7  6  9  2  7  5 100.52---121.20
2603122626162323131020231713143  9  9  5  4  7  9  6  5  70.31---119.30
2603132626173037274317232757260 15 22 12 32  6  9 12 67 221.15---118.90
2603142626186060474350372737360 80 80 39 32 48 22 12 22 421.57---110.30
2603152626194020234027303037247 27  7  9 27 12 15 15 22 170.94---107.80
2603162626202727201720201310153 12 12  7  6  7  7  5  4  80.42---110.00
260317262621171010 7 7 3 7 7 67  6  4  4  3  3  2  3  3  40.10---110.10
260318262622 3101013 7 7 717 73  2  4  4  5  3  3  3  6  40.10---111.80
260319262623 0 3 3 310 7 0 0 27  0  2  2  2  4  3  0  0  20.00---105.10
2603202626241327333730335363290  5 12 18 22 15 18 56 94 301.36---101.20
2603212626257057504033303727343132 67 48 27 18 15 22 12 431.57---106.40
2603222626263747476360706767457 22 39 39 94 80132111111 781.87---119.30
2603232626275037332747504343330 48 22 18 12 39 48 32 32 311.36---123.50
2603242627 12737303330303023240 12 22 15 18 15 15 15  9 150.94---127.50
2603252627 227335033101727 3200 12 18 48 18  4  6 12  2 150.84---139.40
2603262627 32317201723302020170  9  6  7  6  9 15  7  7  80.42---151.50
2603272627 41320131010201723127  5  7  5  4  4  7  6  9  60.31---155.70
2603282627 53313272313171330170 18  5 12  9  5  6  5 15  90.52---161.20
2603292627 63337301733371017213 18 22 15  6 18 22  4  6 140.84---157.40
2603302627 72027332733172010187  7 12 18 12 18  6  7  4 100.63---151.40
2603312627 81027171720171013130  4 12  6  6  7  6  4  5  60.31---140.50
2604012627 93017101030231323157 15  6  4  4 15  9  5  9  80.52---141.70
2604022627104743504750604737380 39 32 48 39 48 80 39 22 431.57---140.20
2604032627113733534037675357377 22 18 56 27 22111 56 67 471.57---135.80
26040426271240402723 7174020213 27 27 12  9  3  6 27  7 150.84---128.20
26040526271337333023233013 7197 22 18 15  9  9 15  5  3 120.73---118.10
2604062627141327202020272723177  5 12  7  7  7 12 12  9  90.52---116.50
260407262715302313 313231330150 15  9  5  2  5  9  5 15  80.42---109.10
2604082627162317102020172313143  9  6  4  7  7  6  9  5  70.31---108.70
2604092627171310201023171723133  5  4  7  4  9  6  6  9  60.31---097.00
2604102627183727231743373717237 22 12  9  6 32 22 22  6 160.94---094.10
2604112627192040373323171710197  7 27 22 18  9  6  6  4 120.73---093.70
2604122627202023202023131720157  7  9  7  7  9  5  6  7  70.42---099.30
260413262721 310 7 3 310 710 53  2  4  3  2  2  4  3  4  30.10---099.20
26041426272213 0 0101010 3 3 50  5  0  0  4  4  4  2  2  30.00---101.50
260415262723 71010 310171017 83  3  4  4  2  4  6  4  6  40.10---105.50
260416262724 0 7 7 3 0 310 7 37  0  3  3  2  0  2  4  3  20.00---108.80
260417262725 0 0 0 0 0 31727 47  0  0  0  0  0  2  6 12  20.00---108.00
2604182627263347535037303347330 18 39 56 48 22 15 18 39 321.36---106.00
2604192627273740533323232013243 22 27 56 18  9  9  7  5 191.05---105.40
2604202628 11017373330505037263  4  6 22 18 15 48 48 22 231.15---106.10
2604212628 24740201733403020247 39 27  7  6 18 27 15  7 181.05---113.50
2604222628 310 7 31717 71313 87  4  3  2  6  6  3  5  5  40.10---117.50
2604232628 42027201710131013130  7 12  7  6  4  5  4  5  60.31---129.30
2604242628 52313201017173330163  9  5  7  4  6  6 18 15  90.52---148.00
2604252628 6331010 710173030147 18  4  4  3  4  6 15 15  90.52---150.20
2604262628 72333233313102730193  9 18  9 18  5  4 12 15 110.63---158.30
2604272628 83020 710101310 7107 15  7  3  4  4  5  4  3  60.31---144.30
2604282628 9 0 3 0 3 3 310 3 27  0  2  0  2  2  2  4  2  20.00---151.40
260429262810 3 0 7 713 71713 67  2  0  3  3  5  3  6  5  30.10---145.10
2604302628112317101723274047203  9  6  4  6  9 12 27 39 140.84---145.40
26050126281237433013 7173013190 22 32 15  5  3  6 15  5 130.73---147.00
