IRI Profile on 20100101 0200 UT 
Altitude, Ne[m^-3], Ti[K],Te[K]
80.00,3.168e+08,218.34,218.34
81.00,3.430e+08,216.47,216.47
82.00,3.661e+08,214.51,214.51
83.00,3.870e+08,212.49,212.49
84.00,4.069e+08,210.44,210.44
85.00,4.353e+08,208.37,208.37
86.00,4.971e+08,206.32,206.32
87.00,6.376e+08,204.30,204.30
88.00,9.660e+08,202.33,202.33
89.00,1.436e+09,200.44,200.44
90.00,1.941e+09,198.62,198.62
91.00,2.483e+09,196.91,196.91
92.00,3.032e+09,195.32,195.32
93.00,3.558e+09,193.85,193.85
94.00,4.038e+09,192.54,192.54
95.00,4.456e+09,191.38,191.38
96.00,4.805e+09,190.40,190.40
97.00,5.085e+09,189.61,189.61
98.00,5.301e+09,189.01,189.01
99.00,5.462e+09,188.64,188.64
100.00,5.577e+09,188.50,188.50
101.00,5.655e+09,188.62,188.62
102.00,5.706e+09,189.04,189.04
103.00,5.737e+09,189.81,189.81
104.00,5.755e+09,191.01,191.01
105.00,5.764e+09,192.68,192.68
106.00,5.768e+09,194.92,194.92
107.00,5.770e+09,197.82,197.82
108.00,5.770e+09,201.48,201.48
109.00,5.770e+09,206.04,206.04
110.00,5.770e+09,211.70,211.70
111.00,5.737e+09,218.63,218.63
112.00,5.647e+09,226.90,226.90
113.00,5.516e+09,236.56,236.56
114.00,5.356e+09,247.65,247.65
115.00,5.178e+09,260.20,260.20
116.00,4.993e+09,274.22,274.22
117.00,4.807e+09,289.64,289.64
118.00,4.629e+09,306.34,306.34
119.00,4.463e+09,324.04,324.04
120.00,4.314e+09,342.30,342.30
121.00,4.186e+09,360.45,360.45
122.00,4.081e+09,377.57,377.57
123.00,3.999e+09,392.49,392.49
124.00,3.943e+09,402.93,402.93
125.00,3.911e+09,413.55,413.55
126.00,3.904e+09,423.79,423.79
127.00,3.919e+09,433.67,434.06
128.00,3.957e+09,443.20,447.17
129.00,4.014e+09,452.39,460.28
130.00,4.088e+09,461.25,473.39
131.00,4.177e+09,469.80,486.50
132.00,4.279e+09,478.05,499.61
133.00,4.392e+09,486.00,512.72
134.00,4.513e+09,493.68,525.83
135.00,4.641e+09,501.08,538.94
136.00,4.773e+09,508.22,552.05
137.00,4.909e+09,515.11,565.16
138.00,5.048e+09,521.75,578.27
139.00,5.190e+09,528.16,591.38
140.00,5.336e+09,534.34,604.49
141.00,5.486e+09,540.31,617.59
142.00,5.643e+09,546.06,630.70
143.00,5.813e+09,551.61,643.81
144.00,6.001e+09,556.97,656.92
145.00,6.196e+09,562.13,670.03
146.00,6.399e+09,567.11,683.14
147.00,6.611e+09,571.92,696.25
148.00,6.831e+09,576.56,709.36
149.00,7.060e+09,581.03,722.47
150.00,7.299e+09,585.35,735.58
151.00,7.548e+09,589.52,748.69
152.00,7.807e+09,593.53,761.79
153.00,8.078e+09,597.41,774.90
154.00,8.361e+09,601.15,788.01
155.00,8.656e+09,604.76,801.12
156.00,8.966e+09,608.24,814.22
157.00,9.289e+09,611.60,827.33
158.00,9.628e+09,614.84,840.44
159.00,9.982e+09,617.97,853.54
160.00,1.035e+10,620.99,866.64
161.00,1.075e+10,623.90,879.75
162.00,1.116e+10,626.71,892.85
163.00,1.159e+10,629.42,905.95
164.00,1.204e+10,632.03,919.04
165.00,1.252e+10,634.56,932.14
166.00,1.303e+10,636.99,945.23
167.00,1.356e+10,639.34,958.31
168.00,1.413e+10,641.61,971.39
169.00,1.473e+10,643.80,984.47
170.00,1.536e+10,645.91,997.53
171.00,1.604e+10,647.95,1010.59
172.00,1.677e+10,649.91,1023.64
173.00,1.754e+10,651.81,1036.67
174.00,1.837e+10,653.64,1049.68
175.00,1.926e+10,655.41,1062.67
176.00,2.022e+10,657.11,1075.64
177.00,2.125e+10,658.76,1088.58
178.00,2.232e+10,660.35,1101.48
179.00,2.344e+10,661.88,1114.33
180.00,2.459e+10,663.36,1127.13
181.00,2.579e+10,664.79,1139.86
182.00,2.703e+10,666.16,1152.51
183.00,2.831e+10,667.49,1165.06
184.00,2.964e+10,668.78,1177.50
185.00,3.101e+10,670.01,1189.80
186.00,3.243e+10,671.21,1201.93
187.00,3.389e+10,672.36,1213.86
188.00,3.540e+10,673.48,1225.57
189.00,3.695e+10,674.55,1237.00
190.00,3.855e+10,675.59,1248.12
191.00,4.019e+10,676.59,1258.89
192.00,4.188e+10,677.56,1269.24
193.00,4.361e+10,678.49,1279.15
194.00,4.539e+10,679.39,1288.55
195.00,4.721e+10,680.26,1297.40
196.00,4.908e+10,681.10,1305.67
197.00,5.099e+10,681.91,1313.34
198.00,5.294e+10,682.69,1320.37
199.00,5.493e+10,683.44,1326.78
200.00,5.696e+10,684.17,1332.56
201.00,5.904e+10,687.43,1337.73
202.00,6.115e+10,690.68,1342.33
203.00,6.330e+10,693.94,1346.38
204.00,6.548e+10,697.20,1349.95
205.00,6.769e+10,700.46,1353.07
206.00,6.994e+10,703.71,1355.79
207.00,7.222e+10,706.97,1358.16
208.00,7.452e+10,710.23,1360.23
209.00,7.686e+10,713.49,1362.03
210.00,7.921e+10,716.74,1363.61
211.00,8.158e+10,720.00,1365.00
212.00,8.397e+10,723.26,1366.22
213.00,8.638e+10,726.51,1367.32
214.00,8.880e+10,729.77,1368.29
215.00,9.123e+10,733.03,1369.18
216.00,9.366e+10,736.29,1369.99
217.00,9.610e+10,739.54,1370.73
218.00,9.854e+10,742.80,1371.42
219.00,1.010e+11,746.06,1372.06
220.00,1.034e+11,749.32,1372.67
221.00,1.058e+11,752.57,1373.25
222.00,1.082e+11,755.83,1373.80
223.00,1.106e+11,759.09,1374.33
224.00,1.130e+11,762.34,1374.85
225.00,1.153e+11,765.60,1375.35
226.00,1.176e+11,768.86,1375.85
227.00,1.199e+11,772.12,1376.33
228.00,1.221e+11,775.37,1376.80
229.00,1.243e+11,778.63,1377.27
230.00,1.265e+11,781.89,1377.74
231.00,1.286e+11,785.15,1378.20
232.00,1.306e+11,788.40,1378.65
233.00,1.326e+11,791.66,1379.11
234.00,1.345e+11,794.92,1379.56
235.00,1.364e+11,798.17,1380.01
236.00,1.382e+11,801.43,1380.46
237.00,1.399e+11,804.69,1380.90
238.00,1.416e+11,807.95,1381.35
239.00,1.431e+11,811.20,1381.79
240.00,1.446e+11,814.46,1382.24
241.00,1.460e+11,817.72,1382.68
242.00,1.473e+11,820.98,1383.12
243.00,1.486e+11,824.23,1383.57
244.00,1.497e+11,827.49,1384.01
245.00,1.508e+11,830.75,1384.45
246.00,1.517e+11,834.00,1384.89
247.00,1.526e+11,837.26,1385.34
248.00,1.533e+11,840.52,1385.78
249.00,1.540e+11,843.78,1386.22
250.00,1.545e+11,847.03,1386.66
251.00,1.550e+11,850.29,1387.10
252.00,1.554e+11,853.55,1387.54
253.00,1.556e+11,856.81,1387.99
254.00,1.558e+11,860.06,1388.43
255.00,1.558e+11,863.32,1388.87
256.00,1.558e+11,866.58,1389.31
257.00,1.558e+11,869.83,1389.75
258.00,1.557e+11,873.09,1390.20
259.00,1.557e+11,876.35,1390.64
260.00,1.556e+11,879.61,1391.08
261.00,1.556e+11,882.86,1391.52
262.00,1.555e+11,886.12,1391.97
263.00,1.554e+11,889.38,1392.41
264.00,1.553e+11,892.64,1392.85
265.00,1.552e+11,895.89,1393.30
266.00,1.550e+11,899.15,1393.74
267.00,1.549e+11,902.41,1394.19
268.00,1.547e+11,905.66,1394.64
269.00,1.545e+11,908.92,1395.08
270.00,1.544e+11,912.18,1395.53
271.00,1.542e+11,915.44,1395.99
272.00,1.540e+11,918.69,1396.44
273.00,1.537e+11,921.95,1396.90
274.00,1.535e+11,925.21,1397.36
275.00,1.533e+11,928.47,1397.82
276.00,1.530e+11,931.72,1398.29
277.00,1.528e+11,934.98,1398.77
278.00,1.525e+11,938.24,1399.25
279.00,1.522e+11,941.49,1399.75
280.00,1.519e+11,944.75,1400.25
281.00,1.516e+11,948.01,1400.77
282.00,1.513e+11,951.27,1401.31
283.00,1.509e+11,954.52,1401.87
284.00,1.506e+11,957.78,1402.45
285.00,1.502e+11,961.04,1403.06
286.00,1.499e+11,964.30,1403.71
287.00,1.495e+11,967.55,1404.40
288.00,1.491e+11,970.81,1405.14
289.00,1.487e+11,974.07,1405.94
290.00,1.483e+11,977.32,1406.82
291.00,1.479e+11,980.58,1407.77
292.00,1.475e+11,983.84,1408.82
293.00,1.471e+11,987.10,1409.99
294.00,1.466e+11,990.35,1411.28
295.00,1.462e+11,993.61,1412.71
296.00,1.457e+11,996.87,1414.29
297.00,1.452e+11,1000.13,1416.04
298.00,1.448e+11,1003.38,1417.98
299.00,1.443e+11,1006.64,1420.10
300.00,1.438e+11,1009.90,1422.42
301.00,1.433e+11,1013.15,1424.94
302.00,1.428e+11,1016.41,1427.65
303.00,1.423e+11,1019.67,1430.55
304.00,1.417e+11,1022.93,1433.63
305.00,1.412e+11,1026.18,1436.88
306.00,1.407e+11,1029.44,1440.29
307.00,1.401e+11,1032.70,1443.84
308.00,1.396e+11,1035.96,1447.51
309.00,1.390e+11,1039.21,1451.29
310.00,1.384e+11,1042.47,1455.17
311.00,1.379e+11,1045.73,1459.14
312.00,1.373e+11,1048.98,1463.17
313.00,1.367e+11,1052.24,1467.27
314.00,1.361e+11,1055.50,1471.41
315.00,1.355e+11,1058.76,1475.60
316.00,1.349e+11,1062.01,1479.82
317.00,1.343e+11,1065.27,1484.08
318.00,1.337e+11,1068.53,1488.36
319.00,1.330e+11,1071.79,1492.66
320.00,1.324e+11,1075.04,1496.97
321.00,1.318e+11,1078.30,1501.30
322.00,1.312e+11,1081.56,1505.64
323.00,1.305e+11,1084.81,1509.99
324.00,1.299e+11,1088.07,1514.35
325.00,1.292e+11,1091.33,1518.72
326.00,1.286e+11,1094.59,1523.09
327.00,1.279e+11,1097.84,1527.46
328.00,1.273e+11,1101.10,1531.84
329.00,1.266e+11,1104.36,1536.22
330.00,1.259e+11,1107.62,1540.61
331.00,1.253e+11,1110.87,1544.99
332.00,1.246e+11,1114.13,1549.38
333.00,1.239e+11,1117.39,1553.77
334.00,1.232e+11,1120.64,1558.16
335.00,1.225e+11,1123.90,1562.55
336.00,1.219e+11,1127.16,1566.94
337.00,1.212e+11,1130.42,1571.33
338.00,1.205e+11,1133.67,1575.73
339.00,1.198e+11,1136.93,1580.12
340.00,1.191e+11,1140.19,1584.51
341.00,1.184e+11,1143.44,1588.91
342.00,1.177e+11,1146.70,1593.30
343.00,1.170e+11,1149.96,1597.69
344.00,1.163e+11,1153.22,1602.09
345.00,1.156e+11,1156.47,1606.48
346.00,1.149e+11,1159.73,1610.88
347.00,1.142e+11,1162.99,1615.27
348.00,1.135e+11,1166.24,1619.67
349.00,1.128e+11,1169.50,1624.06
350.00,1.121e+11,1172.76,1628.45
351.00,1.114e+11,1176.02,1632.85
352.00,1.107e+11,1179.27,1637.24
353.00,1.100e+11,1182.53,1641.64
354.00,1.093e+11,1185.79,1646.03
355.00,1.086e+11,1189.04,1650.43
356.00,1.079e+11,1192.30,1654.82
357.00,1.072e+11,1195.56,1659.22
358.00,1.065e+11,1198.81,1663.61
359.00,1.058e+11,1202.07,1668.01
360.00,1.051e+11,1205.33,1672.40
361.00,1.044e+11,1208.58,1676.80
362.00,1.037e+11,1211.84,1681.19
363.00,1.030e+11,1215.10,1685.58
364.00,1.023e+11,1218.35,1689.98
365.00,1.016e+11,1221.61,1694.37
366.00,1.009e+11,1224.87,1698.77
367.00,1.002e+11,1228.12,1703.16
368.00,9.947e+10,1231.38,1707.56
369.00,9.878e+10,1234.63,1711.95
370.00,9.808e+10,1237.89,1716.35
371.00,9.740e+10,1241.15,1720.74
372.00,9.671e+10,1244.40,1725.14
373.00,9.602e+10,1247.66,1729.53
374.00,9.534e+10,1250.91,1733.92
375.00,9.466e+10,1254.17,1738.32
376.00,9.398e+10,1257.42,1742.71
377.00,9.330e+10,1260.67,1747.11
378.00,9.262e+10,1263.93,1751.50
379.00,9.195e+10,1267.18,1755.90
380.00,9.128e+10,1270.44,1760.29
381.00,9.061e+10,1273.69,1764.69
382.00,8.994e+10,1276.94,1769.08
383.00,8.928e+10,1280.19,1773.47
384.00,8.862e+10,1283.44,1777.87
385.00,8.796e+10,1286.69,1782.26
386.00,8.731e+10,1289.94,1786.66
387.00,8.666e+10,1293.19,1791.05
388.00,8.601e+10,1296.44,1795.44
389.00,8.536e+10,1299.69,1799.84
390.00,8.472e+10,1302.93,1804.23
391.00,8.408e+10,1306.18,1808.63
392.00,8.344e+10,1309.42,1813.02
393.00,8.280e+10,1312.66,1817.41
394.00,8.217e+10,1315.91,1821.81
395.00,8.154e+10,1319.14,1826.20
396.00,8.092e+10,1322.38,1830.59
397.00,8.030e+10,1325.62,1834.99
398.00,7.968e+10,1328.85,1839.38
399.00,7.907e+10,1332.08,1843.77
400.00,7.846e+10,1335.31,1848.17
401.00,7.785e+10,1338.53,1852.56
402.00,7.724e+10,1341.75,1856.95
403.00,7.664e+10,1344.97,1861.35
404.00,7.605e+10,1348.19,1865.74
405.00,7.545e+10,1351.40,1870.13
406.00,7.486e+10,1354.60,1874.52
407.00,7.428e+10,1357.80,1878.92
408.00,7.369e+10,1361.00,1883.31
409.00,7.311e+10,1364.19,1887.70
410.00,7.254e+10,1367.37,1892.09
411.00,7.197e+10,1370.55,1896.49
412.00,7.140e+10,1373.72,1900.88
413.00,7.083e+10,1376.88,1905.27
414.00,7.027e+10,1380.03,1909.66
415.00,6.972e+10,1383.17,1914.05
416.00,6.916e+10,1386.31,1918.45
417.00,6.861e+10,1389.43,1922.84
418.00,6.807e+10,1392.54,1927.23
419.00,6.753e+10,1395.64,1931.62
420.00,6.699e+10,1398.73,1936.01
421.00,6.645e+10,1401.81,1940.40
422.00,6.592e+10,1404.87,1944.80
423.00,6.540e+10,1407.92,1949.19
424.00,6.487e+10,1410.95,1953.58
425.00,6.436e+10,1413.97,1957.97
426.00,6.384e+10,1416.97,1962.36
427.00,6.333e+10,1419.96,1966.75
428.00,6.282e+10,1422.94,1971.14
429.00,6.232e+10,1425.89,1975.54
430.00,6.182e+10,1428.83,1979.93
431.00,6.132e+10,1431.76,1984.32
432.00,6.083e+10,1434.66,1988.71
433.00,6.034e+10,1437.55,1993.10
434.00,5.986e+10,1440.43,1997.49
435.00,5.938e+10,1443.29,2001.88
436.00,5.890e+10,1446.13,2006.27
437.00,5.843e+10,1448.96,2010.66
438.00,5.796e+10,1451.78,2015.05
439.00,5.749e+10,1454.58,2019.44
440.00,5.703e+10,1457.37,2023.83
441.00,5.657e+10,1460.14,2028.23
442.00,5.612e+10,1462.91,2032.62
443.00,5.567e+10,1465.66,2037.01
444.00,5.522e+10,1468.40,2041.40
445.00,5.478e+10,1471.13,2045.79
446.00,5.434e+10,1473.85,2050.18
447.00,5.391e+10,1476.56,2054.57
448.00,5.347e+10,1479.26,2058.96
449.00,5.305e+10,1481.96,2063.35
450.00,5.262e+10,1484.64,2067.74
451.00,5.220e+10,1487.32,2072.13
452.00,5.178e+10,1490.00,2076.52
453.00,5.137e+10,1492.67,2080.91
454.00,5.096e+10,1495.33,2085.29
455.00,5.055e+10,1497.99,2089.68
456.00,5.015e+10,1500.64,2094.07
457.00,4.975e+10,1503.29,2098.46
458.00,4.936e+10,1505.94,2102.85
459.00,4.896e+10,1508.58,2107.24
460.00,4.857e+10,1511.22,2111.63
461.00,4.819e+10,1513.85,2116.02
462.00,4.781e+10,1516.49,2120.40
463.00,4.743e+10,1519.12,2124.79
464.00,4.705e+10,1521.75,2129.18
465.00,4.668e+10,1524.37,2133.57
466.00,4.631e+10,1527.00,2137.95
467.00,4.595e+10,1529.62,2142.34
468.00,4.559e+10,1532.24,2146.73
469.00,4.523e+10,1534.86,2151.11
470.00,4.487e+10,1537.48,2155.50
471.00,4.452e+10,1540.10,2159.89
472.00,4.417e+10,1542.71,2164.27
473.00,4.383e+10,1545.33,2168.66
474.00,4.349e+10,1547.94,2173.04
475.00,4.315e+10,1550.56,2177.43
476.00,4.281e+10,1553.17,2181.81
477.00,4.248e+10,1555.78,2186.20
478.00,4.215e+10,1558.40,2190.58
479.00,4.183e+10,1561.01,2194.96
480.00,4.150e+10,1563.62,2199.34
481.00,4.118e+10,1566.23,2203.73
482.00,4.086e+10,1568.84,2208.11
483.00,4.055e+10,1571.45,2212.49
484.00,4.024e+10,1574.06,2216.87
485.00,3.993e+10,1576.67,2221.25
486.00,3.963e+10,1579.28,2225.63
487.00,3.932e+10,1581.88,2230.01
488.00,3.902e+10,1584.49,2234.39
489.00,3.873e+10,1587.10,2238.76
490.00,3.843e+10,1589.71,2243.14
491.00,3.814e+10,1592.32,2247.52
492.00,3.786e+10,1594.93,2251.89
493.00,3.757e+10,1597.53,2256.27
494.00,3.729e+10,1600.14,2260.64
495.00,3.701e+10,1602.75,2265.01
496.00,3.673e+10,1605.35,2269.39
497.00,3.646e+10,1607.96,2273.76
498.00,3.619e+10,1610.57,2278.12
499.00,3.592e+10,1613.18,2282.49
